s0,s1,s2,s3,s4,s5,s6,s7,s8,s9,Y
0.021631155578597114,0.04758210423727679,0.04474508434134799,0.042388946907612246,0.026784425371584642,0.015011811167172286,0.027227573860244894,-0.0015164791145362289,0.04178967730838922,0.011535270906460953,1.0488012657984542
0.03355399740365515,0.01224170219027158,0.029346085477615094,0.02167839589281627,0.008824804172714609,0.03786616002228315,0.01758164630140584,0.020585452633219353,0.040068254867293464,0.017872321353326774,1.05064508183604
0.003944309035080251,0.01898737871865342,0.01989223971433717,0.004945370474989226,0.021919802747034846,0.016490363409685023,0.006092201047055219,0.002691382733120161,0.003930051067210779,0.023957648985505745,1.0290515375530183
0.0007957793874339677,-0.009816002796479546,0.004677527533047876,0.01573557996452649,0.005551405381165958,-0.0010855301407203966,0.026030191810821317,0.01991099111871974,0.015798718331451682,0.010404182184488372,1.022056625722049
0.009952984728753902,0.019904646774920064,0.022533226582006315,0.04979324066600098,0.0363904842975894,0.012035517498488295,0.02499649097052536,0.015517655005872563,0.02788436026673892,0.019322364520449296,1.05848418910779
0.008814491259160315,0.03638328371035627,0.028924814857882956,0.046123845685912185,0.01893180546706781,0.03911522274336114,0.0016236043011674658,0.026228191063351503,0.03334537066380072,0.030805102455226364,1.0717087669924021
0.0071524059506235145,0.01433199604072814,-0.0007286086767976322,0.007883522722719416,0.004613713356026779,0.016301287834575746,-0.0011752712467607814,0.01316993915842553,0.008297139380680527,-0.017532859067358457,1.0095178338883624
0.005490679143973545,0.017443449288386897,0.020386383753405513,0.030302331159749785,0.01107169096522197,0.022233618119763814,0.02059575223313935,0.009361211483358698,-0.0030309533322420805,0.00970174748608343,1.0340126362527293
0.022063789929432726,0.04870046879014975,0.021317488519492934,0.04035532081486124,0.008423873880372117,0.02192346443059007,0.025709142101209004,0.030285658057912265,0.01025797189113608,0.0234814006102147,1.058152116298173
0.013168013933972482,0.038314055840776844,0.044178487735863345,0.02434285125526694,0.02795873913474496,0.023649233892436505,0.02626900887570803,0.019855902313126162,0.03494223783127234,0.02871519473400302,1.0573918361618522
0.005429405734398058,0.034426949983357054,0.012470850258888774,0.010307300107835475,0.006511751331993223,0.015179777022593564,-0.0007688646482242358,-0.006124464199623897,0.0029235301847285906,0.014180712356023664,1.0196346983176194
0.013599696884127252,0.020706825056543508,-0.015172823402692374,0.030503248072840463,-0.0007320810170821602,-0.002974582089424962,0.01924977062379949,0.015721629637863076,0.013398523541080407,-0.002886430043882905,1.0214616150368734
0.004427485479465162,0.0049946981731565036,0.004110681098719487,0.03182579542347037,0.007174920493952815,0.014090303214056707,0.010463222309302342,0.016282253396290747,0.0057728605993764455,-0.0008555338076329209,1.0282678041722653
0.019919278036080394,0.03058920593160703,0.013813390148852824,0.030718698250626023,6.088056639015106e-05,0.02708948571780006,0.014471871089245903,0.021179874661992143,0.014290832896850729,0.01617955235542013,1.0446510787948944
0.023413305161852062,0.024575566450130985,0.02242111654679396,0.007525807559462867,0.01286792845294089,0.024885641852929265,0.01557355019234018,0.009118320036297856,0.018539594005231207,0.023290667499383272,1.0366767733185227
0.013423424087920308,0.025249182953409565,0.024565628644797083,0.02858301870704219,0.025613083030383697,0.026465983026811545,0.011592383661253428,0.02480584730276816,0.01871431607328798,0.0273700953012835,1.0574085797431798
-0.0036952061946377637,0.027297286942361304,0.016229334984317834,0.006394104801819398,0.00792543534190317,-0.0030354708068737425,0.0010353023028596357,-0.00034925990682432677,0.01775533058055127,-0.001125912491194551,1.007885775145821
-0.011290321507557422,0.024234103266849286,0.02540690180976491,0.01026642076813873,0.007691931145757981,0.013889212479621722,0.009063565108152248,0.006200853520807221,0.0113055306124965,-0.009530156955742945,1.0115485535977127
0.01826717947493285,0.022947596939606178,0.00033985089995343214,0.009419012587501576,0.024142964201293672,0.004599646606185439,0.012141847933188323,0.017162510945466218,0.008511363725864888,0.014655154042425431,1.0310942258719027
0.020063105512970487,0.022530838103343245,0.018285165980899458,0.02619404813166422,0.017099195645754763,0.021884177668167682,0.020892437303867556,0.018162484393510106,0.01789751598183421,0.010353973749391239,1.0419859640202318
0.010533473808322145,0.012040263264298363,0.017299397914148217,0.011953466288539853,0.01594604582968873,0.007878821632919066,0.02523426275894986,0.01678507136803775,0.009230361543072298,0.017640543280557065,1.030826400381773
0.019727922927353394,0.020226339638292488,0.02600212853536005,0.03017888523366971,0.004004386741449218,0.01744625175453741,0.027826896318535542,0.018312977497877907,0.016219803393021877,0.015413352442651202,1.0408115252250325
0.012596548213135935,0.00906835115682824,0.011109205902102242,0.026659452838059438,0.007021205105834162,0.02890445227315351,0.01825271590909404,0.02593663025379061,0.021417111974706964,-0.004214151786658786,1.0357269455468912
0.01828533851634513,0.03894995133030977,0.028421042949047556,0.04059168348365104,0.008233333764033707,0.027757412356757494,-0.0032398832324733,0.022601569695685168,0.009988226326885792,0.023229700862401302,1.056230755821554
9.215011190540166e-05,-0.006410648896496653,0.00737276133936299,0.024997641748854257,0.002409741924158007,0.004054141375253875,0.004457632208263815,0.012852473687022338,0.017237847980302007,0.011340829946354996,1.0253167139273216
0.008944730166306343,0.058733559628439666,0.02328405930945173,0.04356120046189161,0.01745325464432288,0.02516851277211793,0.009844478834274892,0.015094722058053806,0.00932285209036961,0.0081043093981692,1.0494822313071621
-0.013980083785099818,0.01041610721921226,0.0034832466589238414,0.023186643295462595,0.024292402865365978,-0.0025079839784209017,0.01721826736037608,0.003333497640473068,0.01427706230032284,-0.009039011970864185,1.0146307176000204
0.008292623446855841,0.0397660648709039,0.006587090389483113,0.03853822359701803,0.020146060550761333,0.012482690629687963,0.021456228943314122,0.031128335412577014,0.037232281070425005,0.026166055228551123,1.0599294577154577
0.004509038328741876,0.03597931363472515,0.021636719969303386,0.0430762179756187,0.014858226400322227,0.027773794630663616,0.004974371663247318,0.02579149412367133,0.029360950427784697,0.02079142264281382,1.0594849714403292
-0.004909014410313835,0.023455980303407512,0.015245211965095592,0.026353140810811155,0.024322540646331856,0.03458007625660805,0.01493571735937846,0.015424665975249512,0.033728429133990545,0.024796198300390492,1.052799581142374
0.01046117489350519,0.0192708285406871,0.022412301742561185,0.04030877334502933,0.012510540863014875,0.010956931194148261,0.0024289170390326166,0.025978990125127274,0.007540838566785293,0.006936530760799896,1.04282799110746
0.01589100035741048,0.03355541104186359,0.02741058944122321,0.022207680978062295,0.020620543382629974,-0.001981957897819884,0.033497379667356886,0.02190204396257945,0.031662891843641676,0.02167189857657887,1.0428758759083057
0.012002259299824456,0.02446615397577559,0.02593458587366343,0.012751122580786702,0.02377335258970524,0.012127391664306991,0.010801620744656496,0.019546676543710183,0.017654382120001717,0.007483467908582373,1.0335616228232503
0.00395957414579728,0.024511280749450425,0.024119163084716472,0.03181903955993169,0.01443725992304495,0.027304225285327284,0.002922674713449095,0.031522932318268596,0.016960464126924514,0.016940277513086514,1.0521697639261287
0.014072479912159293,0.019911832743681804,0.007917971397671269,0.01880963930810262,0.010516098591060398,0.025636968943050887,-0.005447103896849681,0.0035580391054431224,0.021552089802501513,0.01577627576746835,1.0343102142622784
0.010647450132428456,0.0071582316767337395,0.02736874616463399,0.012065243058219351,-0.001674474423727432,-0.001940803567704279,0.0028278590285226142,0.014351468219127916,0.02254183760312987,0.021775057195486554,1.025508281889771
0.0001980840643196185,0.004506478929632667,0.03139979121307187,0.03871605099752864,0.020904659511631944,0.02867271068196956,0.013759734731655609,0.013943729266794401,0.006737819102458655,0.020074437734215,1.0493040811694954
0.010119121093035833,0.017041414989582424,0.01212842346241168,0.007459023544405018,0.02494765639505277,0.01923846314545851,0.02173728890721203,0.021032376470567257,0.024185521171558422,-0.003022929446154605,1.028662622647467
0.023409403055104812,0.023140724931822936,0.03326795639012667,0.030655992734166863,0.051784845629613,0.030891411310138065,0.011593016603750134,0.006531835201597915,0.04152311716175011,0.01877533008485805,1.0602722999906895
0.014558005679751742,0.012100810427101937,0.03266072238935014,0.01320488501099775,-0.0025248263347897627,0.0032188916841360826,0.010038196096753944,0.012910679648781452,0.012296976801104424,0.01121554314221658,1.0215072342254539
0.018352049747530384,0.008612768382408091,0.011498174170147342,0.015921102193620612,0.005920672440979689,0.01513092584812927,0.0005127896604587489,0.012474281259178075,0.02058059917417847,0.008999394894027467,1.0282158526913217
0.0005829974502763614,0.023450128798532872,0.040678670498737385,0.027361751457605152,0.023757520867010804,0.014644499758258336,0.003997696632405031,0.015958065806431394,0.031971391056421605,0.015921835700591358,1.044380510945786
-0.007599085505525777,-0.009563504347263316,0.0076725428229343084,0.00702445973988407,0.01007698281352028,0.014804780383872632,0.01841244319276341,-0.008721258742313633,0.004721517238369175,0.015252472849693438,1.013514295164516
0.020389695786853068,0.01612415359616598,0.012197131530478135,0.02184949033472801,0.018447698772940804,0.010529675416879412,0.01848691930928567,0.008100374731058676,0.02033879243924986,-0.006566336363836335,1.024737624676816
0.0016017773206429258,0.013329276720734855,0.020168494500987726,0.007329235323803527,0.008654305571005924,0.015365696777732364,0.0033291141186986267,0.012533541930687654,0.008195710486184928,-0.013890860864367058,1.0115159284450606
-0.005160568696950318,0.03278852523302994,0.045253170416211866,0.043596092266724104,-0.005560355284026958,0.026311199863804875,0.01935890808456313,0.01395766984427027,0.034029300251156996,0.015977483297670323,1.0462056325970188
0.025051139962081213,0.029162857306344967,0.009425845277904804,0.02793118870917094,0.009587783557011662,0.008461411342915448,0.0029796813343280944,0.025327152824942696,0.021594832203183582,0.007024985049797694,1.039100774418935
-0.0014020774148438544,0.02239539268498084,0.020055556287799873,0.031426787840615436,0.0006242542809306115,0.0172896670311065,-0.0016932653987945011,-0.0012611836464930474,0.02407187211502381,-0.011233072650207841,1.0189247858576254
0.020478480076509556,0.029770257263860032,0.02476531078860693,-0.0042056245675470005,0.014245047114087663,0.010802107052945273,0.012655840510184339,0.011797567769215669,0.0058130413157834095,0.03409842918291376,1.0322962642376468
0.009991263352063368,0.024275378379699546,-0.002333276841734358,0.019622660779985875,0.013938218394336293,0.019846058437732593,-0.00045454096390388533,-0.007496544327545519,0.014795745053627216,0.0033028349006172285,1.022455369270407
0.000982579182889836,0.016139654073836187,0.02049787001397052,0.0006825847302348483,0.00929147816211997,0.019455405377489073,-0.0009742096977543076,0.028106216926420104,0.048525725154844525,0.028305407323998288,1.040854342227066
0.022766747207351737,0.023256216805750587,0.007343275285853155,0.009123417931338765,0.004225960065865715,0.027939046258062924,0.012864266203241258,0.010285306564185439,0.022413936524793544,0.0005199266014007022,1.0252587793440857
0.01570378664377927,0.013464550429579926,0.017894037225825617,0.019092296280517666,0.0069154889138110425,0.013680912762865786,0.019358095317278654,0.006574311517108458,0.012680758987849535,0.013152659265190731,1.0283492580186218
0.01636225594415148,0.03224040151597016,0.015062238541369679,0.022776352862894176,0.01695664261536101,0.00913952144137255,0.02088463851214488,0.008641017973243155,0.011473542110326626,0.0022734463215532807,1.0284923465218527
0.02019270071804135,0.034009817712670254,0.01938536360297542,0.04830592545242851,0.008743198533140619,-0.007339054102040426,0.01831776261398061,0.0035843088742353165,0.011302884428428094,0.0179471429501367,1.0389026934414458
0.01275648235772994,0.01220569621669015,0.012559016936755936,0.03346074014567716,0.006514864589553542,0.007305212915744085,-0.0008351020395819687,-0.0014829101017873984,0.019724071142426865,-0.005848342932714707,1.0211475843691447
0.029072763588049916,0.01625069220016448,-0.0036221150450836993,0.012945935625490016,0.007999542844772426,0.0004417360798312118,-0.003287897338561379,0.009641649169390079,0.029521037763858553,0.014166288796302192,1.0268479847712388
0.015260652897794375,0.01390624050863922,0.01474253760495638,0.02576042094105627,0.008470817795639882,0.012955803014272639,0.018408870872172974,0.0033680772010745673,0.02154277990872531,0.014743294834987302,1.032074235905061
-0.0042524692192525086,0.02503158793426051,0.009462318444643767,0.012700024662473318,0.007931635219407106,0.007515644743491953,0.007058650560605962,0.009276956370741041,0.02794197440122809,0.012209212209340545,1.024651015086531
0.00776314381417798,0.017393172067417913,-0.0015366925939068188,0.021708716349102136,0.01997342980976316,0.023307801361884407,-0.011863006528348815,0.0037332039018895804,-0.002554843332962846,0.00925303570713672,1.0306751324981658
0.0027457606878129523,0.013799390379590371,-0.005493634737964621,0.013861132293335212,0.00915453704905293,-0.013988247387999943,0.021449268813607703,0.026697745886443976,0.027730298685712307,-0.0017833225816005546,1.0183294520613544
0.017745392341010413,0.0392716998855957,0.034589751619054775,0.024393592040400022,-0.0026164038219112194,0.03769174835845969,0.019569146328168918,0.028902309930052508,0.001810208345699088,0.014453898371499142,1.0458967828170236
0.014254827753766006,0.022387992450588125,0.028005590980801954,0.0028978203597951006,0.002013871555084267,0.0010270729645099914,-0.0014787122721034518,0.007815282934462965,0.018151666597876988,0.01743464426064737,1.0199203390416824
0.014431714444575174,0.023967676603864813,0.03586938703083649,0.016973248319585906,0.0043352223122910954,0.01119916740313441,0.011296518416153353,0.020503500648378435,0.023604952755127646,0.008357471233514874,1.0315203493478668
0.020493825058331173,0.013995278951755718,0.044131137360096925,0.03793442683379825,0.020901614359005984,0.0192711707985629,0.011409378494445985,0.014256130635183205,0.01791292905055852,0.008366211682352225,1.045511962775222
0.007149714288304164,0.02992900982184084,0.00987269338128061,0.028463088356321845,-0.0003275108388483064,0.03773441162414096,0.00636855002235662,-0.005478031105744704,0.02801968682596754,0.010684511582371038,1.0339545507159915
-0.01148247571526555,0.01543777723052752,0.021938664358522625,0.030251878389436732,0.011549958881940561,0.0007269868940963618,-0.010597595658952755,-0.00965131724028314,0.0020289028667042804,-0.0007494174643678207,1.014178830989129
-0.00019941548613172655,0.02131696447276698,0.01775711295081438,0.02395716026973424,0.01734350502747076,0.028093072621988516,0.008701724176584226,0.0033533483078177564,0.020292646492688582,0.01645830453817709,1.0380737303468148
0.007912429428905738,0.03718591893693855,0.03905214406476114,0.03563468645041759,0.008981818191755994,0.030408189362555196,-0.004028878953926723,0.03852980145857385,0.0328954225923997,0.026558095663450895,1.0643487802514027
0.0031015972580518154,0.026238739940482855,0.016657120901519704,0.03441522133935139,0.03834759301955726,0.030000408676628565,-0.0028417390272482673,0.01663164687736031,0.038709541006465724,0.026423683397513876,1.0624073652153652
0.013477023307601005,0.005031587054562727,0.0049786353668164855,-0.0004155317827473203,0.0004789315583705071,0.009592498509549808,0.027577110518105002,0.007625728792313838,0.008940870848739506,0.00961606134431289,1.0132325235330113
0.021420893327186136,0.03595967408079545,0.02120798893571059,0.030944804603629476,-0.011253813574442982,-0.003550910446960681,0.010787332169523316,0.00925798836763815,0.012585823032048495,0.010035355678575636,1.025296568611168
0.012898272950031767,0.013173212947135764,0.031881209148932346,0.012960193798473208,0.006317938554910675,0.02073595490451336,0.003128464720569238,0.01574866734219197,0.017517416086439086,0.009205017649177385,1.0300019617422316
-0.006838266909711673,0.021161323706442768,0.026463074507785164,0.012235788218504916,0.0021259077149912414,0.019831710339754824,0.015058146290769302,0.032920509607792824,0.022119947643625373,0.012558847945646063,1.0348535825297331
0.020210367007707727,0.039924055036690005,0.03180057125446762,0.03874923244588438,0.02079301399984331,0.0256033563715455,-0.0029094340034509416,0.01026322155795347,0.03465854650817513,0.03633253312163015,1.063225314314114
0.007186653172329988,0.030233887167496778,0.0016539928398965533,0.017710153653644155,0.013652598765342267,-0.009192909323447615,0.009222596005057749,0.0036987442132171817,0.02273710537438233,0.005372831215931099,1.0190172895672185
0.007041716011123016,0.020847574621796854,0.023155381295359205,0.012244842804962606,0.01222795355426379,0.007730013880553039,0.0019093999102911966,0.0027678397919412116,0.01773089139090322,0.004886429925205141,1.0201040019502507
0.02373436888282631,0.013632705909267934,0.02670098782207953,0.027376823924140398,0.02068403566906538,0.012935833884701237,0.00029620619444493956,0.024847717343266004,0.012590788142763022,0.020242516401943748,1.0477267130975985
0.0041229966790311216,0.02288261240832938,0.03241433115162541,0.04055802517060058,0.006780474172863619,0.03536117487119854,0.015334312349458699,0.02539626908686825,0.007574866500373709,0.016557697983211418,1.0527297365281376
0.03025462950446005,0.01978975622886233,0.025909227458506538,0.015030305667508447,0.01572884718216883,0.012540803237787935,0.015536859746494797,0.031195834233547926,0.027871945024344924,0.015126250295086591,1.0433865440843568
0.014191109366748632,0.029103180176562316,0.03504973612563313,0.031316274364929446,0.006736483902119262,-0.0018475569702265382,0.00700347563740184,0.015568482460356893,0.013154751714318945,0.009279701981782445,1.0324850378283006
0.02462622715759987,0.02162885376303988,0.032483849103605245,0.018547691514216216,-0.005935808273985533,0.0015737500665643257,0.007456068698601136,0.027430294704548552,0.01170635643831486,0.0032852882615014667,1.026098623551484
0.011670708165075372,0.008589412570174638,0.019980004505454244,0.016542018189416648,-0.0015142475150419395,0.001396334965339226,0.002335816501488735,0.004408792864502449,0.009576176308410938,0.013322265081430735,1.0192688280861621
0.009213548285942643,0.020935954264558625,0.015456355859715724,0.02626342436971853,0.020522008684466738,0.0269774970464906,-0.000278212866390376,0.016426051961448772,0.023519352517822105,0.005226467321418432,1.0408721594688344
0.003925320720533957,0.03338620191114902,0.0160849471467515,0.028082152181207878,0.004691836096430666,0.007515899618100988,0.015007626369737308,0.012284044213745297,0.00366316010361397,-0.007197523601315403,1.0215031789902163
-0.0003653409361620216,0.041860104197757486,0.036924319567427144,0.023754173884627965,0.003160186368575355,0.013476908022673867,0.0028576532568487835,0.022461051991261527,0.014983345914147786,0.025744440718566297,1.042699149223093
0.0003398268860781272,0.021900473665390698,0.009356906595173058,0.03692654117674256,0.020311326250312012,0.018061303830332314,0.006624164506855022,0.030202703550734063,0.009895148486112535,0.01549655122988088,1.0502525003359648
0.0019140434210708638,0.021392650606041664,0.028899245608410135,0.01887520197906636,0.03602790074665479,0.012131177294558888,0.018837353314688166,0.014847203498044486,0.004747849043170898,-0.01121776459544851,1.026328023621787
0.01640497197563972,0.026972556253546227,0.03797313415828316,0.0403155155652459,0.010422463433841124,0.01286694834594588,0.0074448633183194215,0.038113263767901896,0.03936539242305841,0.015852458096076185,1.0571347698078
0.007397631343370977,0.02622471026583563,0.0009273140705511693,0.02150763784377659,0.0015163464301277546,0.04986208811412949,-0.010800283342911159,0.03437610859707817,0.019279010913168394,0.006783625022385753,1.047053265388639
-0.004770516212081294,0.01321799539484676,0.01817411150967529,0.014916239656997135,0.00468727596414187,0.004280288557938286,0.013833654859072616,0.0013229136259177085,-0.0021470569754709536,0.002309927585341354,1.01167613325173
0.011973987289149253,0.027175295719545738,0.034501043001880775,0.02158244631461077,0.029387780497427848,0.016785078125542214,-0.0006430706696592039,0.018238675939994946,0.009478007276642584,0.012272786008928928,1.0420532883112332
0.008186269327468822,0.03679357708475477,0.002099687865669695,0.02593299139311775,0.012111820963779003,0.01687487553566828,-0.007897739766351,0.021381691654956618,0.011111709225690922,0.0282553858873413,1.047322286034491
0.01578236515563247,0.0383271726863528,0.028463581181039085,0.05129644217070517,0.03578241948286428,0.041410361035484976,0.0184561504592073,0.013019451216862089,0.01771545209981606,0.0006700824563625387,1.059280527600455
0.020887804955890092,0.037657215157126896,0.01227260577937661,0.06151882332414685,0.023086566278695052,0.008900462785399788,0.015167436818949264,0.01978227866722675,0.016241958434118922,0.013960270772713695,1.059113756735194
0.025083584907251728,0.014862831126099254,0.020554969539555067,0.024296789285783587,0.024561096752373456,0.026373521397282666,0.010722206217592591,0.026791297900884824,0.004589730770159452,0.02080234312906581,1.0515708842614193
0.003466319344203248,0.014894255535765679,0.015981269332187496,0.033884664010050844,0.005955351461067914,0.01403671057992865,-0.00290721983488813,0.0024754187003825576,0.019805525521756857,0.01996348186838064,1.0362444954914394
0.01820506130202996,0.04465805070333908,0.03288827532926794,0.029196431104775492,0.023829391263868745,0.008302363399786437,0.011057991739724249,0.023544204412729846,0.04401269806802967,0.015466689150402906,1.050796846039888
0.011592244063934208,0.03928835151144809,0.016966167590245936,0.021572268101979354,0.016296302645362918,0.010636888232055847,0.0016545487444126188,0.018419737154972395,0.036165367365288685,0.011415139911350979,1.0394363022668118
0.006168077828425258,0.02839803800845725,0.017829328145019537,0.04733807240780675,0.02415838798983211,0.025914149866674917,0.013680380590092711,0.01601655413001485,0.02080138417650925,-0.004539772885037282,1.0462101097831376
-0.0060844411773213255,0.029734122083599015,0.005010940398378322,0.02651435751285533,0.0007907012130579007,0.028623139032438842,0.004508359891917307,0.026123210203785895,0.007934113291403162,0.01043824373403807,1.0385401609234042
0.03391039274913142,0.03255366306674299,0.023199437825367222,0.020321713511965232,-0.0028543201183019555,0.0023882197144331242,0.0044869373561406516,0.003017819151193051,0.008995966889771653,0.011366018092101837,1.0239130380964434
0.01322819438499001,-0.0008863520945860057,0.024135226516751002,0.0026826532731909387,0.025749791321295908,0.012356151244308878,-0.007337781290569316,0.02073336037411991,-0.013870313721525177,-0.006718234559886051,1.017989978287616
0.01757708819263222,0.025885823772058957,0.04708576339605912,0.048138663547304325,0.007137486287788403,0.021867824912621573,0.000862300320489633,-0.0011552181525102331,0.011090675625200701,0.012266589395176644,1.0428272747717362
0.015794500095566644,0.027178171579645825,0.03054199867605812,0.026567327361627195,0.027290678105614502,0.017483304528242215,0.03136631610020543,0.017478081927136464,0.021766379667971188,0.006644703596725051,1.0423641467608873
0.004390235507181546,0.04622797442425981,0.031721593496683666,0.044030804837091354,0.011338351518307963,0.024038846708798293,0.03396015710422956,0.007568697185851151,0.015622616666243138,-0.004416358489845951,1.0379660956733845
0.010591282700943562,0.013874490816240925,-0.000588949252716884,0.013755074483569031,0.02303905895384674,0.01089133643935507,0.030958061011086488,0.017873142305592067,0.008696571269018353,0.009535073281821637,1.0306726278606868
0.017310985835299764,0.009941231517942517,0.0011740563915966992,0.02576683590830532,0.0012767516832717773,0.021781575103310455,0.0072633389768468155,0.016201824712734073,0.01855254058268226,0.011646005010801406,1.0353717446436046
0.003541826679880993,0.02518295364144955,0.03172509915727645,0.030466494198799998,0.013397053954777093,0.023324628569669457,0.009136999290014002,0.025744850812954974,0.022047256593294855,0.024506443316668604,1.0521902920542738
-0.011475458368415922,0.023586027460505372,0.019227958134796306,0.02073654330737852,0.012340033541057314,0.006093398523455597,-0.006563943427401042,0.022050367907686476,0.014329513515797648,0.012042055469439391,1.031868891355391
0.023565667537873567,0.010001943565763838,0.01710369438904015,0.015964700248179666,0.008012150013015177,0.014383178684221884,0.009319265514842775,0.020326536466606055,0.013223758788190699,-0.003686032806064249,1.025542809355242
0.013019000437055782,0.007382155901471517,0.01568581415374527,0.01834032852527155,-0.019714992131263487,0.021592560248444664,0.0068472545683169635,0.007902348138598372,0.028004649518953133,0.012155978136016082,1.023705436127579
0.017706955430930163,0.016684362768551158,0.022445537524099304,0.02464683620537457,0.02664058773526936,-0.0025399922888105705,0.014365775818768382,0.009795520160524013,0.012305019974858245,0.002057098870713113,1.0283357622452045
0.016162550314280544,0.018246748310773706,0.022006626227168424,0.030440580254017774,0.014314445859132295,0.019252905733415638,0.015676475397108654,0.02242611854556268,0.0033356912044355275,0.01051292704059878,1.0416802372955507
0.008676852540468101,0.025321032287706723,0.005430617826032852,0.02127272067906477,0.003850366996338524,0.029802913148191296,0.0177894177349052,0.022673325116417915,0.009307379899225325,0.013698841139865622,1.0390761281530152
0.0192090984873394,0.025597421291407338,0.022638912237643978,0.022635177468396096,0.020260563061708977,0.02211064924381289,0.024400231205418066,0.027397621745268594,0.019836550136862648,0.012883064036375062,1.0465631520654832
0.006905700300362891,0.025748492879139568,0.041601640271297695,0.049019763935750624,0.017063364875595392,0.03401906742573569,0.002693546917481429,0.006787513505234098,0.020887900894359483,0.0130684159547694,1.052944041769247
0.03670907615828525,0.013500568894396187,0.018051379604515052,-0.002362091400763218,0.035159500981598577,-0.006279350767844813,0.003796773208304964,0.008291312081148796,0.011676921371348173,-0.0034559387312081465,1.0161457709524349
0.014057754309434851,0.0037198912156800323,0.003969148202711555,0.020144364789651273,0.01684139319886959,0.02823123891695072,-0.0038177138411117006,-0.002413184678926761,0.007468002824622804,-0.009455839057872836,1.020254483837117
-0.0014241142076668548,0.02125130676902231,0.01886649309574156,0.013161004865035212,0.010106624762279859,0.020078860466683862,0.024766770354718436,0.0195460053304522,0.004333911873876085,0.02135361204393979,1.0349668538031873
0.0034339390731900417,0.02067796320336527,0.015247597838415844,0.04116333038995108,-0.011183383932085518,0.020076057763151817,0.00938250505976323,0.03274453002770319,0.025063478864669864,0.000780147118193495,1.0397258443512238
0.017136924437006693,0.008745366057012623,0.0053822433229805625,0.02045923127655716,-0.0023736015274775438,0.01538034483906607,0.00518774147180693,-0.01315993640456097,0.011140997974785315,0.008241775479293223,1.0162627735384742
0.008960935636030721,0.05462219018591493,0.026126407576196255,0.020825256419379868,0.02083910189017893,0.005743627042549965,0.013088331858159132,0.008795605776063472,0.01838781559333958,0.009611998522238163,1.0333517467464977
-0.009104746369388936,0.0438263817135742,-8.116002862272945e-05,0.02298857747988691,0.004022081196709223,0.02820269939792079,-0.0036881206357842495,0.011069395640826962,0.02338516975673232,0.020874907984199356,1.0394259056507895
0.009405808694010873,0.005742896388765451,0.006728404641200514,0.01967010600604098,0.014903919113858754,-0.004595424718077936,0.01726960697205749,0.02211164582009531,-0.010331897672424364,0.019023276518495766,1.029771343524108
0.0039169733157288795,0.008465287286599461,0.009679592488562129,0.03403026795847112,0.01520291706474136,0.025769752747183912,0.004525022266777486,0.00876574945394452,0.02697825606170752,0.01707895336528854,1.0437515493231244
0.0023198975008036017,0.030278164977185374,-0.009620700315753251,0.00032165367846673926,-0.0006946619259655734,0.010639773967307564,0.013512707854408943,-0.009040632833751193,0.0009573457064669996,0.005294584594767404,1.0044988817875686
0.017503820300284106,0.027426771328820175,0.02107700706287908,0.030611075156645597,0.005950600306128756,0.03546387508989976,-0.000769026570092494,-0.011223273975680554,0.035048806389045256,-0.00022999477356080641,1.0309863609377048
0.021556290253378255,0.03326360007343595,0.010950774218622807,0.007591283969136678,0.0006300887775722956,0.02422078617413498,-0.0050352985415961825,0.015215906865564647,-0.00562997647647308,0.015448437742957535,1.0290031022672548
0.0037264256952128563,0.017617918903874222,0.019004218962811587,-0.0012875431851956144,0.012152014209205232,0.014487137077710715,0.006223554358049922,0.014920534621191856,0.01512913616105603,0.00345307774433397,1.0188381535094215
0.01655590364604102,0.017689072399578128,0.010012786266385191,0.0063414062475587035,0.02783750669674135,0.015117670429660092,-0.003736281991492448,0.0013762218594890168,0.006397865148123672,0.017627035778643985,1.0289738447422667
0.015603287749058461,0.02803308599831397,0.027848620477473333,0.03875019895855186,0.009136448527198441,0.011255121014027949,0.026494003682445276,0.03442528228389958,0.02635562664097231,0.021931932875911938,1.0549656309619264
0.03461013724388459,0.04670844430207238,0.0220268667778298,0.021424827380761884,0.030879808406954406,0.038858986967416645,-0.0018278860817011796,0.03153749241276335,0.04283506716161231,0.008125983650506676,1.059961796672277
0.02204054082132991,0.0241568773749009,0.022607660691971416,0.02676424615703777,0.028817997252673998,0.017095338705063724,0.015891508091778368,0.012467531650242853,0.05400507856075716,-0.00160056112478563,1.0411571280878467
0.02472620546377492,0.01862171212629804,0.020318174080184003,0.03742770900586638,0.031165605266984007,0.04179239698269783,0.01695824592703856,0.03509423836380481,0.024575253616740754,0.008463399564346543,1.06399468971014
0.012286411004102504,0.012919928414825768,0.030233167930529364,0.01965524944634922,0.032625752787122084,0.02078031993772818,0.030489403005498385,0.023918820999004616,0.01444932680892246,-3.3693618307698014e-06,1.03873271353158
0.017612482104939244,0.012303350818525608,0.008143155739070257,-0.00012411434667791016,0.01095379624428035,0.02051046932276615,0.019624376899380062,0.027440512837094953,0.032649799888288054,0.00814257824952506,1.0306599451193788
0.00263524962388347,0.02848308560888476,0.016716164703662204,0.006829627409128822,-0.003991991792636467,0.022330623632145337,0.017104980043818586,0.0020106679689816317,0.018848479481857423,0.03177050903033958,1.029625544273292
0.022920145101166793,0.020600310102403385,0.016057021737871935,0.023679095057432355,0.010709785163767457,0.020761546726664377,0.00197571645963781,0.02091609053499921,0.0073138563889045966,0.01052903243674932,1.0388493507807135
0.010905678836567043,0.016891179825807692,0.023749338170678647,0.023323515389332868,0.01273986119373017,0.02308734874500857,0.013316516028199289,0.0231532529086274,0.020654960696307834,0.0116093662715662,1.041336423854044
0.00809609899067769,0.046359701925882846,0.016601959666046807,0.012765910687858872,0.01978148162649724,0.012025079350705353,-0.007125067000811283,0.008717270694226176,0.0031757988554028975,-0.002617483798594262,1.0228562833389192
-0.003586198382888369,0.0428828227476433,0.012622916058483206,0.042367474428769675,0.02472400387031739,0.026549837435110427,-0.00326871959931788,0.020438982857325195,0.024966597554753625,0.017773929435582328,1.057076466861667
0.03272469620107656,0.04684118885774272,0.0231233747934494,0.04140011321918332,0.013020914414342711,0.023592109957316944,0.013046311754276884,0.022055133512686464,0.014526768628059723,0.024048079815914645,1.0594160461926925
0.016066961785856766,0.017600941134094765,0.027095616764294915,0.02066741263754499,0.010325435442631424,0.0190361154367613,0.006344183562898571,0.01482587338405929,0.0008676590572838962,0.010875926077800307,1.0331803680356226
-0.0023152046279247586,0.037199600348565676,0.032720800031594666,0.04498675442508917,0.01810596496500784,0.027653863621831774,0.01413695869561319,0.019749094188133896,0.027933307047962597,0.0020684664869133652,1.0494343693236157
0.0007066763680737866,0.03468652496049401,0.038457751072342984,0.016239226115994886,0.02702930005670117,0.03478802210406272,0.017600027272652002,0.013820508134292118,0.0016441852961383806,0.029922371983948225,1.0493512293700555
0.011944639960363579,0.02386066539732038,0.006839307548816856,0.006109561875571743,0.01398972542874359,0.023669121457929865,0.010823229994173535,0.02202271326345375,0.022889789181904815,0.01635447671619922,1.0363021663924523
0.004345681235168635,0.03475457876465535,0.03307047893878734,0.028630155564716923,0.015322005311611337,0.012318192604053547,0.009433023304513066,0.019820700317310754,0.00902590569863484,-0.004052823249396827,1.0320906803259546
0.008244822496483478,0.013695416224054239,0.030289618520118917,0.014846639727672457,0.021224986731549655,0.02003458204486175,0.006400406244426213,-0.01593897568466184,0.03597042930743305,0.0070973612379920566,1.0234643657551967
-0.004827573846837314,0.04288814834519382,0.005716493326325296,0.02642183984564637,0.0038487971140153277,0.020901937769075632,0.002819249663868791,0.014908046161852371,0.019738228027219352,0.037354690068908084,1.0481242433920106
-0.0011454379750658536,0.027674014739365628,0.02510492173716318,0.018159310189648264,0.00886861866052854,0.027355321403470703,0.016389603821411938,0.013583621879787067,0.03271419000480626,0.017956333129371553,1.039333253505077
0.0014608289150737468,-0.002398325453106479,0.04822217195785432,0.04660497445026662,0.024899550650420574,0.04961347305815743,0.04619287260756609,0.03370291149203717,0.035324058999307725,0.01718773494392386,1.0697572111945055
0.0024809135839031025,0.020228305858543412,0.02927640383568976,0.028173614946676778,0.022636818860261573,0.010902124668870583,0.020906070044904853,0.025144899913572195,0.028161220111126206,0.014175622623444146,1.044953598205546
0.008718539695494895,0.02856579752385933,0.02241052743320296,0.028154650547338442,0.013875058278041754,0.025025157561951082,0.009587198848402787,-0.016634132566325895,0.012181623263513946,0.009655275621186453,1.0279451742331083
0.00551327511744213,0.009201464807319773,0.00822652366039142,-0.012961014162373004,0.008396966942339852,0.020414220243124448,0.006752702700856813,0.009592165583976487,0.0024637719843014615,0.010215564875305384,1.0131423129453423
0.007760640147190583,0.01439215370166569,-0.004712993501092399,0.01302624892533972,0.005592140176788522,0.019996416502238372,0.00802472835994497,0.003281827092572104,0.010361418323495481,0.022933369488025462,1.0287879541550675
0.007051624505539331,0.02922980150379769,0.008164421919691116,0.007023115619723089,0.010656565833166237,0.003190789004646322,0.00395822279095773,0.010546107353153082,0.01435751482580527,0.02001883960469871,1.0258117362276937
0.0014784119587728153,0.047703973966295415,0.02677614207705873,0.022418282643718528,0.02732520115187553,0.022505021421568537,0.002215508751514038,0.013484928532545706,0.013235523629751937,0.005631684232709405,1.0391017338933495
0.02797063532946089,0.025545317584850735,0.011550463982910073,0.04802505297997701,0.007099028644938518,0.015457566761529665,0.019601534738872925,0.02872254921939523,0.021843448263587684,0.01904913976763101,1.056609995383444
0.013006807898653345,0.02926252315362067,0.02193708202224416,0.02227862255374191,0.014226984399613517,0.033343082983113434,0.004273097471227875,0.03386882606819977,0.006179879438391963,0.004279787488391151,1.0445846261127802
-0.00019690492280313894,0.01447382747480376,0.0334771103324421,0.005022281950705642,-0.002556320415568786,-0.0027923622696458053,0.009250493245133277,0.011442207973431531,0.0045249722226645,0.0019215417429229,1.0085425252947422
0.014806622702010441,0.01602719372120149,0.02247426606964077,0.018597204644704095,0.006689471113044647,0.014421280038946062,0.012472379271917194,0.007962345566912294,0.03820174123060535,0.013972777831922053,1.0325066547916275
0.019286720894798815,0.006853570464134375,0.016133405213699516,0.03351812673592881,0.004008584634365729,0.011451286358088153,0.012905246523738177,0.004946993338606967,-0.0010052922544106085,0.009443510413931567,1.0293098716380598
0.020076463245183307,0.029819947043769002,0.034690963074925876,0.03981843889069206,0.010408332857766269,0.0018273743646884562,0.018241330789798702,-0.0060716242497734635,0.012217752893214699,0.028905863089336417,1.0400852450600904
0.011671354486315533,0.019067326445587743,0.02031254554903261,0.03806099294817344,0.002999033407101854,0.022285129715924803,0.00024222934406721575,0.004745545664138106,0.01728269988736154,0.02528414984468788,1.044271883571475
0.011563106223664283,0.036648586060640725,0.03799779371863409,0.011882606638702112,0.026774427839278823,0.023946737949086246,0.0011775877229748873,0.012739721207276233,0.01964157705170311,-0.00031576712329319315,1.0329382581292978
0.02310399557913325,0.030143287663584897,0.026874700027654113,0.020805664303231185,0.024748878666794333,0.039567869484643824,0.010586722845059382,0.004847054565044074,-0.004483560675933439,0.022884652609856608,1.0467227786242874
-0.010590613872254864,0.023307961465581804,0.015865891185769754,0.024385214290745194,0.011055296922670415,0.026344266410865284,0.014542354516404853,-0.00122452857907707,0.012377420113282488,0.012683329760468258,1.0302193232277113
0.0039025751184659594,0.03606391532217453,0.019593692052779492,0.012411141207074238,0.005779324017605,0.02538838775999403,0.016558222903438967,0.008584552655834556,0.010475675543175435,-0.003436277522618587,1.0216060969080665
0.025909437642302614,0.023837349214261012,0.031014102793380436,0.017480763388427304,0.027342755360432822,0.048708467819155596,0.0059358929245360206,0.031137794263849987,0.03239801525632594,0.012187015662443403,1.0580861277318234
0.00023701146752531412,0.03983118029654763,0.03387319868289354,0.0383423451728105,0.018948576035704608,0.020811583213564466,0.0030163044589636397,0.027744823299558047,0.03920406955327941,0.003347875287596629,1.0502355701008836
0.012489773852678734,0.025353015815954852,0.037750754827359255,0.03268022890301345,0.019677503558575647,0.0017835940792542658,0.0090637275464482,0.018892548649395588,0.043551746386207436,0.014685627315538559,1.0449848076980046
0.008310833329727941,0.018748430355100217,-0.0010240404768903193,0.0052894827647228995,0.007369649113966793,0.017373127197184278,0.0029794850797522756,0.005169818552205566,0.008144806349108418,0.0036048519333016873,1.0168551388440805
-0.00893295350747177,0.02335411906854363,0.023560398148696208,0.017698720101756056,0.01976293767444125,0.04886979340260332,0.017843304103474428,0.027144331589687036,0.017554510596874878,0.014457560220898929,1.0493007581264107
0.01972222706300689,0.03541865494584884,0.04333914917249331,0.027852029003046765,0.025339435161102097,0.01926219154274469,-0.0034402434858874023,0.0029513314626638636,0.02349453621353564,0.01810799047764354,1.044886030994405
0.012266509077020059,0.0018788017538017426,0.003708816961519123,0.017100503159650043,0.01701764109190512,-0.01054687452950264,0.015586173844571683,0.003993188967456811,0.017474406352792033,0.002141782229462123,1.0156888439023097
0.02331065341155439,0.015998227970000507,0.01759896365613138,0.02051687492165838,0.016860511918292888,0.030659951576254844,0.02856932282748052,0.016964611642471726,0.03326663787975932,0.014900373184717743,1.0452824781637498
0.006081764535629953,0.03905642716890766,0.02408444026306966,0.026953296874248914,0.007778341774033359,0.010497491263041003,0.012488081882662575,0.01083743041196046,0.008813043205517103,0.010630305849674664,1.0322898697859864
0.010364723786104873,0.010209599613510265,0.009432740157188247,0.022150127356494943,0.017478567800978534,-1.1342360335175883e-05,0.0002843266828807837,0.004150812615506431,0.006112552598731037,0.014922080398771758,1.0268838638057998
0.014303637922199047,0.010808319792361222,0.010128897899348805,0.016437429297668147,0.019451847042648667,-0.008533201305818963,-0.006855105816068409,0.011912554015535617,0.008860924452880607,0.0011889882154350823,1.019661027401109
0.024192123624956242,0.005298012066612106,0.019169212574237256,0.03274689775962986,0.006206318382490333,0.004341737127940396,0.014937355616860947,0.001622006853543273,0.03246154637797488,0.023286658516324898,1.0371999264126315
0.02379208015728599,0.03587709800787046,0.01640160401281035,0.031789653248778325,0.026780122187144866,0.030285298263929852,0.022404496310588787,0.010466945292729542,0.02109305719593913,0.01932767685283371,1.0530086681208686
-0.0031025388251138732,0.02127853077564824,5.6402021493325016e-05,0.03358791892353519,0.01560368985598774,0.010287556494574721,0.012289458069937725,-0.0020564365498644942,0.008791261532455526,0.016686244852675128,1.0322708261071059
0.021421084047792555,0.008968477686805388,0.0010211822152127476,0.008137354819564709,0.01900273282237942,0.016363359612849588,0.021020653378131915,0.013417777388662941,0.002258119852463618,0.020851548390502146,1.0325747976306618
0.018528676497885234,0.018778935639815468,0.03195619042076024,0.0024207899213039077,0.04108676044776206,0.04172428869979981,0.007843896828608999,0.023668811704011323,0.025997983270299348,0.026749036856885275,1.0552142907110482
-0.0014985692119792301,-0.0006219270906838055,0.015712835145571518,0.020477966405651103,0.007192221966616977,0.016254342603158337,0.008626591515714328,0.0035439021706902933,0.01718282164765166,0.025999079901838508,1.0322444112674862
0.01707226112107505,0.03736687266441532,0.012934987840906173,0.01805024670615931,0.004472897459098193,-0.00018885187726801374,0.0023514994069428275,-0.0051973447777324214,0.014419639763648878,-0.005356230072097422,1.011885203359817
0.013943324214922488,0.020508027548879374,0.01603416007883447,0.03799228001115636,0.0008219413957914878,0.01623482159640532,-0.014367767840703509,0.02623279445949213,0.023817101060523607,0.022614997404268394,1.049889316811861
0.017521933525164936,0.03038815740300609,0.011766173658579094,0.029384668175039597,0.02638464001377245,0.02394198767621436,0.009804352428871475,0.015125593633146311,0.017967100654110318,0.01126974304654689,1.0462919081240707
0.021973685613434775,0.013762976641674873,-0.00485416079444346,0.03188157969202535,0.0122020668039707,0.014331637112790792,0.00180529168786498,0.0020916866339202034,0.0016487419575516998,0.001320171268457437,1.0275236062268764
-0.004447017802494711,0.02189810238038306,0.02484308016270083,0.0031314285886126867,0.007174975897899413,0.021864804891829764,0.028684464377663012,0.010193104922555344,0.012515854613526904,-0.008001431014771231,1.0133713605139822
0.008773713522347279,0.008868310271063369,0.024224899331771917,0.03764484245610425,-0.007370603980093211,-0.00382199915002838,0.01788790267862589,0.020818055180744643,0.018399651983010128,0.01045279532836842,1.0311376588790588
0.019419143058585248,0.025037864001346822,0.006828401228475469,0.035877395985226636,-0.008643109986917042,0.01686771704884509,0.005668352807051132,-0.0009546853546350646,0.0365989462934988,0.017564817806373544,1.0355220454516636
0.02863226571514413,0.03381060478236465,0.034488178323701754,0.021010340422962487,0.00029195137446615463,0.04384001161435066,0.00514845423423574,0.022408700605425907,0.01110882566354227,0.014603549598755455,1.0467810631633756
0.015144819531739444,0.032646681860427094,0.029751580039811147,0.037577605796777776,-0.012865088054290876,0.025654501317914247,0.005342843284369342,0.014209267068024965,0.03451419599290278,0.005062683359145569,1.0381521079872118
0.019948727788078796,-0.00637735605850916,0.010499251156760928,0.011769828775567736,-0.003247556675203248,0.00040687375707735077,0.008352799402068734,0.011652282275270674,0.0017368932641740643,0.0020967756192891204,1.0122750404484102
0.01077998359226222,0.007238454642319902,0.012983657027609882,0.0219880003960611,0.013685746344493457,0.012019637209457878,0.004754439842968758,0.014513343932787685,0.000354146048044391,0.018025139225581008,1.0340010270998108
-0.0014855646700554469,0.011688408892862587,0.024498011267041195,0.027517458164046275,0.006597462050481643,-0.0007412706742648649,0.01002906996618188,0.011455448876326517,0.018527463127961222,0.013053372253839636,1.0283463187959185
0.02002453877612127,0.040150828952867444,0.05114166676582667,0.03849751576850903,0.05328765537047152,0.048165793815976465,0.022143419310792507,0.025430839136843294,0.040518758455544694,0.0076832425938262675,1.0727301392271407
0.0028486731211983356,0.04788732037409722,0.04233500704832601,0.05839549975644402,0.02334229194139243,0.03644215726826362,0.015345951458675981,0.03098349488069905,0.02196100783525766,0.024316667056304368,1.0756195589483055
-0.005694863320532198,0.01863977049996146,0.02223893946930089,0.02525642881704584,0.024363384765349647,0.026186071285111752,0.014537618187105663,0.021869501738441807,0.010826996605100083,-0.0023224720248577226,1.0364253452658758
0.0017624586382961101,0.008241845791415384,0.02989976246446554,0.02516194392591295,-0.004115657731583526,0.013638577845949997,0.002283036673053668,0.02754629492765711,0.0207721557244729,0.0180988979229816,1.0376923805888185
0.01087969078712885,0.03402358276939319,0.013574802133791523,0.020145306986921876,0.008683688225528594,0.007369390197634223,-0.010132320619411645,0.010878591736548223,0.017179238245304915,0.018424045982586713,1.0333091189045083
0.0076492954992920855,0.05122054624420813,0.04582171371996628,0.048306589382792774,0.048184002060922354,0.05135303444814754,0.0068052081254561915,0.0150472640930627,0.053758863540818706,0.012217339534704484,1.0757796086298552
-0.0009619932628706848,0.014896816572562796,0.014257730472972588,0.026541822344518268,-0.00819654804568425,9.969272622212776e-05,0.009025374384083202,0.0205914362376666,0.02330459537614004,0.008577602510259394,1.0257429279502082
-0.009332769156295018,0.04127323848862613,0.021743880314221836,0.024627055300243887,0.007228388854881156,0.02347454382942677,0.0010573444002719389,0.02759924346348629,0.019312999552926154,0.016319259328999965,1.0437683456765414
-0.008985739882891603,0.020055843066524946,0.021805071595514425,0.015890882761031157,-0.006276098403769841,0.016794331259407536,0.014832046603524576,0.01410663339020465,0.01111491878995231,-0.010640865717341345,1.013132487993549
-0.007117085867881382,0.008897596374097814,0.02413074161885542,-0.005831311347223766,0.004782472826849285,0.02413775302056436,0.004604132403378566,-0.004755062973311111,0.031679582700825576,0.01429938608780101,1.015331913366481
0.028444934569070907,0.01799604045144596,0.023679476893073884,0.04048421647414366,0.034267024862385496,0.004426428804857191,0.000865144965927064,0.024881124694075246,0.01635957867257528,0.016956156979966934,1.0547667670889505
0.010977500603435959,0.061652429313426474,0.037315411335508586,0.053538054569965604,0.04393001477053946,0.03494287841111403,0.003009599447594653,0.020431354139098735,0.037287695009951556,0.015995524202428592,1.074810974838674
0.01785952199901774,0.034435227785559214,0.013397942630173921,0.009381468760987517,0.012215130538577321,0.012047639776805116,0.01280900097700112,-0.00792096200454306,0.012078879733917629,-0.002286341703696168,1.0138509807375653
0.016472812822388945,0.04594640323879929,0.02436370616130494,0.026129212781537365,0.02513225022486161,0.022840553814712453,0.02519924357356196,0.04670963987836044,0.019863554672975625,0.035043898156465664,1.0690096619030667
-0.002235864907969813,0.008757254317643596,0.01678323386470121,0.02681556331893796,0.017050998045275413,0.013335526068586524,0.0065613449341812135,0.00866866916698856,0.028696967251659943,0.011125994762844014,1.034070936409241
0.002358630477986995,0.009807923199868708,0.009515380533961167,0.014372118952600467,0.019746667561824843,0.010581531310411878,-0.0004736388200247514,0.003359313167403619,0.006936737621795293,-0.011083888921460372,1.0137180556765766
0.01654559578974833,-0.0033060956933925086,0.013472029765217655,0.01716706906313899,-0.009366969550208172,-0.004971127184172367,-0.0016680680908873514,0.007710730671921506,0.016630525705894145,-0.0008029776680367265,1.0101921913658523
0.006506753179466664,0.0058687559055263,0.013387890152182332,0.030332258070781187,0.017831055278822356,0.026275351396986696,0.013090210748876323,-0.004502726858246422,-0.005868481532648429,0.006367333062770044,1.0291107016326926
0.001600234777094144,0.015382559497041464,0.003923255302461902,0.020704230535941042,0.02092544607229775,0.014407328684625641,0.007889474036076519,0.021849127541854578,0.0026526252524961364,0.006335334277960368,1.033020940251211
0.0050019780626025835,0.045886520068028305,0.03044655147178807,0.028319780102427215,0.00544812819566422,0.025968345680351224,0.019508631097189543,0.012102364060061946,0.017470864856690152,0.04854915180568603,1.0569563131941626
0.009614021799891119,0.02855860735901964,0.024036775483577945,0.05123367769705937,0.03756871479575361,0.016292919806298573,0.009327659006597298,0.03852570036747623,0.026081097893324905,0.032353249750385386,1.0764073200483213
-0.0033634744415109857,0.016736406745959956,1.3560412415625223e-05,0.0047420356754989835,-0.0127121398249543,0.0011574440342677099,0.0037443865599518142,0.010671393704872384,0.01539871991190846,0.01748032508297596,1.0138121141014738
0.019666413435551228,0.005208103601623448,0.024278589655437523,0.022793321756906095,0.00861159620203748,0.023066496848789968,0.02608448825070058,0.017458159791871722,0.0134057995386412,0.03596433663531649,1.0484230037070095
-0.006203944692332921,0.02778251412150386,0.014709188883276178,0.0414759737423985,0.011523617526986244,0.02044696054158756,0.013004288479852013,0.003444813412917835,0.010618006922339955,0.012283436179799555,1.0385590879952056
0.021066272908390304,0.015053616663620128,0.04634427528644061,0.04287560004596016,0.008534584015806151,0.023108059768309996,-0.0017999509710500579,-0.0004376843309434886,0.01808386527190833,0.010918044658512309,1.0412625382320009
0.011337706443176637,0.03246971313637548,0.02308548022461329,0.03922706629339278,0.03039276568727039,0.03350451057591751,-0.0023705686651595975,0.03736050049692739,0.035902407207785036,0.02244639242972123,1.0706855350259745
0.012005707066356106,0.0021510492424493023,0.03626110479756007,0.004703494535170535,0.01600051114785698,0.00454985467288495,0.02042914473002061,0.00579153281644129,0.013622485604253349,0.0014752811156250913,1.0152292422946232
-0.008659924314525516,0.023670977990093052,0.03963942804243533,0.04209807122068991,0.011798653835032162,0.03167319946769152,0.01937625944532491,0.005094771126363777,0.022255791472444327,0.017980906347457047,1.047142557333991
0.0031880284149997567,0.02000399032284418,0.02520273718805086,0.030290878236757263,0.031106003115190448,0.014921997921505475,0.002896058292084669,0.010673856269427061,0.015580452760269405,0.010368281042388624,1.0409415079530118
0.049028354485476766,0.027804283711624807,0.026652000372156336,0.03987909890015494,0.0255624299148862,0.027588607533633066,0.04444424130754618,0.015971886897374356,0.020889737442038984,0.023715681013546073,1.0621078287488985
0.0117736331246858,0.025752760509898494,0.033625943236559,0.04576183796570723,0.022844537944224193,0.032607613780654916,0.012098251069829594,0.02592507645374771,0.00908680262877597,0.022914379494864395,1.063570757410334
-0.007478502476163605,0.016186039151240693,0.022309731153298096,0.021352553754015454,0.028981688760672617,0.027590698623190482,0.009980752980633544,0.013804156365647597,0.025239066027129803,0.019950531548724587,1.0452686225184862
0.009346023797664683,0.03266256492187879,0.030433423890721713,0.013367656639018788,0.005236074262211023,0.025798758808325717,0.008636231443848185,0.0015066632607029836,0.00475672809613981,0.010535965113558149,1.0260697997661055
0.007529008051095139,0.03468345570895931,0.009649746251812445,0.019820059754728784,-6.6560726191261e-05,0.012350473139300155,0.011915879169614002,-0.016265747773956916,0.014498656496976492,0.02371681085059027,1.023205334390165
0.011262546024229806,0.04447510032558844,0.02818512766260911,0.011964540597608982,0.02329778608995719,0.02261278711556756,0.01585030368001754,0.009286560080139523,0.022106543626551754,0.023634329753077936,1.0419865571189724
0.01676681709142576,0.018915336104346193,0.02482870229181891,0.031033629311401904,0.040961683137309544,0.03309726203790905,0.0238426897330361,0.0405255001353002,0.029723488023406065,0.012056452329907093,1.0648611768198644
0.012119764304156198,0.020151627241380424,0.001646920953584291,-0.0031322839768616675,0.010269455301156801,0.006401187657611952,0.020310439526511504,0.008066595259653806,0.007194015186993668,0.01340281347625584,1.0166463678937825
0.020145341080786076,0.03371464245010544,0.03897325388969241,0.03443629696826491,-0.005986423138223482,0.018383286805311587,0.02296539474575393,0.019582610693445357,0.020701855203022985,0.0012319616172210921,1.0359209471230129
0.007822386542203488,0.017400924482838573,0.009424129214273616,-0.011025944603797114,0.018333274256064305,0.01653189713911528,0.008530865842347513,0.009794256928664632,0.030297282838907064,0.009346374036757199,1.0196088567418669
0.015930520312601844,0.04556343473428837,0.02196417820240676,0.039178285603710145,0.0005881273620849514,0.00622390303599038,0.014625478415760465,0.019885979593708906,0.017963292270364837,0.017358518013195254,1.043734449648148
0.013212926921152491,0.021393563097470262,0.02782918737723562,0.033610824743153335,0.009190497757280657,0.002053286722259422,0.01267557818102436,0.02654162628852262,0.029243907650077883,0.005899366236166496,1.0389159335024636
0.026343098926626257,0.033612678774568805,0.020436751954810886,0.02939166850739353,0.031183589742837442,0.024959978449646564,0.007986361936617541,0.022779860964856187,0.01966959958129049,0.002472967304226373,1.0485480213211968
-0.006055519704544338,0.026630658914452928,0.03376365771918732,0.02675759494825535,0.015434219410128819,0.029419801931691913,0.0013921206017128845,0.021159085860067074,0.009057712618957754,0.01234733699447066,1.0430338610702303
0.0018270287214647834,0.04531862224553143,0.027135475142225186,0.06271223245327098,0.00654511530775133,0.031246435853844776,0.007058615958230847,0.018924691833000808,0.03872946015905915,0.011635357601487737,1.0616907219750669
0.0037055108504590855,0.023251426444973477,0.009899098676239481,0.019958217955303323,0.013342559369069733,0.031307588314374475,-0.0009427248867103265,0.009428795650394936,0.01251375865073704,0.022812929685599895,1.0409606184016993
0.014910981077449823,0.021782095675010205,0.017535123236998226,0.024622430769896054,0.02623115782377164,0.011629970933108788,0.020637011620462917,0.028965592266145278,0.022833689327484544,0.015221092729248974,1.0471741615503738
0.007559265559881784,0.023091805517043255,0.007646004515405201,0.014991660363987093,0.021516957098724004,0.005137948887319688,-0.014409397196558725,-0.003350449568177212,0.03271264745341114,0.006372391895978653,1.0233395810906998
0.01074555819238655,0.023415002191043227,0.008941907808542609,0.02698536699422199,0.02508584414181277,0.01357702753351912,0.0131002685775772,0.028455159509895876,0.028756514142502028,0.005092735025483748,1.0436396444759777
0.0024578932904858134,0.02665264224777878,0.06403110520274452,0.030462954512906953,0.009177588675046273,0.02782630852630038,-0.007205743616856431,0.019588600420324058,0.01080017455070531,0.03342120572252996,1.0540561645959492
0.013840710916748784,0.013598955279991857,0.01252922109116819,0.0005356171670395926,0.02738127499352776,0.023824742812164474,0.015908722604792494,0.012909970980478094,0.0018280444213184689,-0.002612163698812453,1.0223449147779504
0.010646456229207195,0.015112612029769865,0.02774276579298454,0.024353707727662544,0.04180785802653002,0.002743227776339091,0.00999243894521918,0.0135387202143867,0.010679110482725145,0.0060635880140712875,1.0366686992384857
0.028786830526987862,0.018824053458986478,0.013730249833731669,0.009051554516015536,0.007353164797860885,0.01401285577694466,0.013367167878588219,0.028479290771325584,0.00567675727768196,-0.01627693440827672,1.0194990887962083
0.011578324119628097,0.01167995750142961,0.030626561804033694,0.020755159160311627,0.004591754362344914,0.013860896276665662,0.013466857416421365,0.009332224898006052,0.025449987839052106,0.01282867814440561,1.0307149766212527
-0.0023880560539857763,0.00812228685022152,-0.008090266404189547,0.020347412164140117,0.010233770804275863,0.014427242657666182,0.006756017446482554,0.0004141766179547139,0.008614179337164178,0.001580640781801675,1.0185675118468018
0.007662273942844581,0.027671309835260664,0.017226637445614566,0.037357114425873396,0.00972848371489269,0.013407226544564374,0.02512023965591157,-0.007917998618738105,0.03383366951295853,0.027787869778153527,1.0413301413219684
0.00028324576005934327,0.035197906854161756,0.02538509886932604,0.05161977547384192,0.009096802350515411,0.004727934344040743,0.018559132688289036,0.010773740427619197,0.0274483644678788,0.013662550466006295,1.0447164365229071
0.032394341351960766,0.035657673462549416,0.009100345057281257,0.010522632866995174,0.009332956204905464,0.020427334484207506,-0.002585794335916136,0.02763792831673714,0.026907739055013292,0.007722300759203218,1.038015639612244
0.012620491513398044,0.009688504271069298,0.016759486672033853,0.019938323478954058,0.0021708545829792055,-0.0012821387334716328,0.009298662376435169,0.01808864517370493,-2.7417418891109366e-05,0.0065481407463203346,1.021990861219092
0.006515280131649753,0.01528346390514499,0.014302838006974874,0.018459557315550747,0.012345597563060067,0.001869803182241574,0.016227400949062252,0.016642472835325283,0.02655970875195974,-0.005273155604847072,1.021772782148322
0.019968437781067036,0.008831383913870923,0.012107881276770111,0.019548433649492734,0.02418061713028931,0.013469910779991545,0.0031674353500638465,0.0010346182156766408,0.019307210394342335,-0.015552680710362471,1.01873324866543
0.01957548660016053,0.017378721677920927,-0.010533143087788691,0.019199961201667077,0.0066557684996087305,0.012831924835788452,0.011553299514234675,0.014473670217325657,0.006918366616344675,0.01308252942270521,1.0303307511871032
-0.005994073345922675,0.049706597400395694,0.0437400052012336,0.020995147928156738,-0.00204509559000764,0.026733990770656968,-0.0021378862722086795,-0.002634138202141907,0.035723271676164736,0.014712979856948825,1.031745848693191
0.0077330046405408035,0.020359034677566584,0.009924852732719437,0.026807837665958838,0.00923422194355147,0.014147585563261329,0.03933528192833183,0.008836631737253759,0.013519872561093436,0.00977932086660448,1.0311577259414981
-0.001535238119238511,0.02767353362966433,0.005146080000086751,0.016148228042448542,0.009810115454454744,0.01710346884596564,0.013723437253106856,0.029971348323522766,0.02157212235815238,0.012121994790839934,1.037131208946402
0.003948335551743493,0.007312640387098397,0.017443676390889538,0.014851098213236174,0.02949467361029303,-0.008663443597604854,0.02251188867864589,0.004989109007624094,0.01691441257379756,0.02792783401922623,1.0312563834962545
0.012116258597030208,-0.007135591069212525,0.019309007878921203,0.018459098870513925,0.026157166061046865,0.024372160297694755,-0.014389775809995549,0.021804669047738905,0.011894091627328128,0.010619246593938638,1.039904862289711
0.004409568075800988,0.04989949702290826,0.03263700510126603,0.044685141701327216,0.007521403775927669,0.034670313824916754,0.013032872123209109,0.02762045180935143,0.02472322578508685,0.012174765494933492,1.057538716565835
0.022635149646204562,0.023202977915440407,0.03867466719170749,0.0541897020892343,0.023349998923984865,0.027908518256797573,0.03416622975754569,0.020644193332133517,0.020411972346197366,0.02515887638654281,1.0674911551414012
0.010450247321866266,0.026532487601488266,-0.002895897194723853,0.03105799574112671,-0.007270669644409113,0.021316958935609132,0.0029987878109304592,0.011225022986181513,0.0008762753415940197,0.011289722519197996,1.0313636640946078
0.010829608895340431,0.028138877130212098,0.020445675521905987,0.016683156014111335,0.012302340471295367,0.01847741666425192,0.01997030773973743,0.015018989171306701,0.0249944795635546,0.011665584933219206,1.0348932056192162
0.01638249101314838,0.04060327027999995,0.02813485362895039,0.04441895252464102,0.016660167508662088,0.004865043619325278,0.01639614993321005,-0.000883662263575509,0.01706778350606762,0.012108169842065494,1.0397209591011756
0.013960358347397932,0.02152396820966912,0.013655331121992069,0.008813446406339296,0.014837612099013821,0.009330723102830228,0.004692351916657266,0.013785013778268355,0.0014766958613942113,0.005054157996756109,1.0227298347089961
0.003443920407072416,0.012958798846728032,0.004112254336170693,0.026800588837238015,0.01673897092420129,0.006877651028637541,0.005397074740815006,0.007732270648503575,0.016569764394215966,0.009720144254028961,1.0301707329921788
0.020635359353468462,0.012917904019959115,0.017569387661316688,0.018082597749241588,0.014080980217662784,0.03360645751875991,-0.006566121652554675,0.010148871445517781,0.007154067697289051,0.0017571378687133918,1.032179372400904
0.020286756428910917,0.024120261978485987,0.020978113496839715,0.033977501422528505,0.01258426380927932,0.027132952261037707,0.012578210867413358,0.038358359188110286,0.01625118064095452,0.009251278727388984,1.0531278522474332
0.030524020735090737,0.03412866156823772,0.036233443910864326,0.02898684390806512,0.030644274058223026,0.002877137352379681,0.020153426484616887,0.025940615256172618,-0.005179417187344222,0.01321107607451656,1.0457815332263667
-0.002078823809435853,-0.010738261991506988,-0.0072965173715854835,0.01931798535702984,0.0043574375100361405,0.010406442696867094,0.000561542422520005,0.006710018650957097,0.015311488319001849,-0.010017729691462276,1.0115152331492767
-0.0021761009184745553,0.011818590569129069,0.0374864057627337,0.025658981263303616,0.021815125819100528,0.019666976685641158,0.019373784591489987,0.013834364258031494,0.008463873816230823,0.027825118328486324,1.0451564304754397
0.027542727642071857,0.02786935811462134,0.0240762521909296,0.033194895330061466,0.024258456117942667,0.027476275498673458,0.012037486509515666,0.031097153154997254,0.014398727406684079,0.006286321190285428,1.0531508630818633
-0.0002626613105567114,-0.0046540810556389926,0.019577841756395438,0.015909505150868267,0.017675282971593792,0.01684477422635402,0.021564066517296147,0.010929534036225463,0.02646832956090482,0.019401117919415817,1.0340244619710166
0.0011096297125426941,0.030124201440265234,0.043283773553975724,0.01682906456724652,0.018906757346534027,0.034140912476177,0.010954865566980585,0.013045295284164133,0.030034334756371274,0.020596764840282347,1.0455602585509784
0.005978805197792433,0.017375920211770136,0.022019731260289607,0.011815740184447077,0.002169536679574431,0.024266560069204357,0.012191977797058776,0.030669341719556986,0.012010360093487129,0.010915030317629084,1.0343110613634527
0.01623061931218928,0.012847801313587955,0.019395501661179485,0.003179639559981023,0.013769012408175702,-0.0004932157238139983,-0.011550799012030278,0.0031452970240561603,0.0040911911809686854,0.009611917140925005,1.0152283672199334
0.017100856261380845,0.02350375776183323,0.04419614560246256,0.017311232647685932,-0.008400641427446044,-0.0003136613759236427,0.019801569237187275,0.0015142824831254694,0.008902948910748354,-0.011788225058906147,1.0063216405823818
-0.0024055645936447365,0.01109230104972148,0.00574799664287848,0.033001299911983695,0.021230012985632096,0.01894186637590734,0.013912163710966156,0.022275929514419632,0.007345404876987648,0.018946452395231125,1.04596304364997
0.003590491327018712,0.033015841500034324,0.02608805067232016,0.03888718551761952,0.0001989716992403072,0.02736571892817151,0.005330137566591807,0.02209430102375176,0.018982885801840727,0.010187141976300338,1.045284359890606
0.01902533592394421,0.04295721204224051,0.020604009396250726,0.025420274457790902,0.011321779582524862,0.014882294711482467,0.000978107632558945,0.024809218604238625,0.025712618677210364,0.026120255559856184,1.050498218112159
0.01013478586902054,0.029751298243262274,0.018974607232939505,0.024530614830131817,0.004353242240627912,0.011331199521675203,0.021584796339496014,0.023349867637529834,0.029476601617395785,0.027577262023387727,1.0451966030765734
-0.00251347239765614,0.008904307776071884,0.0008021388428329588,0.02351898932661148,0.00201318496075068,0.018703400715599873,0.015594837031285527,0.0006856061358892652,0.022518658016017636,0.006517552406346917,1.0231984366464004
0.007327633463483925,0.0412982319549054,0.009022705888296694,0.0193166684833212,0.017899430985113082,0.0010009260881281012,0.02800085963361886,0.018678586456837773,0.005118642200422298,0.003986047216819234,1.0279958789686054
0.019941551758820987,0.014386007099090273,0.024320818377638748,0.04039091822076319,0.011418594096662326,0.030205609951507076,0.007095754313910935,0.01279626413315277,0.03273228072327503,0.0019564664019703568,1.0446924297474507
0.011960778250333901,0.04577052928664689,0.0017793460056094168,0.0196004325515221,-0.007714937556531714,0.010258502091853765,0.019752143245983247,0.01760146355517286,0.025014111592783474,0.01772999510929007,1.0326174045694758
0.019144022216231564,0.017879231630753212,0.024608899144795374,-0.0023250606461938036,0.016229351616375315,0.01569182570967744,-0.004173943094624538,0.006442042354440155,0.01516906830760086,0.017578803833642957,1.0255299973171157
0.003963590265288436,0.01268174501199898,0.014781930274013177,0.010860838243510779,0.013135628399661113,0.012617680113712199,-0.005267165155092814,0.011656064060299492,0.02711035418896308,0.01086602358966586,1.027392942414173
0.019509846867368154,0.012313246914457655,0.026657344376364023,0.00981278591681545,-0.003656672491792071,0.001312487425363256,0.0019152564100870335,0.0009463086462623265,-0.008504862918881551,0.009515595567005038,1.0117324024799061
0.014933911935043962,0.03701813405536275,0.03909932097913172,0.050582971933476495,0.01878405485432557,0.02355508806045506,0.0132396572607117,0.022101115986997096,0.039456324507559454,0.004732592983109721,1.056677462892528
0.008961728389123342,0.024554274705004316,0.010304541145854454,-0.0025415094938858185,0.0008947274418591037,0.021730887726983415,0.011312057014046528,0.008811383061519133,0.006375915564460909,-0.003790884417287449,1.011183866274758
0.023542783408902174,0.009102420379802153,0.0055749709554526634,0.028293024327815035,0.0028935042965600316,0.028731147179071697,0.007377041715624616,0.02628182926622169,0.00220841605445617,0.01076194569041024,1.041437055174494
0.011027693741853,0.007268735396342082,-0.008274314751257793,0.014256130208039546,-0.008257149633143437,0.0047678737341800845,0.002462358170663167,0.001851624285431338,0.01830803403137031,0.00045645725275677944,1.0101450756912407
0.008243713592284183,0.04478671196006627,0.01864363264973131,0.02603864693058092,-0.004450873841423609,0.005698969166603238,0.006900586105746483,0.028127386700051934,0.0023904288765132543,0.01839854324353434,1.0369634889971806
0.002096784547041421,0.010442624387235278,0.01006273411237792,0.022035911975158026,0.012176520497144622,0.01682727928070577,-0.01107158554878901,0.015123407398823322,0.010647936770459939,-0.003194943820655708,1.0257092918861115
0.015017254164219996,0.028687375188266365,0.03560835604727175,0.019768241986787307,0.032233327470152846,0.03521116965144999,0.023378828398763714,0.004511029459710301,0.026160025617679848,0.023789870439426448,1.0500847867674472
-0.0007592572216186273,0.028537313492229353,0.0028831963236059036,0.01807374391071484,-0.0026284137069970265,0.027289996638604944,0.027341758008944284,0.0214327524064884,0.018603482213356226,-0.0057871492468453654,1.0252660803907143
0.013967826542993708,0.006119344783359961,0.011303529628506014,0.039310581774856024,0.0034138973980417896,0.01283420492705175,0.006126148865834071,0.010990293190019724,0.02030273900601346,0.014137350434133899,1.0384643954131323
0.04009013401325642,0.015184364985005527,0.022715854708819497,0.03408251888689717,0.013987357945311002,-0.01471049694833592,0.016759608502282725,0.018113520710109823,0.01578835204503424,0.013535097728828022,1.0367547876943461
-0.001191958596114498,0.00031805197588826405,0.014158194924264011,0.010703399417625808,0.0027415090887725436,0.021128857095729932,0.015116582060576537,0.0262447141832051,0.014963673258250158,-0.00017304129665716463,1.023967914801313
0.03402489269629832,0.009044336780735513,0.0305445519651315,0.013980533190069169,0.019763237879059686,0.015306478050411639,0.021172852844143324,0.02221742303343014,0.023370703877407934,0.015437080978761892,1.0408206274202167
0.007449262731702089,0.02701269436285954,0.0037076153044983133,-0.004314039494322665,0.004189477699673667,0.014919909463263789,0.004887367020435584,-0.01122009464061293,0.014167900057013374,-0.011213436574893593,0.9988729332263516
0.00906120339842915,0.023140765743779018,0.0169353641904437,0.021938965939251057,0.019686982990786174,0.020829702883598276,-0.011212087237110004,0.015176788866662018,0.02539576218019595,0.02788057696315704,1.047611980587571
0.019740153407841868,0.016734830303688917,0.008426594520282011,0.02843534312680627,0.0006260747284640971,0.0015558931304767293,0.01721693739315104,0.010038938171395345,0.011311062748960692,-0.002936626200177187,1.021037877326182
-0.0028623476535769646,-0.011146290081569688,0.01348017289373315,0.015519093157794515,0.007544572168818136,-0.003565905358867992,0.01761901745024105,0.001360496221701056,-0.00628945445107814,0.012306077491575775,1.0128387023039778
0.0137676524337782,0.009095459241230654,0.009766722910070632,0.008248010824574225,0.0077477955791781326,0.021659330267024116,0.014222168652314434,0.005785422137784261,0.014286457768024188,-0.009006643873621718,1.0146953352071186
0.020534307244939837,0.02450955869489666,0.014344689379141871,0.018597216786015152,0.0060121164273984505,0.018144985934485575,0.0008948461666754906,-0.0004845110490500071,0.022383333225290562,0.021034156322044275,1.0329085098447162
0.02178164396829774,0.037146424506256825,0.015603092505469247,0.039224608521708386,0.021766373536694226,0.022145715358012907,0.01120003201663868,0.016601393859647325,0.01575065484805916,0.023502732048986764,1.0561001317980327
0.02852810000605891,0.015481231733546824,0.025162281266429512,-0.0028364595830605993,0.02266667106877751,0.012561954522173853,0.0051419368123129736,0.01981141224163231,0.03488127924900958,0.0065705055209284175,1.0292747706355116
-0.01925137193264162,0.05264421631443635,0.011656262774310408,0.028781868353179134,0.018279849346970866,0.015040494233969293,0.017242267083709534,0.037253675603045835,0.021600465136013332,0.016236324132255012,1.0494699122343882
0.023140277525372087,0.042893621706552615,0.03798575865689343,0.017258151814085597,0.037712081012855996,0.0037005918630826987,-0.00022705392962754645,0.03686255920739786,0.031829204499026945,0.006270011805312394,1.0480870008329022
0.02664611606527057,0.01850388259738104,0.015713413256056515,0.03218030414311723,0.014841070657524005,0.032851664362059725,0.025693529268476522,0.03493789973806931,0.02351375459941696,0.020912290903579992,1.0598017493021525
0.015394785759296589,0.031274260151866365,0.017705246790915827,0.04357222452299682,0.018381938487352537,0.011289416144274405,0.017597437592185936,0.013315625680801812,0.012218028859343297,0.026161862606571835,1.052159231345469
0.007475657297987219,0.013812911516030552,0.029706863645509243,0.03380980506158243,0.01944739766197197,0.0076187004595319584,0.01792382266554538,0.006826487416455227,0.02218295112442196,0.009382567104844227,1.0357325477479042
-0.003670820644509908,0.005868944475353312,0.009030425080462041,0.015901369791722474,0.02712271586543361,0.005087993751974784,0.015940375661763387,0.03908107400181242,0.024436133863172664,0.022086996705724275,1.0451709470030082
0.01955577119326385,0.01954726965040366,0.0005405677552122942,0.03440397023011681,0.0038521977300135387,0.006851089463713936,-0.0038309535558560537,0.0026736186457556343,0.026405384698792757,0.03484393313784714,1.0433771634957691
0.0017993571241440923,0.041029281773320256,0.05096727208634078,0.015166995904038751,0.020433147239496696,0.026027618599769122,0.01318802314284183,0.006570101347004795,0.021360192417300895,0.011953690125624649,1.0363253894214635
0.011158174648008204,0.015243571076413697,0.007628906116302875,0.016319932694114102,0.021096221029865202,0.012873223332856539,0.015285092921604976,0.014201062522495355,0.00257043786545111,0.004049213058047702,1.02774401932291
0.000222714914287013,0.026433353979026422,0.007502169774310054,0.019768703935048332,0.018629803630947676,0.004379606543767284,0.011455314090701788,0.00226176663595979,0.005803890836650449,0.003332210773308977,1.0210811731580571
0.009969204885275494,0.025147221988700497,0.020612352604803128,0.021101396723727454,0.02474941850760295,0.005774676566078377,0.007325354369974249,-0.01542163286837388,0.009960861856627031,0.009482494553776586,1.0220573530343238
0.03241031456274995,0.031343143579415686,0.02031002450583717,0.04799549064367815,0.00932928135204835,0.02142501102541279,0.013718709887209971,0.03158480353780827,0.0241712201158984,0.018532326640248335,1.0614996827814336
-0.00960996297360953,0.012471172460258627,0.03494267665270036,0.016436316679620387,0.032072179270615696,0.015320891039293242,0.005955151468937769,0.03016291017939069,0.016162492087623027,0.012589098811244261,1.0418167480105505
0.013092276640160954,0.008705805374101918,0.030808545386469086,0.01647218373664111,0.024171206101014496,0.002053604167351987,0.003913088563750288,0.019290998189877763,0.02070069773845984,0.005130864592614308,1.030590977841562
-0.003322132418173288,0.012498435357273411,0.03459267027244455,0.021467304619436675,0.026300443415572156,0.03030282516515734,0.026190843650543867,0.018990618632259128,0.030720435537454703,0.0073142556630159715,1.04239807480659
0.02239356689598264,0.03888129628207598,0.0044628855815687235,0.012161792705690691,0.011840928192531224,0.017965550399655302,0.013494455773802753,0.014132231101992508,0.026691960815421953,0.011988605723819106,1.0343245652198318
0.006254566557452581,0.01484603798424525,0.013423439261793329,0.003417842645326772,0.0036752703125120453,-0.0098705421240038,0.0013241446420942833,0.0013724939121619768,0.01465435003796785,0.023191941263705308,1.015175036275791
0.007232306203671169,0.019153494885032627,0.014109002752630795,0.022951519531714412,0.004742400589434667,0.012305362958149246,0.011347158278344415,0.013514451727087349,0.017154868649465877,0.007362675769694902,1.0288837042039738
0.022098671625027586,0.016078743209356393,0.02008360877183478,0.04569891039438638,0.02914656859497675,0.008651716855339393,0.009147877084208247,0.024505339007603502,0.023697188968956426,-0.0002282851272153094,1.0483703862902338
-0.0022665192091018815,0.02439919274596338,0.014836985993504675,0.008216875617968123,0.019230121027838526,0.015349168283178923,0.015853417536642704,0.006400266984202563,0.009588209687397199,-0.004726554842309619,1.0172787999177626
0.01020859706034978,0.0485551225193349,0.04272556675883535,0.027717022482303327,0.02589919761580281,0.03257938433772341,0.035435310047457286,0.0007110232341486708,0.01784250406202704,0.012996363904656479,1.0445315707162854
0.007776244214474823,0.017883416500719132,0.02821272096103669,0.044170629687119434,0.012408695677972795,-0.003946330049120126,0.00992930078730458,0.0049492065593631,0.019713166539520037,0.007112608785840173,1.0331578084622204
-0.007976506019372985,0.02749832391683977,0.0154963520632649,0.01959233141367903,0.00336077296300248,-0.005739490636689366,0.0054835388563001545,-0.002528468052083433,0.007417907502378984,0.018073708452080145,1.018225591556486
0.0033277238766778244,0.01981656955377821,0.006057451087869365,0.016656069891337742,0.012419958440190957,0.030484326230565365,-0.002474075190977144,0.017075930630746673,0.003767352829883743,0.026349226394580514,1.0421074070557006
0.009529497539165209,0.022496789012850307,0.03390454349117852,0.03304345930560418,0.029831805612277124,0.010383232398025015,0.005902495383195707,0.019204394641298177,0.013085755324053015,0.015104236574499916,1.0468389179596793
0.013837722688585016,0.02087480858586245,0.004203194612464892,0.038051092926421795,0.020464055725410706,0.024490415829097018,0.01709626301167038,0.0006835618009958192,0.020232195030712552,-0.005733809792557864,1.0338337745974673
0.013501639998382393,0.018116177043767622,0.020021607028392424,0.026554763136543445,0.0076370165526461285,0.020224077244694258,-0.0038518236005207845,0.015126696212640485,0.005919559622973704,0.005241671944307219,1.0330845967010636
-0.010103077347271635,0.013468168115644925,0.006275395129016509,0.03436610234127284,0.01770233695827707,0.01306154947824074,0.001958431505467088,-0.0031996456526222315,0.01459801582449807,0.0029083141666875053,1.0266656986170828
0.019291405134764354,0.03507788904716004,0.03309783042910805,0.01793702038879028,0.020117116377549166,0.016280091823177235,-0.0037127940287253513,0.023813859570818344,0.02250737556513119,-0.009660619346273505,1.0322291800122596
0.010460767980358207,0.04662508752287609,0.043967228126775934,0.0397604792789332,0.02083648560682172,0.025102708778661106,0.019671502261103757,0.029557602754062377,0.013604707720804054,0.03173815586800642,1.065776834263877
0.019413948722357036,0.0025262740296143667,0.0037679663789002334,0.019863424771777785,0.005155489681481254,0.022710853479344338,0.021119368010460167,0.0031606646993585976,-0.008998479899171727,-0.0028158922304958294,1.0186305390299786
0.010245196667479237,0.014332644411335214,0.010876572987817452,0.028835751269443072,0.01668621563159948,-0.004400466622398604,0.010214732869146145,0.0074916793529863955,0.01953220323689927,0.019275027490518303,1.0335105038216317
0.016287658667357974,0.016122177871391793,0.03626009797143219,0.03802014358440493,0.003344048968462715,0.019797759211833375,0.01377218284145193,0.012095048224609545,0.0303485939965258,0.01757236424437822,1.0449499983149193
0.004422943483418774,0.03658004390866906,0.0306370454145038,0.03755361245679109,0.03251617625860964,0.0328420479027421,0.009674547834452756,0.0164477368686402,0.027272406659202084,0.024117903228536006,1.061730741159737
0.019498741089219035,0.02673449673487955,0.015131618408443735,0.01751526441903488,0.015376666931415588,0.01938078354726264,-0.0016733087199461531,0.017974800052149992,0.02583913744733539,0.026184336548142003,1.0455610501791772
0.02266305416821437,0.029290533431501307,0.02969375361254206,0.023261868306661826,0.03814799629752101,0.04651814313468765,0.01064382449976687,0.0068078246914034,-0.009540289985254257,0.0068842016287972395,1.0464172546923691
0.014797485250699084,-0.01239014270740442,0.011226349881660106,-0.01356682190369482,0.0003161191406205752,-0.007681338381386372,-0.011475174018359109,-0.0011256111932544735,0.011194654428925994,0.023067896027416858,1.0047036353677186
0.02216156443220944,0.02225186131457285,0.03158098068588393,0.04126585536661158,0.01757702363510873,0.03711955872683483,0.01024991363394719,0.016550377486519816,0.03685803050993649,0.022287265312999256,1.0616368698264493
0.019039571069430945,0.04885243192367228,0.01283999874667661,0.0322624567389041,0.019087020176433538,0.027777394429242912,0.014543192069741119,-0.00039649271519641774,0.02238024650896149,0.010324023200752395,1.0423320162017118
0.0256413233430007,0.011247502852611896,0.014040366328389658,0.01812719113208085,0.009942669725455554,0.004417311626698913,0.006562728553907333,0.009278918589387689,0.02149587325954813,0.01236451461767975,1.0287004321889621
0.012947999132688702,0.0332141274385027,0.037345580106822145,0.04754993654732104,0.02293304631316803,0.039096827247517923,0.004060346091767728,0.03628450598405512,0.030525683987205923,0.013984220433006239,1.0695379041949664
0.004102080608293279,0.007594695048741258,-0.013673608364839041,0.03625460567110715,0.003685806215139056,0.012348110603338019,0.011189286622916808,-0.0008147381843364252,0.018444464422402787,0.008106313284434993,1.0275181558884692
0.013767225221273133,0.016800910843729405,0.023802068363270982,0.02718999802668162,-0.00071543041488948,0.034982634015174874,0.03550404311332302,0.007944984220709503,0.013001550485912648,0.025108264687090945,1.0425374333481698
-0.007280106161875275,0.03421959096274174,0.03275978738114361,0.04835061096586348,0.03546558567649491,0.018791790892552833,0.000787340420782566,0.01334247399576627,0.02374974064759882,0.0411611254224388,1.0683207596630024
0.005428722331815105,0.033077976276939716,0.02683655365507057,0.017828135718470167,0.0006178908061151359,-0.004004832902289392,0.0055302648432182895,0.01693464552935571,0.033163029524314394,0.023168309949344355,1.0323999613220525
0.015679087740865252,0.013170624830638153,0.02858359792939684,0.010252079957346257,0.008420842561411686,0.009374615447527407,0.008897431723899887,0.00010248166866032304,0.02432580268951588,0.01222059555515916,1.022338438113119
0.013985190162625791,0.021309512542765554,0.018577626953931507,0.00298148275938394,-0.008469428072209842,-0.012132901093551803,0.008908897217773642,-0.009082856562563312,0.005753946610301768,0.008301148846880295,1.0000944072876403
0.0073998640827848,0.0200598140484227,0.0026926348008333963,0.016358136723470827,0.023346977544697993,0.008519506334878654,0.003940362713198349,0.002258187858986042,0.0011205591123296717,-0.002192167970317474,1.0192917552804632
0.022713778331725908,0.010238629841682462,-0.004048069056105863,0.01803586635411072,0.002262568886071157,0.020887190830250715,0.019840956069140173,0.009302724169087492,0.02040455009261074,0.017028607381171616,1.0323695825657344
0.026148450776728775,0.029981263519517222,0.009601638892131215,-0.008909606568197679,0.010414528406124059,0.0023140397469092484,0.007127062856711561,0.015157684765605934,0.006054347435434927,0.003967191908415724,1.013730746817296
0.010158403363706676,0.019239583228733155,0.026291636780053716,-0.00499193757822914,0.0005881919220365253,-0.0023882893317122185,0.028528315513618202,0.005270326425196179,0.013545892377417636,0.004914932952429941,1.0063099840441747
0.016556621825330103,0.027672839845686675,0.013293159735608188,0.006036652712047123,0.03225519479759318,0.03120969902892664,0.02129818947620768,0.034591415334286155,0.015636481805542772,0.008502342629927282,1.0450836775437433
0.011815372651651902,0.007007470487029668,0.0185423215107958,0.01925861531862954,0.012278394215856445,0.024081048844533708,0.012692365436012933,0.027787720856690477,0.008437330437002073,0.0048224555516621056,1.0359652769197039
0.009546023788812676,0.03949608681224949,0.022590376256680603,0.02442307214393063,0.030106959095392474,0.022021089044515253,-0.009750207024641008,0.025658147162888258,0.03541883500700531,0.01293300035895736,1.051729584740983
0.009857421644512017,0.033099398683658944,0.02086470314618341,0.01857330688005883,0.021454695521646666,0.009297544547861563,0.008987308395250526,0.01983053634043082,0.005878622283421859,0.026199087355068484,1.0425522086249113
0.023513122352181975,0.022650670825178104,0.04239204529469425,0.02818552559246743,0.016178234615107666,0.03564965044798613,0.004345813233794524,0.01011890994843575,0.02334448154304072,0.022979676554254796,1.0517169299965299
0.007655790199752216,0.01024776334584949,0.013447609177038647,0.03858564019787479,0.00643517456462765,0.015329217038896578,0.0039929910671003075,0.0009650425444306943,0.013045955681550082,0.022672994885885388,1.0388107130934054
0.008210167284745365,0.015317621081589348,0.006396825206133425,-0.0003057405962494115,0.01657148594644104,0.027437312744011892,0.006228484269765954,0.0007293447481929241,0.020873764629580682,0.019568641844113468,1.0273718307830437
0.02502447581324757,0.03051666582179415,0.018360641742047573,0.02861466727049524,0.00982741766397921,0.016292465383769574,0.009005795798768531,0.03087812972849463,0.020075050818766576,0.022140344642470305,1.0513017561343903
-0.008057923353764943,0.027092124729621497,0.012850469353711246,0.01845774368571403,0.008815676075460679,0.020118000993232518,0.0048598724843438475,0.010511216836872147,-0.0007050790963196926,0.012804053332560563,1.0285941058536585
0.00546750407258134,0.011916421126331029,0.01470262401017541,0.02151402158671252,0.01246846077565118,0.008584381532325124,0.016835047087840314,0.011220029565040441,0.031176385766227006,0.018522422208081583,1.0346262025757549
0.026061272237218158,0.040207257171699234,0.030551348519937235,0.02978325315304922,0.03110356856883067,0.03651355686016718,0.03718150971221991,0.01300319365284077,0.023758749999536206,0.012186228117080013,1.0540357113410599
0.025203534198022737,0.00959136220145107,0.016099229801190603,-0.001133698140237397,0.011925236416874738,0.019375562658818343,-0.0007505235274291987,0.009253545600744473,0.014405598522996808,0.01505431054435101,1.0254869091123422
0.0019635390638505865,0.009473819873437477,0.014580566968084371,0.035010306558548226,0.004763528822454689,-0.013121626124918958,0.012679993101797545,0.011903098368170991,0.013393288229846666,0.013061288450458845,1.0269151700851789
0.0011150052034502346,0.015719028722786233,0.0006422453440592998,0.023169847679472798,0.005813581401365311,0.006987402115703749,0.00764219711966912,0.01988649613601024,0.003763433157879135,0.004140885493342981,1.0256507507297024
0.012222110979011809,0.023872209389188558,0.047163510811528225,0.01810269585106051,0.0010952334419777957,0.006148354902592929,0.021517369086512177,0.02396151117651341,0.022825487696249883,0.018324629806648403,1.035484094903828
-0.00023565893791509685,0.013676751028511097,-0.00033359149991099395,0.003462712652848003,0.004050030911701989,-0.00352626636011125,0.014726449719279357,0.0193877385409015,-0.00304604348871812,-0.004429369829837185,1.0075018475720001
-0.00037061671228948677,0.0008529794191585675,0.009315481240348884,0.014113946454880504,0.016896095631769754,0.007070801412758008,-0.010372088393835759,0.032435130698757496,0.017767882905395205,0.010266828473041443,1.0333226483219433
0.020924199425131264,0.012116338538015891,0.020993070731152582,0.02670615632093931,0.038646251755267105,0.010133889180605038,0.00950729241906745,0.006283478369541854,0.032564075340311,-0.004203025083179596,1.0347456489148148
0.0046331631167162764,0.03268958776555615,0.006278877823550193,0.020846914494473463,0.021930461132419157,0.00808845518511648,-0.014108248132415098,0.015852905622472453,0.005559368274264639,0.014579993759582723,1.0354283334496723
0.00874436360248652,0.0364652731065276,0.0251806105152127,0.03368411713596017,0.01682339626273465,0.03263949174674899,0.0253456309422771,0.027095330701250114,0.018505613392812127,0.01702313878435526,1.0551376217494706
7.01849230349133e-05,0.026970598111337285,-0.00678091924340922,0.016424492218524468,0.020237584421193403,0.0016450519882129262,0.019687336240349865,0.011136774746127525,0.0291870741040874,0.01708915344826276,1.0313578807120156
0.014275413772844497,0.035347720881807605,0.009164651455951089,0.019593892731897426,0.015916044264447555,0.011864462463504888,0.0035626335493556364,0.008929889205353233,0.024359494393475074,0.01761846982804971,1.036476922570974
0.031253069915779856,0.037405459237644045,0.033642283429696995,0.02740077970892984,0.017770067992163997,0.027750338599688004,0.02543982186627918,-0.00040333350459047235,0.01075265250863923,0.005363286936114207,1.0371008398438737
0.021921528608755767,0.021329786461440303,0.014607046765090498,0.0028804005659336905,0.006366706678213805,0.009579576449655609,0.02105761964726566,0.011839017468360101,0.011060670981450157,0.017227884287396557,1.02455686989265
0.011916804417257633,0.04171040671508073,0.02402619545807931,0.047220166596596926,0.02043262954531819,0.015122262888404455,0.00805365928720924,0.03156045668564469,0.018446791809750944,0.009682215261388325,1.0561673933228415
0.02403904805499605,0.03165839322814724,0.029025606547140363,0.03775667893364843,0.03713855571728685,0.015620586163104556,0.01437584373461559,0.01958664931570755,0.025584205440861492,0.008917122784410373,1.0535639486088921
0.0018814117469719543,0.01795645533875529,0.015510690931145182,0.04693674086605966,0.015383041532234777,0.027420702800460828,0.007485240984174916,0.0008788156688998017,0.025221087421426362,0.01896454770536546,1.0484796476934892
-0.01958691989297457,0.027993361573446014,0.01780956054153468,0.012268132310591876,-0.010322038570112692,0.006799146896298425,0.0033942168151172,-0.0009556598782812708,0.015531954413182357,-0.005918920099568334,1.0036155722082962
-0.0021541800288325964,0.01855801818489068,0.008235655322314187,0.012956864106389238,0.017316538551571264,0.008034632203631618,-0.0007765275904259971,0.000146731164417142,-0.001322943297898494,0.010607405920521094,1.0197939987441755
-0.003785671657255671,0.024638028725535874,0.01806121061053562,0.02718488560176249,0.011195763939100758,0.015934942334709813,0.0017377874956609075,0.019956007889218818,0.016964407385052754,0.02447550323904067,1.0437261056420892
0.014819873985208787,0.03006966262508238,0.010057065434074194,0.026111888063244635,0.01571600188118891,0.034476371401291624,0.03071511897368465,0.032362654514528764,0.03927329476703986,0.005398574019685607,1.0505533950421717
0.019432839680715713,0.040211307329011854,0.023094741484004044,0.009023925273756256,0.01161821721568622,0.014247089887486717,0.009890670757714078,0.009084830765716638,0.02238777829166399,0.024066692976916864,1.0353799314151044
0.02765821936088382,0.013682980482023549,0.029640206424847118,0.03399317096638017,0.011333887825991576,0.025044680133515497,0.016304707307370193,0.020666281983147586,0.03565087968669266,0.008377714441500053,1.0475184291040798
0.023596743835364312,0.035577981038967504,0.03325467053317551,0.033472449045845794,-0.0019246206521729668,0.03729576386861362,0.018152412561995783,0.051694723257593375,0.0320050057737599,0.017755151952307962,1.0643126562364271
0.012819402132893964,-0.011720196779922571,0.009845176073268739,0.016144541413610998,0.007223028847619896,0.011343900131142556,0.022003964916083474,0.017933534697266877,0.010135050406997753,0.003369398181719321,1.0232313056580054
0.007092895620012857,0.01714635871387697,0.00885872897531285,0.014529415391251087,0.0037977324749831507,0.013027697990207561,0.007860248148267768,0.016079309559158816,0.025908453127851547,0.012100997128764198,1.0289616289036116
0.013894801835863769,0.03511490644481238,0.014977197830910628,0.022970864232415036,0.010611468560937528,0.01999816639614189,-0.008727343030073515,0.033725388183146104,0.012766447265566808,0.02083238667927314,1.0488371438815125
0.006340924589519481,0.01854167177969817,0.021061765743994983,0.02366804721833945,-0.013128475921166099,0.006669126176690594,0.017218532535592784,0.004576414131805567,0.013396403676787298,0.013206497241695694,1.021160530140956
0.008084874941782474,0.03421272920340755,0.034227959368663866,0.03023540667035575,0.03798169008777382,-0.003404064818461977,0.007493903646972594,0.017167387597023506,0.03780336517711019,0.013194138675815942,1.0457006107506335
0.024123747581962843,0.0238312814744766,0.009383269453651253,0.025341813953934984,0.0069753413026120885,0.02102875851776288,0.022597215522671285,0.00013930726232289775,0.011198998087702975,-0.0059804215362232235,1.023207098482145
-0.005803807464150535,0.011850156082973202,0.023895313308507905,0.020175992403743345,0.01492125539781487,0.024346707122268243,0.00519168664617824,0.02750716582933991,0.01861073099218895,0.0074306531546987475,1.0381059757497102
0.0053946304681186785,0.02593297364908219,0.004101118862968992,0.023565141405028377,0.011135794233835325,-0.017442087256962804,-0.00016245827672349295,0.003794254782525038,0.018935428327319617,0.01713362997338672,1.023241633689775
0.0004916387720128156,0.008361943710730985,0.027211427255080137,0.006907617812378388,0.02242709203578186,0.03055218670279785,0.016099058069001238,0.034303355888453846,0.004452212390285752,0.008122690870451282,1.037900484308401
0.014471269769766527,0.03676072965438981,0.027630465915485833,0.02969693572731616,0.0427963338359494,0.02972252198695972,0.021538384040195844,0.03365160338768117,0.034419306313814055,0.010679483725647082,1.0622495616539445
0.0023320146904125417,0.030794274898894875,0.04194568113206033,0.04538047528759559,0.023329466451323055,0.03441191430114655,0.023080383370724877,0.017927656568542654,0.008182019242981795,0.025994214724744294,1.0617977902105673
0.007465793059961504,0.030675003127286708,0.013156587591435263,0.027843283226471786,-0.015327950744836614,0.00798326760427508,0.011696755710157922,0.0067381348553711366,0.03262170829714272,-0.0030414323975601915,1.0190557552526223
0.01562572662086157,0.031214524462905468,0.0003181541236254651,0.03869211615613645,0.012509555145760472,0.012158792068051547,0.01548697671617232,0.022092331116763342,0.01890431717343434,0.004028024115304298,1.0416148881123108
0.01770421628463674,0.03137048962346382,0.025679851596614546,0.01580420234878559,0.020056821630926803,0.019932506741355414,0.012268471513893736,0.013938678537679411,0.010168414911233239,0.01057532955298856,1.0358550989375368
-0.001445880788845581,0.011048795759237947,0.002899180211239999,-0.0050176885343691385,0.0023486609542729296,0.020927029201676016,0.0061883421121708745,0.017033356973845695,0.01152425175974661,0.013894921458081369,1.0199455021794168
0.011600193467506856,0.027038114312844082,0.02403773839848158,0.01888752942939685,0.03420174762178156,0.038149780634732,0.023701822181601356,0.021327438159429505,0.01918512037459641,0.01706006058068681,1.0526817717446106
-0.0027990911248543257,0.024980496036480976,0.017511643137945444,0.02792704976518818,0.004300355260914141,0.03651094212781823,-0.010381737427065704,-0.0006208342742423942,0.007743285279269505,-0.004918197671820657,1.0256399165708472
0.011995119687182658,-0.00342997098655623,0.036312119311994434,0.03096798747853169,0.013859594838012976,0.03427797911384847,0.011322122539879695,0.015706869124618168,0.00944815091734223,0.01006947123994659,1.0426247153468502
0.021598931083024863,0.02445219726541962,0.02252004726537553,0.03074887346649444,0.025844764572012312,0.02412094576743106,0.008109889288085712,0.03201891680570062,0.021030511169336314,0.01140685122350394,1.054076955591004
0.011541745392167992,0.0028602957384519807,0.017924328840094567,0.01562940804382879,0.006437169713679712,0.013049855946756462,-0.008520272839185314,0.022774450894833223,0.015095950098929865,0.015765298309464628,1.0331682305657535
0.022242575487624122,0.018429165442512448,0.023719160104349764,0.05795026234715839,-0.00936368949259901,0.004855355599936915,0.015827882442553065,0.010421281642438157,0.029920496351686775,0.007132471351058918,1.040540587560264
0.02608529111761686,0.011428033434655007,0.028188695905666097,0.023820153836365744,-0.01231485293466145,0.016417549740211715,-0.01490919759101705,0.0047737267681534495,0.007168242772551806,0.008430388531698314,1.0238719468740825
0.023978125141613387,0.016270256518040233,0.02165623454307978,0.010163999645225758,0.010656849821540738,0.0025049172535489056,0.02017447613743324,0.0009009792791145142,0.029703130820561002,0.015618549849991102,1.0242927447355594
0.03193574540652615,0.017120927501994246,0.029586757955759532,0.01731267016252125,0.03276516604743903,0.03446194001605625,0.00848108222769949,0.00879376186605054,0.011967397992627766,0.005472245585586515,1.0412572682428343
0.046611113427962855,0.03762788760656596,0.02525830219889182,0.01084515203854515,0.005549921529329389,0.0285964861963433,0.022294452506915217,0.042620252956734626,0.047769767974251025,0.0047662805908150075,1.0483735081962222
-0.0032485590025077542,0.0048067643262492445,0.032736808870746315,0.019558552814636337,0.018445665701944957,0.003419550875314448,0.017303921576683805,0.011049947960552005,0.018827885645476605,0.009157620088051696,1.026947729030152
0.01852127260334905,0.019223381107892658,0.008209310608907353,0.028043025592763136,0.010208745724147327,0.0035622184393519704,0.0021009244716723237,0.008612218414814672,0.019460894749422218,0.011210822918422741,1.0316198703376849
0.01598862234091178,0.013092202521061264,0.02189926498119046,0.023260878667958704,0.019583870618080153,0.019406069884800748,0.01616909347468791,0.02236070031466733,0.021705321303566324,0.0212587879137654,1.0468190546754566
-0.007112570141281527,0.011891137045823452,0.006406493128798067,0.02430718472535722,0.01909093639916134,0.01734340185472313,0.0209750820260913,0.02607020399056366,0.0010048533111083526,0.015094691856588991,1.0392286203555432
0.022373628433406748,0.050227194109253054,0.036356099853617894,0.014936031569245261,0.0056601410302182294,0.01244049437707585,0.015040736246110388,0.01586128949187931,0.02605663856882702,0.018916187243480247,1.0378208749506277
0.007054191765991026,0.008037608879525477,0.029137048022708844,0.031022186243315632,0.0009055773714523466,0.01072795131322907,-0.007821771977001464,-0.0013793472959053414,0.002818671754625515,0.00022305915379001312,1.019977142949671
0.008559707036920602,0.026304104478105134,0.016414347520327548,0.02633497060866273,0.020884681140159223,0.01693381787876964,0.017010120839311645,0.019211140233056263,-0.006869062909266409,-0.009701142479647148,1.028547652483666
0.026074099804489798,0.02831833139941239,0.035964977984541034,0.026094467778023652,-0.0037899666428591935,0.030740358678909327,0.01675203597051787,0.015456439224577302,0.01830363724196816,0.04035564483221472,1.0535122543221953
0.010896276779300496,0.019784836944003334,0.039474472985155364,0.030220312653958404,-0.005090097505628192,0.024756390818060806,0.022077839079924305,0.012842967244763599,0.022481717228702316,0.03210513428888313,1.046358024346579
0.004554880381254463,0.011958369533294027,0.010897834323547,0.022748352645887655,0.014703183087615857,0.017988917064464788,0.02588046072026204,0.023028108486624135,0.016577462654292045,0.013930102229761758,1.0390060665927656
0.00025487488388140946,0.027748992109668358,0.012799755755334307,0.02167780425911995,0.01402885575645649,0.025344502533125264,0.008479404284250267,0.004129208340740945,0.00999103546853133,0.01971968438542797,1.0362631228589276
0.012851951926131595,0.027794465147512153,0.02650816699124936,0.023062403454853945,0.020102214646717777,0.024225529154276993,0.006733408847138504,0.01992234756665863,0.02804630267601703,0.0010180990296340658,1.0395559781973984
0.0013149574919111128,0.027737036385907597,0.012546529011794118,0.023569464231004866,0.01519957503139093,0.009300302810813052,0.009064524595121783,0.024757692405619012,0.006753938650960696,0.00853505901407184,1.0349011505594816
0.005920403267617432,0.012584173587465084,0.015259691020541416,0.017822654910821172,0.007910359347071665,0.02186699779559401,0.01478538993629928,0.03253321744259892,0.023009583526650085,0.003445822245841987,1.0358348021812982
0.008108857470888837,0.018501286749407417,0.014716131254767268,0.014137433852603958,0.01190216227147433,0.01773951334376467,0.0015685675831982656,0.01542359825344604,0.005817214491402026,0.002504727542744037,1.0259115082495727
-0.011080138345103758,0.019740046777896772,0.038330434390725816,0.02651872946197848,0.016397868341640552,0.02549196768144306,0.016880381609171696,0.02126569257330385,0.029350460336362735,0.02219836641135415,1.0479600037706742
0.0026562068847076244,0.019489118554288712,0.018073349678837024,0.03358061635800867,0.007314737944277012,0.011355897703828048,0.024377649626248034,0.021047525795129272,0.00920984264366305,0.01167657752512977,1.0376437524069624
-0.007791218887235975,0.011718797214930656,0.022230533209394755,0.0461060782197026,0.0331803319067671,0.05209644015575596,0.009852195468122804,0.022073073045454424,0.025396596082559734,0.021945411846635655,1.0689430508108584
0.016401954160745916,0.036164923825621746,0.015779628248742808,0.015251578633093716,0.005852143137872454,-0.00010966409208624031,0.013308177155726136,0.024817744443137942,0.022075668998328198,0.03256012616386856,1.0412295844508797
-0.0019423667961048843,0.0007193635660577673,0.015767839111510733,0.009331603687509666,0.001748815598158645,-0.01601383363850798,0.0037727820552374575,0.00475663019671003,-0.006266630020108117,0.002370134228362907,1.0023724109571448
0.0007820916765114427,0.02083366951558272,0.008797025981696235,0.02383242456679867,0.024370370610423055,0.009397124934458666,0.004634312555523478,-0.010336650636055884,0.014429185843782166,0.021932655790503228,1.030911607063148
0.022186213919672137,0.003255846517945398,0.018826735543292852,0.004222450302056674,0.01796264860651318,-0.0009573938086264557,0.0173301943600983,0.0022593298581719415,0.0060653717699504115,0.01413526872304856,1.0184609695987863
0.007246065249888063,0.03465358402742413,0.026224873006260925,0.04042579402090915,0.017132134698487258,-0.0012520729866413866,0.004702725310481939,0.016444176556769562,0.0218000285183287,0.021185266425299047,1.0462146643951136
0.02137173166553623,0.05032415045708008,0.0013357898434746898,0.01707959143100358,0.014388663763890839,0.032742925488056594,0.01389265006334814,0.022685312239918022,0.021516546995989823,0.0132573280051777,1.045726945854068
-0.003459427937220075,0.019857680297834943,0.0362049826894061,0.021426511718240622,0.018985956451253946,0.015538604193285453,0.009441318089433205,0.009597411322784112,0.02878884642487712,-0.01248847429463729,1.0233026013174817
0.005449563485998569,0.01604118401736289,0.006749759739201334,0.01300731099424803,0.008903954329353632,0.021154390257208593,0.00178816564089434,0.011174009460597992,0.01900598348091727,-0.010156921780774758,1.0187072503018966
0.01311551078710027,0.02458888859937363,0.03200058928913625,0.05765157459866291,0.01861828692909957,0.02235949273338969,0.022981347766879368,0.026227082013612842,0.011061034228062728,0.0095675492509002,1.058519298454778
0.011398525447588594,0.016634282346018433,0.02090830931376743,0.03040982421339959,0.012541882423502125,0.013242138275539586,0.024477336625893173,0.003488781120736136,0.02580118033092626,0.007183895363555404,1.0323048690040832
0.00837601346544613,0.01843137620285299,0.02199265930271868,0.009265107559962365,0.018576613949111788,0.007691618189331322,0.011372013368975023,0.008463268641014801,0.015228689097228961,0.01780171458634841,1.0284539731500537
0.010134893589816358,0.0011139400808616064,0.0072306224021269315,0.03064771923722951,0.013733500741886381,0.030826335434877183,-0.0016799871201456842,0.010360369243572646,0.01188904684229376,0.024247275461411005,1.045726445120047
0.0037412059794430267,0.01821241449418306,0.014883203752626134,-0.0012640649451891306,0.016267533260279278,0.013750005926383972,0.01793816600956511,0.026041943316576232,0.016244407123549364,0.004585920048073894,1.024547442092876
-0.0035842089240569128,0.013375310445895126,0.021558946859457143,0.008549827537054265,0.011456707485733499,-0.00043022938788634876,-0.0037139403975613473,0.025145511552356767,0.02073413212532882,0.02298544740305407,1.0314104400564845
0.022788573953315502,0.007912754540285689,0.046654262175698215,0.029127679148476013,0.005705776910895196,0.01747756441960949,-0.01161051160733693,-0.00039546485286064137,0.025061447705117583,-0.00503834463276278,1.0255045488269474
0.008190180596630325,0.018399862543157713,0.0024201791299939615,0.014896826399419041,0.021007137355657825,0.023441687456394595,0.004507458033520027,0.01532309997828678,0.010896289095410452,0.019917963412403678,1.0390742395575152
0.005374646825104811,0.031211350574110286,0.0071809165250884925,0.020973944991500126,-0.0009124546892597049,0.0033155736881341005,-0.007499137175229874,0.012087093430715401,0.010333740274290393,0.0033124014543985817,1.0210216239001149
0.005299089315208418,0.020156856682196158,0.01578825894874349,0.012860969454160508,0.015447161221584252,0.013057660790079665,0.0024805390794014476,0.002348251589846537,0.016833344842010906,0.009106804269569049,1.0241913296968972
0.0020143594345136736,0.017529649103046007,0.048075686190695355,0.03271937648749189,0.01421450718703499,0.027670588152680257,0.002452625236740301,0.010259430801090383,0.03500356045839442,0.017602179383305626,1.0469059237329204
0.013883122025809493,0.030370851123722085,0.038824847971808685,0.025281494261082983,0.020880538633348093,0.03676441015013566,0.03339893516633774,0.0359887395452794,0.026774468181640393,-0.004605798062535263,1.0483465889103754
0.02133002527362509,0.04156636852855158,0.021270605281428826,0.0385564649697418,0.002429589915331416,0.013992402809523708,0.026118197899600015,0.015034047918490015,0.02372936909557543,0.021146334739352964,1.0471541669947273
0.011872646129893912,0.022159864046278885,0.027868510496754484,0.01602028326522154,-9.477261349202099e-05,0.005473670496525673,0.005602111764300102,0.010255915157747719,0.01939108283219449,0.009730516462460783,1.0236518991153838
0.013714628713940207,0.008302604620234143,0.01649240168261223,0.01868128419892685,0.017988231493694808,0.008838245086215352,-0.006265136852228275,0.00934731170873131,0.019703952302861608,0.0039288237844544716,1.027053397029083
0.01843367439255632,0.020949381153011436,0.018235043845200468,0.014226046762844752,0.011686589656131605,0.0026875396332007133,0.024139455042222417,-0.0038059986804245462,-0.005511293375843718,0.013576968839222301,1.0191511499767623
0.007650843855809776,0.02811404271456721,0.001375315483966381,0.04673003071714951,0.007906203611344868,0.01187718927346037,-0.00110061116436597,0.019753725319196745,0.00636663051629244,0.011171729244402996,1.0438905147815214
0.007692405573136975,0.046488716299819925,0.034668059334168784,0.040316968919279675,0.0037666688088967004,0.030747933293682472,0.013721754783422213,0.008856900670768842,0.004180980939846538,0.018620655173241664,1.0469124242188066
0.01968413747530906,0.027802212460777596,0.00703776968308233,0.019726737178300768,0.026546561476539637,0.007754387093610663,0.023752884168113164,0.020557154521268373,0.008648832994099548,0.025907984649112592,1.0447226540286263
0.007737840825118126,0.006368935571163043,0.020888965814601014,0.019700167969305342,0.013033253531068793,0.009831170998418336,0.012602601947701457,0.024990372486478334,0.0038539170477671185,0.019508426559179,1.0369644172466923
0.01272547785241573,0.012220083364767948,0.02502460306065446,0.028545593292508747,0.01601604931286244,0.02404898823681007,0.013363362351989174,0.018656415884420782,0.015425753952743131,0.00419913028556335,1.0390044982324635
0.010467380931607708,0.022066736536748798,0.004004825586178111,0.00362948494253623,0.008794102139736418,-0.0033413672744671153,0.022820043874117197,0.009252106210092596,0.028011090918952194,-0.00458692541980139,1.010671166210509
0.005613766834340512,0.027388594308191728,0.03204780651839403,0.012878189749064819,0.027661646892618234,0.036555699344306636,0.01237691826786866,-0.001789379637660713,0.009725740875435415,-0.006527785593316151,1.0260865579710876
-0.005518073939535453,0.0466778484127644,0.02154733800393365,0.013183590272946036,0.01452159526447294,0.017664358760854225,0.00893855794270999,0.010983095277532244,0.03659513592793041,0.0017430503583002153,1.0284659381955015
0.004511631646007847,0.005123561365040516,0.015543202069331467,0.03763067770099484,0.013166317648822676,0.018664828173897856,0.015073942003554497,0.015927064255969983,0.025879620238185824,0.0011320600122675262,1.0375475791533
0.026097737486019196,0.006635135639659808,0.01542286632309999,0.010447525961406297,0.0072589208197388205,0.0022561279142817945,0.015264667489019241,0.009686043270844331,0.020661387162673815,0.014036969114090398,1.024265585370412
0.016424897955368025,0.016614027995518955,0.018896086246288465,0.018238236923113472,0.007989236823848486,0.010733454122678131,-0.008566310976461189,0.0032096279385239986,0.009139800660747554,0.009491498782790191,1.0246065088855194
0.02589529552364734,0.02876080254955155,0.007561784763585272,0.010505855359149536,0.0035191223626904328,0.015892954105600113,0.010503392520364077,0.0154426439332445,0.0031637191916534177,0.011551670270256007,1.0277979627260676
0.013964947754578275,0.008641521042024865,0.005493922006629002,0.009153125831819913,-0.003156908401529891,0.028684675861675432,3.138729417727533e-05,0.015681971336940312,0.009006056311234604,0.015959049688530725,1.029073963442156
-0.014891249988022028,0.013226713772676015,0.01175640839549636,0.022416296599112404,0.015134576604316418,0.013261713389270891,0.004305323772622869,0.01670169844603343,0.021601513837323484,0.029890654621987194,1.0413579222163631
0.044914154094187475,0.04794049742731864,0.03127035536688165,0.055788254209007467,0.04349661636403321,0.04299498099324449,0.022501695828160202,0.030894152478995247,0.029333120823150958,0.032282601260341603,1.0915062363511634
0.0051706829468109936,0.03981042829494729,0.012629693283670031,0.011126862397433499,-9.475571202127372e-05,0.019796444238861788,0.017262575602238293,0.02093396741291057,0.010984020907112885,0.022355137393198655,1.0348421452489283
0.004581851783332853,0.0202924787398242,0.022342377106949255,0.034083428761194745,-0.008851724691013571,0.02494227072449906,0.002672125930886376,0.009938613972612559,0.0371321753549583,0.014416087243318438,1.038239938004998
0.008134867012968568,0.0017556140676338854,0.015960592874317513,0.02991575875325518,0.011710442877451252,0.022726849399291947,0.011475818546266447,0.001840887725293337,-0.0024465164637805046,0.005482919028431623,1.028427493546787
0.01974183543443294,0.003260438797968718,0.0008216460115077692,-0.005286159893834732,0.024480997347387994,0.0035483333658036607,0.021113144452949328,0.028574817884586448,0.013163569150106476,0.0025390557597695317,1.0219292010588126
-0.00646221686517192,0.04207142382508337,-0.004233461739530386,0.018842040949853697,0.005637961389828311,0.006523322880512675,0.010395435855734918,0.015682216345452894,0.006245651844018908,0.017997224267332974,1.0297061162653698
0.018132401631965243,0.01738657278007149,0.01101044021654836,0.008602009885334924,0.01683980846249243,0.011528689550603368,0.01811257394572543,0.007595493951746398,-0.009226599314254806,0.001763677655434761,1.0186472499934665
0.013894273703174911,0.02073570646681603,0.013379338955809117,0.017174220721062106,0.01439964221501495,-0.000374301765394245,0.0006497153359678893,0.007547555257541147,0.01469875716504446,0.028827429296840866,1.0338662995792465
0.007206969666215043,0.018287905834847042,0.02342144038421133,0.011784180622546582,0.013406605235461153,0.01739073188638368,-0.003346508558078198,0.021825327717411958,0.010692715779088216,0.011663070139702383,1.0327536286509003
0.004177410591572313,0.023211001309310784,0.02501424676537915,0.022227672945322456,0.01846364844826757,0.03372189000617656,-0.0018320397231519573,0.027757474816894195,0.0026227731446586827,-0.011182584924278998,1.034478099395026
0.020452587174855028,0.023145295376864758,0.012896815904924298,0.012269768040333253,0.01045281720352731,0.028895408366645316,-0.0033550616674894226,0.030580222595424825,0.018509883311468658,-0.000516591174757797,1.0356960205186112
0.0006505643576098889,-0.011461839850904099,0.010648634209339017,0.01579408353075272,-0.0023037252896683826,-0.004125649021788127,0.012551138671329749,0.016036643790998426,0.0033058256348704506,0.00188330046283361,1.0120500313258003
0.021130371968955047,0.02373305953566325,0.028354485684743642,0.02767994196820773,0.0170245832499345,0.030841559123322534,0.03507807790436836,0.03763969350014877,0.018062265870864222,0.0062854242909402835,1.051281918174107
0.0169500383752892,0.04061770415446822,0.04291207327052566,0.037256264649361805,0.02747913506591429,0.020123058836372828,0.02002972541806253,0.031067609759161702,0.021995685067960322,0.01017594455795835,1.0566655832932947
0.0017445455361555446,0.015326006394678952,0.0393479995050571,0.00829896256216926,0.017222638681072003,0.0033810675648941087,0.008408722932369009,0.02192759812637002,0.01170223247853594,0.013789813573624797,1.028696140343742
0.013519084142381742,0.035856326092818365,0.018792539290922394,0.04531012541627678,-0.0025789072341109286,0.02557513536811922,-0.006059135071231556,0.006155205932969211,0.019254733358687964,-0.0015360252253179283,1.0364936116812415
0.007600499723839124,0.011507379656487826,0.030493872567083365,0.03457020311362895,0.01021930557906203,0.005758933176002987,0.00511583940083385,0.01576149218980178,0.01963718241423429,0.0037159393306575358,1.0332349307740312
0.007407503351995205,0.01419733627694095,0.01209614512758984,0.021101912543212975,0.0025102940590903647,-0.00144617327493958,0.00014518940016614197,-0.002443705261876844,0.03399286628173624,0.018275930923872398,1.0239548617127938
-0.0039879969144084055,0.02198124931106043,0.00996132992295063,0.008490668231987993,0.004516225523734815,-0.005637884040966145,0.004946885183639175,0.005542405825551529,-0.011320240204821697,-0.0074589429205749345,1.0022002592352368
0.022809010736438658,0.029307762009146213,0.011192307243412197,0.036201039005125536,0.0028089054317707585,0.00408881795170042,0.022137152425166153,0.0073275144228393905,0.009822378688740651,0.015296844921220496,1.0347853555121909
0.003246352928078034,0.017546530048543892,0.023809796408658816,0.03976513910919731,0.018908331374681675,0.02174588741133656,0.01480899858250484,0.000878203501801525,0.006890795420115921,0.018408344915603923,1.0424288829451969
0.006207047518553312,0.009688702147755064,0.0358174919226142,0.01723277413935348,0.007489783365140567,0.027734148389626498,0.0057649543677844,0.019812697890343418,0.013380515015247103,0.010705276907437535,1.035233198750647
0.019284977936554096,0.01949891170837986,0.017863275863506965,0.03136282651565177,0.023910417401866516,0.00950436760074967,0.009878610450283062,0.022178998644738768,0.0014225642400566198,0.026209088509611553,1.0494873332934223
0.0070299118370838925,0.008678454042686731,0.007603679859721333,0.01649828951399213,0.009592685387408477,0.011554777549697361,0.012417549303535145,0.007563589537368099,0.002761103776369172,0.003797523806987114,1.0204453491121173
0.009686671580195342,0.014770279924967584,0.008699968632893946,0.0206657668744566,0.00882968568806157,0.013737742197321238,0.028841171158405565,-0.017595962888739908,0.027279696577994172,0.015413962758601279,1.0221754760406676
0.02128369546399475,0.01542647011819059,0.00011035372836500079,0.021428525172864355,0.003337275281156445,0.02636585355878924,0.007967142490343216,-0.007096036794683105,0.02719506986566414,0.0035973243010226225,1.0245262460545201
0.009395435837372325,0.016695911707710162,0.008360245152282259,0.0175070073698852,0.004522581407324866,0.017319228157252287,0.004598815415510649,0.005541101752510875,0.005966825789538773,0.008502027864034672,1.0240095566534502
0.01254944851484795,0.03927413362451086,0.048836573377810444,0.0504319516853,0.02831687114898398,0.015772546765798208,0.01649453087105421,0.029757734274713767,0.020747037536633504,0.02309451209203372,1.0666608691888548
0.009018779738407357,0.02113869432841778,0.004943337425966348,0.038593434876451005,0.01776930323869017,0.019351027319640668,0.01649641150978805,0.02208554498448024,0.023081553797789568,0.015806238008437844,1.0499600559795779
0.015193894817898346,0.02812895874551077,0.003627563690765556,0.01284267381903511,-0.013271477764545292,0.018799869077988487,0.0006158670841614417,0.0185947409996714,0.022178513444709214,0.011081104284294567,1.0266961164883055
0.0020397079421663328,0.029770902786478114,0.003392346305605299,0.023381566347077228,0.0024011931076913166,0.010743262668153087,0.007861092294552808,0.016574413580011656,0.005917336678447764,0.005859986528841232,1.0269632214442588
0.018943927697741232,0.03026406986929368,0.04065981749597737,0.04501841965242206,0.028514734663623774,0.03128846056452698,0.011141084447630026,0.011769027593144708,0.013206624432466393,0.015526258185246356,1.057480087328092
0.002624736868895655,0.027378573167395143,0.008433283310200462,0.02876084362549152,0.00785577936009115,0.018340567409659492,0.011887640306530785,0.0015656175747121182,0.01829318189957505,0.006198800410070851,1.0291848638543128
0.030607411229574444,0.02621660198608887,0.028860369925610193,0.03991972564179341,0.01940374443262159,0.015258236801448534,0.009241907938587172,0.01602443582025324,0.013537013854834775,0.015960120498084505,1.050203374485567
0.023609905872393647,0.011966188728816558,0.025001236528156896,0.024793409727111797,0.008020260901115177,0.0140381012151576,-0.005539546888189515,0.016296956879653973,0.012399856823633319,0.016741361940692083,1.0380793824167838
0.026529863185339963,0.02653297899427822,0.02566007134232464,0.023002222821812524,0.018740342710609207,0.019615707814534863,0.011379172012031783,0.04028786371936338,0.03424316253538609,0.003435510204091167,1.0488352266471284
0.013068654485730972,0.011531507357447082,0.011358471452283607,0.016769721246091197,0.008524464416946658,0.01891558614223462,-0.0010119248798113522,0.006527891982858159,0.03295662598243539,0.011317543173154946,1.0304061926953714
0.02635478898478718,0.00132340389545791,0.020972306913107638,0.029028566499580744,0.007899439300350496,0.049721945028534734,0.0016131750179954121,0.0026804924934709564,0.010562203517144958,0.015277630306135472,1.0439953883297854
0.023229856452044277,0.01286243579010269,0.03219857319973442,0.013432763978272724,-0.0019435083486314328,0.006332407027214561,0.007785961430286293,0.002708433699090764,0.027895569753707394,0.03194573474505129,1.0315893742086617
0.012995762167446205,0.024221894471415727,0.02492251361108561,0.03261787190031058,0.014132005875353714,0.031419291749219855,0.012546390829710794,0.029788725187490588,0.025878214063476897,0.022553259582868072,1.0577050124629126
0.008272869801024624,0.027928425908151942,0.0446806830538903,0.030418963734442,0.028315300106224767,0.014207195026911925,0.0067201690106003815,0.021405099393262343,0.003065239745724837,0.003481329561433724,1.0411117154020382
0.00018870145970103364,0.0033247790563792788,0.016811588061841295,0.029339647031223236,0.01096879443406406,-0.0029042103917710296,0.018981736381956205,0.013901987116176528,-0.02093853926231845,0.006796821065635079,1.0223526113181982
0.03702778801762652,0.023574381365708517,0.023309141536437233,0.03554045110451836,0.012459188738630219,0.025166249379906632,0.01219322549245683,0.014130930924246398,0.021040336943920553,0.021201248459909713,1.0521791221558088
0.009188323722876863,0.02392876808105332,0.017139949667042777,0.01470485223463661,0.01606814323799127,0.02787602449424223,0.019405828594201216,0.02351977194448368,0.03287244252403497,-0.005011143768472684,1.033600945025354
0.015527979407624787,0.010165143562857328,0.034164845919813766,0.008221781791793671,0.005682786174668349,0.023577762851125852,-0.0006291925729128428,0.011815653929866592,0.01881844492185558,0.02087082958399978,1.032906659403217
0.00623206824558188,0.01844150284526457,0.03772845443070887,0.03198429430432763,0.027051618262585952,0.01583104054940621,0.0018935993049975196,0.01470581058264984,0.024202542231241367,0.030700209169732963,1.0536478510419274
0.010563972055581348,0.01834021710134449,0.02831295032180617,0.028640211135685257,-0.004808019113610231,0.023700167609583676,-0.01042091308028114,0.027023270418447452,0.021058590676600736,0.013506040076211189,1.0416879487528756
0.015519233296771613,0.012849435245781457,0.007394297687388024,0.032795786141041366,0.025705271194723947,0.013999471020941841,-0.0015277220336772541,0.012097571387802748,0.007463207974662073,-0.0037786616268383234,1.0334825454577585
0.020486799098919553,0.018174733858646493,0.023300678319862086,0.034539213209804485,0.01751628774800824,0.01766918211398874,0.023651655820591685,0.023503197288754815,0.0388574677966357,0.023172379945449857,1.0550459458504933
-0.010061704603898785,0.009200760683075173,0.005520876592641718,-0.00021880477817490251,0.022003569120354085,0.011263984451846613,0.01775906729215128,0.0052398596857910215,0.002897617083695855,0.021569203014908916,1.0218745491524648
0.010822553106723342,0.03755057583206101,0.023566931033820276,0.03016594177638958,0.014793392643191586,0.023737347125728083,0.013909648077726827,0.044726709311158505,0.008513339633701671,-0.0018113723606244456,1.0472735865672005
0.0203287665607805,0.029116357147235906,0.03609377508145762,0.02958624970420553,0.013735922987451068,0.02660986534805363,0.006882431655074982,0.03334039805848629,0.0215281660468641,0.016746478175702597,1.054497240515673
0.011724521138749722,0.01547277758199158,-0.004058899695281667,0.01523278553998983,0.000543962802767934,0.009898363390060479,0.00045523980169697494,0.014750555422881527,0.012028431837136533,0.005873638134533577,1.0223753042138173
0.0049639306542245895,0.010345122416956478,0.027800978977585253,0.024700697486500986,0.0032274031630293697,0.010435386060227978,-0.001626077326299118,0.01591474706892679,0.003447707135989287,0.017629474169721923,1.0324780048430715
-0.0033418933370043605,-0.011838189847230033,0.015079684605607439,0.023917778679997018,0.015707697660325842,0.00784589268627648,-0.0017526479348640503,0.0332761499234837,0.005990672167595314,0.015054326926978865,1.0376335346825099
0.00381723794101026,0.02032564499881347,0.0014766499428330773,0.008091547755357411,0.00890535008713287,0.0158430900242311,-3.0319162621548178e-05,0.01769691535421004,0.009856756532334908,-0.004913449958313736,1.0187658288588475
0.014564999715376545,0.013088940706801592,0.027446919413276573,0.03845574565543574,-0.0032811487819748106,0.015839013270797873,0.015594094711619752,0.011263321122438677,0.021660344690899187,-0.00418799595834052,1.0295942230600803
-0.004539148235800894,0.02122714002018209,0.028528387757149942,0.032601386510919705,0.014285504443858385,0.01929580213059849,0.018629015111208708,0.024432753428555193,0.03369132973645834,0.03220051557943446,1.0552482598151547
0.012365432168508467,0.037789553307969605,0.046390913214929136,0.026588316929129118,0.024809990956791976,0.01028015833949392,0.021487680581468833,0.03286271793730385,0.020090300029392882,0.010800871484113536,1.0481382237769161
0.014957029749239584,0.014400681000316514,0.00028648669850874983,0.020244606058645878,0.008595718247422748,0.01796930683695107,0.026426492491610394,0.014035359639177961,0.023770810513931075,-0.0021931758197572815,1.0268917712381191
0.01837414167181442,0.020223343025213336,0.005627169256980794,0.02273788541631143,-0.004973705276953488,0.00776701441428226,0.014637367034083103,0.012662948356825389,0.012478775316191433,0.011910318397238627,1.0269336499782455
0.026226872547190715,0.025121670629214735,0.020923995701561074,0.006800494127098232,0.016489040562899578,0.01588645753843915,0.00040682207017619584,0.01166655509767404,0.03151507194419021,0.012119381333230997,1.0323607125096304
0.03555388372618437,0.03151978426790104,0.03717751304202224,0.02381241861508067,0.016259545722367333,0.02753489233515328,0.022615340982653064,0.0322514227177597,0.041761935811905286,0.029126074737294998,1.0625749069224444
0.014766251585311321,0.01196076666230924,0.016056232641866588,0.02367438244330628,0.005307409618739073,0.01268810007325637,0.0008731251288189284,0.00976848954153991,0.005297504997411559,0.01388556146591027,1.0302805303241034
-0.005379634492395112,0.017707272760752627,0.04129372312999068,0.029625377584844556,0.03787918382902461,0.02998295134991369,0.004964803307263109,0.0029159909166985264,0.02874692031643204,0.027015442365912704,1.0529817610741048
0.0029520574868911204,0.04558382210532379,0.02802028025944097,0.04650574923219414,-0.011204154122513646,0.04829104377122946,0.012664858577614306,0.03604168312182506,0.005943497214210225,0.01777285934439639,1.0600410557997917
0.006075344855545166,0.020160371519234298,0.02791053974364549,0.01818217768571866,0.0058900118639774075,0.028379447613464025,0.006948778374167748,0.02075638282591271,0.011038942752461017,0.009080367407108318,1.0352354883966517
0.02269398978098342,0.02119993079346798,0.019940391094051765,0.01476590254167395,0.024881944812407464,0.023706585741024865,0.010087073368798232,0.015429357226100126,0.029111483262467354,0.008080865964171341,1.0392049715671094
0.0015479487999922551,0.03462574304606493,0.02713024318578662,0.01705371154365288,0.026801541716228637,0.02085729451585661,0.016381978949825324,0.031725895010576835,0.007528085888161213,0.015828673744996656,1.04602041281177
0.010116040228404118,0.03170027868685265,0.03216571069809751,0.0029466153976262996,0.014214335653391107,0.022548151759976102,0.01601872195108447,0.019718771679756008,0.02244906734392308,0.009866327306470659,1.0317018015593786
0.025031758724134788,0.006571073943124143,0.019008875598407554,0.02432735319621157,0.005988411898185346,0.02668953244362724,0.006862087140172727,0.005535062694317333,0.0018989912824159579,9.845181434502137e-05,1.027292714302035
0.009772959698355455,0.023340481712983745,0.01405097187822019,0.005082155444598165,0.007833788541064828,0.021444118760764297,-0.003396206460781776,0.018453258527319417,0.00738325438553521,0.006288429762105084,1.025473599200348
0.013480652275699612,0.021800718190575656,0.01182310027206615,0.012389481827900763,-0.009293170780737162,0.009080916149994858,0.005804647161372652,0.013837569249901472,0.012425821096837764,0.010757180386149617,1.0210961562814143
-0.01249318436833255,0.024614344617777055,0.034514920284331875,0.00931359983561711,0.008672610383922277,0.0035382033631829466,0.018545918793436648,0.014825714772891276,-0.003284539971213859,0.015006890668395483,1.0215670227970868
0.009783490767013864,0.000633516876435234,0.024862360025641902,0.02774434800086303,0.018258062945827627,0.014489626071366668,0.021432256026341866,0.02537425704019346,0.03265612728811024,0.009784839188843318,1.04230174884341
-0.003232387718856573,0.010313650670222042,-0.002108292144750022,0.027878998974984005,0.018046965921120033,0.013122339650573385,0.012904979003102711,0.02499600481680168,0.014299492992893795,0.014499161716388462,1.0402835829049097
0.020382471813874647,0.022410211414883235,0.04042430006651225,0.03262785262433593,0.015092907227064509,0.030632339453672396,0.009971059474327096,0.03362513350637967,0.03791793916338403,0.031206942671936414,1.0659889347629103
0.007046853369413626,0.005130219000168669,0.016402267315854657,0.013971933453769493,0.013022952559682232,0.022393379713027496,-0.007407076805119069,0.013443715399618505,-0.0072540820156987585,-0.0066895139277460495,1.0199214091310038
0.0015251902421068572,0.02427405060040756,0.021752760657694627,0.036883701306432454,0.025720477355793366,0.014070866664138057,0.007605466145104642,0.030808878017588616,0.02163399833234481,0.01797849389368115,1.0540961524327794
0.019882371997715552,0.01697516773199564,-0.005552352212819019,0.024407865778126273,0.009149465294592284,0.020917040479276804,-0.02163087438562676,0.010040578681219998,0.009057495163538723,0.002855567437188471,1.0301121828900277
0.00795355905138276,0.023856043602609397,0.026177126855160805,0.03629245429799824,0.013623732728132535,0.004782429396477644,0.013250216687434417,0.012067840885414925,0.0241324989201067,0.024184043424460042,1.0443207017184468
0.004919965145626744,0.011460221444491917,0.027557918701254323,0.019696599541438205,-0.003691947912649887,0.016501089816492582,0.015623303466885015,0.02995542092665409,0.024224092653697186,0.02101620883438957,1.0393173347718156
0.00567834799493095,0.026161691960034122,0.011615207169209408,0.01739040742792268,0.010247443302537143,0.007531000772677042,-0.0006285439565823087,0.004124635828169382,0.007026821442489124,0.01312857843987491,1.0248909910921298
0.006543785378886105,0.031324712420772886,0.015001733912396236,0.003284411222291478,0.016237609500078444,0.002416738328152354,-0.0048679317438161136,-0.00975342698497627,0.013461421804178711,0.00950169004178949,1.0130633186880784
0.02470643201812631,0.029329847942281873,0.03799881771664173,0.04727311845273884,0.03297955555577259,0.009784170548919117,0.033148806104936784,-0.0017283732918221828,0.029964383351273677,0.039507548250498264,1.0617455193719
0.015150096602777831,0.013338405227036339,0.003990684199395349,0.026467938692035845,0.04362217118217564,-0.0007472086490274005,0.014493913552687665,0.022891909876892352,0.01605786768310207,0.0011166823192758774,1.0385614878152407
0.022580743233267173,0.01075117269275344,0.004588533913372871,0.013762917482699272,0.0013358328599869084,-0.0014376718240683341,0.007843895462618506,0.021559513906143746,0.012877556775725014,-0.001559351273217045,1.0187771291609855
0.006103457010595546,0.04056994679452136,0.041980556315896034,0.03983693409766355,0.015364812657312514,0.011143116202836775,0.018251910201677587,0.00322386947987946,0.020672858042303795,0.007601971065801429,1.0382210696956276
0.0038749935927684057,-1.2227224371805928e-05,0.0117743256786118,0.017760186344042465,-0.00010916877965673043,0.0023641678956453846,0.008581862284039567,0.015222426956345469,0.0028251426406980217,0.03797211218000242,1.0336719833879044
0.01677104860197702,0.011202867759599472,0.03387948207247774,0.029025235782590496,0.009256336119948309,0.008525665841932843,0.008150994523830973,0.017393741239550762,0.027449442383988693,0.009021034609341037,1.0364670802152525
0.02254564055997372,0.05036755172256692,0.02919489103132411,0.01952510879124858,0.011826523694841771,0.028588988002526832,0.014212482586447497,0.012587064276357635,0.025044407703675883,0.014456324576987109,1.0429526691637665
0.016992006383312518,0.020191559382159767,0.02157470166773576,0.014210449261350304,0.015947969887750574,-0.00547516877239268,0.011244765533798167,0.01146152462905633,0.007977796611097994,0.02182604206308814,1.0292735762612266
-0.003923555235176892,-0.023483072186246685,0.01310215258976584,0.013617169050896185,0.01701176468283546,0.015664189831200652,-0.013832416809175834,0.023305549882199135,0.022675111682409897,-0.0014678816374248125,1.025116145888188
-0.004718159914063526,0.013383970045218466,0.03595881644621164,0.027866630880206005,0.04198403281288142,0.0333637765927595,0.014238108546272296,0.02800621566509922,0.02569429059331458,0.004669055284958671,1.052525057192835
0.003246760956262437,0.046840433801134486,0.047130208053969926,0.05167879711942251,0.02272629525095489,0.03691171744369109,0.03672403051832772,0.03327253143317567,0.020143182728988483,0.022120551160906072,1.072032213977647
-0.00560559071308891,0.037539617030122846,0.006543859987139224,0.01058146743482296,0.004158875605440908,0.014385101051410065,0.006678827463361408,0.014576838882876302,0.009779119644812937,0.013190458933966531,1.0257508244650286
0.006258739434684005,0.006472716775453889,0.014828876696966899,0.019445185836606663,0.0009479368019557344,-0.0004051492753674498,0.0019139993054749374,0.005778848562581202,0.002732998666482425,-0.006275180077424526,1.0102196448678862
0.020612266018831666,0.0075959024631455235,0.03222488991793845,0.013287229496004489,0.010842106479170086,0.002767098750863922,0.013201964888313197,0.02782632115225918,0.02008981792200543,0.013274036297220005,1.033252382967753
0.03014011736583401,0.01960790357495075,0.016302417698902016,0.03889829625361903,0.01289111928059533,0.013500359301799578,0.0079966083770601,0.013888572998070677,0.009450676868757663,0.008887525378375722,1.0416924772814493
0.03255850048164074,-0.003405414256383181,0.018483471507714413,0.0162206964892694,0.014716471205154506,0.02403203459788133,0.013797003760162449,0.012859775570816015,0.026643915160990322,0.003506284471501338,1.0327166064441253
0.008847582732002682,0.014454768533192023,0.018310991004074247,-0.002287430685628299,0.00033111812073482235,0.018384417837413847,0.018694323729935014,0.032634057588189214,0.01499487288661647,0.005393605131676209,1.0239832828230822
0.005870253962652215,0.036344819287204996,0.03160490962605132,0.0439024235585017,0.013785082649341177,0.0211687004211741,0.007792954198250655,0.01580972071513776,0.013079455573586977,0.007471767996446631,1.0459533616739782
0.022903539902267074,0.0030876589633956897,0.00562917297420789,0.02584700897141486,0.0008595081812232033,-0.0028936449211081766,0.006762569493442433,0.04095442542457711,0.01541834668431325,0.017370624979172775,1.0398841086127248
0.00034686402822543816,0.018024188812160488,0.046331162516391106,0.02532298300274642,0.00615759678185775,0.005297350328080986,-0.007141263592617735,0.007814211082599859,0.006050781392539495,0.013435731477073956,1.0279611247453821
0.015722836415538517,0.012083393970485485,0.002030573010701725,0.018942922549807954,0.011645503324078125,0.019460507372935205,0.009268912769952434,0.010439603150602484,0.016890209646228817,0.004928152804384488,1.029004914384418
0.005588494387111444,-0.0034994325223397516,0.01805100588076596,0.01695126377492131,0.003572997487451224,0.021706256999879374,0.0027929198799207244,0.0245901718295473,0.010380603644729518,0.01805172871034832,1.035473623925246
0.01034638026188272,0.01000665551642205,0.016382062487895057,0.011377899068809465,0.016101111659751623,0.004624453500933327,-0.0017979489341988508,0.02781051540815721,0.030334400346017386,0.0027977643167183177,1.0293568354436666
0.0037062798432305226,0.018152097684390876,0.011628658091684395,0.001070256779612382,0.006996074507509758,0.016505951475379713,0.009712943433167783,-0.011762113823279536,0.023123495269336002,0.012281603311269358,1.0136950246430976
0.018352877148916976,0.013060601863801036,0.013526482223352806,0.00904283337791563,0.009496264213175658,0.024104796622104813,0.012592104655293895,0.02905361035653501,0.025583204544859392,0.007848792515839927,1.035529390912974
0.005112611366769762,0.02329511021199605,0.0023162157974093503,0.03142608540077324,0.008725179542845133,0.030771747926198238,-0.007692420122486698,0.026517169907710303,0.02653906766022284,-0.003930541934674228,1.0401395921010668
-0.006135081657734026,0.016585111989175054,0.0400512108955182,0.03674014051571851,-0.0030617211872448723,0.037579366839856285,0.010113826224656133,0.007197628180886982,0.014752460755691983,0.0026184002970034443,1.0346376994328939
0.00040922554920450223,0.0076498544670832724,0.009017949507398093,0.010871246982398997,0.025054897957102754,0.019256405257408495,0.027911786215953322,0.005293842494982721,0.019667970032975393,0.022249550135390723,1.033661783328159
-0.011875349049025966,0.03484621279535071,0.03207363590979157,0.03863665497950382,0.013045626261193037,0.015222253804056314,0.008383882203175793,0.018843234363925404,0.020570169534589622,0.0306212893542764,1.0523659131244731
0.016144556988616564,0.018924238908052313,0.04731869096483246,0.03374587796879413,0.0006961516168026913,0.020095175321750595,0.017793148315908208,0.026218220781796683,0.028535815937178036,0.026630232346082777,1.0523168521216097
-0.0035003832981544847,0.007294756944144066,0.026006587619356793,0.013866910494415683,0.005089548647443185,0.013249856812885066,0.008014936927280718,0.02138038026263297,0.02725111341043281,0.007647321708218567,1.0277057667541716
0.006793028614211926,0.048892448805741284,0.03234133643616177,0.030067903941837892,0.008794756778628987,0.022494409617589188,0.019530119300704106,0.019860070565914982,0.015177945773473056,0.02456470596930978,1.0494898726958144
-0.006002897424773043,0.019282944370481003,0.02452912323113572,0.03635531593135279,0.013708351357665207,0.015400267831414434,0.02564328327070474,0.0308150643768147,0.024713077473919598,0.014815833401602157,1.0482081441208773
0.008885768084567699,0.030631877943294965,0.013724389013666509,0.03358881890689526,0.006757966441853048,0.003769631893135051,-0.004863463355727467,0.01369940276091659,0.024241911529925515,0.022835116245374237,1.04120586316957
-0.004055348546032539,0.04482845874087938,0.014494868499292718,0.0032524121314710455,0.008286747000540693,-0.005319362519719044,0.020047707333299553,0.012673085614600394,0.010248352136758083,0.007328286310645183,1.0150325037096217
0.02811502202583385,0.029417035485535127,0.031053183292616464,0.028131934891044503,0.018399923055755916,0.018673426135620102,8.789501052336012e-05,0.013798156539260288,0.006828646506701237,0.022780054390259777,1.0473160130990917
0.018652987714988172,0.015269677649472266,0.025934991173621625,0.046135643878599204,0.013522829085453445,0.03843063978360006,0.012796795770731858,0.01295307500806201,0.023497198294008526,0.005995969947289148,1.0512197121188027
0.002458676249505105,0.026725993332904083,0.014727175925889908,0.021867837103612075,0.00389242878927977,0.007100457241703394,0.012764526199589319,0.019820581482284216,0.018226561693090546,-0.0028642902089369843,1.0242651009481132
0.0070763255871997294,0.02971065260117032,0.04001791065481581,0.03456211850353868,0.03240823918980839,0.01572775241626593,-0.005255829729540456,0.018297071863348342,0.005124789842846891,0.005312193902290782,1.0445610820823994
0.01279530757173407,0.004880064209284524,0.027670781165019684,0.024898694620467097,0.007821212986049276,-0.0006319560934722329,-0.0025672238591565033,0.009799437870518894,-0.007146642583515082,0.0006320178389106037,1.0194083658227708
0.0028646705187412034,0.02172211266197708,0.006517448480386134,0.008155678412288682,0.011866175974477559,0.023324030636158267,0.01442553348318049,0.01227706951347216,0.014752328071452634,0.03228756897983216,1.0380983610385317
-0.005671458093912842,0.0347246971055654,0.021641585190399597,0.01749486465357549,0.006843669054649295,-0.003769174993267817,0.008980238268278776,0.03488642924937729,0.012591942001258755,0.011626446131308497,1.0317420392927885
0.015322767433600868,0.04079538541569987,0.026215663928346844,0.03646383519328333,0.010377467892828353,0.01901737327883169,0.00956340578183224,0.013545842281333051,-0.004939834352752899,0.01911148998228832,1.044739035644097
0.006880869292866515,0.02408235857130082,0.017826828857912987,0.02430346340047712,0.016376952299412786,0.011954199189112313,0.009594927639167654,0.018800934160640072,0.01366149032138192,0.004243143770281873,1.0334149030496567
0.020376015467433846,0.026850592195992853,0.0007351800310995832,0.02545944666198723,0.022051046184859365,0.023733906463987233,0.007972983231863195,0.018833840294419882,0.002712817690545856,0.007090984237523202,1.0405583477591116
0.017345971521014882,0.038261679967364196,0.02214915180143317,0.02125637246131671,0.006446217063831243,0.025966277956133405,0.002096017985384389,0.031221336587890045,0.0215350932729022,0.024357303416298385,1.0511487574476015
0.0028412017371873804,0.019775067576831985,0.03770140774726907,0.02596189180779186,0.006167162350122686,0.03772701529747466,0.016743918581633755,0.022805398701655825,0.0298188508092192,-0.0004825238869393799,1.039924412959768
0.002864065242815501,0.03804817118641459,0.02652525909220142,0.03175648029902142,0.018075429364307904,0.023221858380022976,0.004764221421836377,0.00098318404303906,-0.005693603524950873,0.026004482926133245,1.0428981256478738
0.026129957876946025,0.026973268057053183,0.015419931944295783,-0.0034473427936760233,0.003891675215370141,0.02141914106830317,0.007172628426616661,-0.0006613626249263246,0.04577699883594789,0.01372407635221736,1.0232885915029732
0.020210627348914344,0.018296397523582943,0.03674983750407687,0.018101356536131333,0.020872758718555484,0.011656539528346464,0.0019122285291818739,0.029356952097813287,0.009336920220940488,0.023152685495950877,1.0461477216896413
0.04180341040434856,0.02408185241612518,0.02759733693916526,0.041844610212093805,0.016529436206407892,0.01037720182787452,0.031624477020891245,0.03142175143913896,0.0181423291130052,0.01594866593509119,1.0560470091053813
0.000860442473790652,0.022392999243812384,0.023226425701450858,0.00548046177958127,-0.0015642636628716358,0.017927642318232212,0.0035855840234005685,0.00978870822763312,0.009705703582765514,0.011952802323029624,1.0205561544006772
-0.0298716872812016,0.024582938262779096,-0.008476455463542027,0.02088636691540528,0.011918642134536129,0.016116554192652507,0.013470311413062885,-0.00011093081713204559,0.018314144699303113,0.02079811709414139,1.0278190007540169
0.01026415460701409,0.036879304304252854,0.017477446269219203,0.04872019744147431,0.008412621095645618,-7.659647378961687e-05,0.012923118688584527,0.016708524520420875,0.011361803597728433,0.031321410630079156,1.0516309003204656
0.005231326978146352,0.013952597876647837,0.0024974317621619824,0.016168555620520126,-0.0002481569689667378,0.022030804375670062,-0.00031227804707816,0.02677088789866415,0.010199884580246715,-0.002085227832342164,1.026193659350199
0.015342583218086776,0.040469245675659384,0.030641087599781208,0.056915225925096416,0.025860259905836444,0.02770768127947156,0.01489401372346756,0.007625821368867131,0.020993033967407652,0.010926232685698287,1.0581618667895625
0.008102997795328432,0.03635515593338916,-0.0037727484494549275,0.015831871794406736,0.0010254574767897748,0.007680319250459103,0.001615805980543645,0.0193935894540408,-0.0006349621843215244,0.00729858669460465,1.024260325306191
0.004113887923340978,0.015744912963269544,0.0175141869632143,0.016553372972471773,0.014290990071234345,0.03748161440231876,0.014889996692159669,0.009777223942264508,0.006047959652537438,0.019919729049623615,1.039106227172635
0.02043909417067707,0.043435456714658024,0.03435009072818512,0.04254507851379171,0.021601270243668688,0.01680179406454355,0.012401202076344119,0.011346944074335862,0.01712309651545225,0.03406263521979991,1.0599999342644957
0.030551379580883397,0.019290468725553928,-0.008841505816343471,0.02688063129899208,0.0060374251346469645,0.01047624858044742,0.0009108513931318542,0.0125099273149335,0.0075456074483085415,0.011159175195926341,1.032943237080535
0.021708515050623586,0.038708297996055845,0.029198579152442065,0.02465570870040673,-0.00485818910319347,0.006557338511449445,-0.0011160869375846164,0.0113510071878378,0.004151392757789557,0.006158158866588015,1.025991801422694
0.011303129306695903,0.024206349208893876,0.04108810233685376,0.043280194565427324,0.01423017043134197,0.027732343626388826,0.01598387436219007,0.031099233751325304,0.018590369801769587,0.03143391986414858,1.065587328295376
0.021137185686884365,0.04372341829945135,0.021259461698928554,0.032370584207063735,0.024557923021419112,0.018422953641864623,0.00506005264310474,0.02169626580948496,0.025999171484860722,0.03371027129257758,1.0613496514090786
-0.005690873360171038,0.023728521614554892,0.013186047210800744,0.032503865352622056,0.011060715676792607,0.016696209562229728,0.0009806862424277772,0.012807018900825418,0.01972500474741126,0.014745261257355962,1.0388608933625147
0.014682239710297074,0.02396883258554236,0.04344681752996004,0.021902277253056136,0.007762257005285036,0.013070785880350063,0.03218863178818698,0.011029624584341922,0.03638371907658696,0.027085349584902156,1.0421369971440244
0.016978914057656846,0.04474257422165211,0.04371011546231455,0.023025746270829733,0.025957071209732792,-0.0012019710664777673,0.021455365851684033,0.011566717005490995,0.02410682410088534,0.021451732947452944,1.0417408999229432
0.005131280956733134,0.021522908077238882,0.017145239074150883,0.04016062785810876,0.006093595323921787,0.011729117380574888,0.01137263558619725,0.015933839213766513,-0.0005592972146794828,0.02009209035927252,1.0418439523622032
0.005830829351869667,0.012413680621648202,0.03745252166450866,0.012730203870664682,0.03290429216271517,0.016352761677357067,0.00611839299280444,0.01083340598282092,0.01932342753848408,0.010404933250259023,1.034523612102601
0.030640565948321,0.025585631115997175,0.028557698808263816,0.034991879640276904,0.01630809758382854,0.018090889717934162,0.012987131259573532,0.010752982979731951,0.01888582178486184,0.025257515759940126,1.050846643314226
0.0030449476664832064,0.012899343436025458,0.0032560024106864423,0.02421532650929236,0.0004891188326666051,0.018091157833777745,0.020949407920616954,0.010763851029128054,0.015123443724000554,0.015726860104769824,1.0312259870586238
0.013273950155924783,0.05984590879493291,0.045152954630775205,0.04152135621844975,0.02522575765104693,0.021808110442025446,0.02425121866763629,0.022520857921642174,0.012347580120790803,0.005399699965231514,1.0528536086508
0.0077677520943887565,0.009492884307299892,0.01805663806856378,0.008720726363893034,0.016958267640980036,0.022062745492771242,0.010209167410872291,0.014689326326129779,0.014393011607095878,0.0027848826472540965,1.0263841874078217
0.002714074925629419,0.036585643290280224,0.033722598071858394,0.03508799299093752,0.0005135580223098717,0.032369515409516575,0.03533619033884923,0.015400573279925948,0.043545491894248604,0.032064132576438024,1.0559592201559247
0.02438088645574654,0.015139680649140065,0.015342988609079273,0.02898910782615679,0.01439372019131682,0.026718161268243855,0.026404266657056523,0.00366746928681266,0.024106541823830818,0.0026528595607236936,1.0352414919456838
0.01504543000054138,0.04122980649266304,0.033889710020567336,0.029264076028148837,-0.009476555983598178,0.03182579958939161,0.01792308766856018,0.014458908024138599,0.01963150380105899,0.02217297027835609,1.0443650134126665
-0.008629555060274621,-0.0062250003016630275,0.01471302465296028,0.019934320346917275,0.00815424780712337,0.013927433875142897,0.00045420607897208014,0.008500266517604734,0.0030665733147649792,0.01182924198244233,1.0238710551172556
0.007057960392141513,0.028440318497206084,0.01632101668734459,0.04530128414971906,0.015425408305341266,0.041089456888677156,0.021719007427788158,0.020655700436343714,0.006622112318055059,0.02271084027684563,1.0603602265277943
0.026754975918557078,0.01483785256247174,0.027038658631349657,0.03300163027981253,0.02099049548346804,0.00892594376146534,0.009835521634703043,0.004158077927245693,0.013282680886415309,-0.005925971160805073,1.0292432741660689
0.026438079190255585,0.02859408748940872,0.006201833421831195,0.01317159770390262,0.008159187365470416,0.009158228183287195,0.0029789902547718975,-0.0014654972785269251,0.01668406108805846,-0.0035460565003840394,1.0163600423637584
0.011682643237146035,0.0255654489221489,0.01637843369468454,0.020707632867831605,0.006508945350083971,0.01850092587800628,0.007417883594206534,0.02858588046787057,0.013099561797852688,0.011606904424191026,1.0387093865762895
0.011124324897701822,0.013332662512641777,-0.007988536973702642,0.014962674008744629,0.014277283605497033,0.02047178693907586,0.0170945845304912,0.0018520832248952951,0.012204257652459962,-0.011729402854931691,1.0156846171072684
-0.023430072267332444,0.03289742024590872,0.006020470821482658,0.04814132983692168,0.004389998618077951,0.01281903767363415,0.009438296670617867,-0.000106668615411247,-0.00026992906311614287,-0.007817442177091342,1.023116902334662
0.028599805866734582,0.031615003081787815,0.04436560632465547,0.010667024427341625,0.018385090943147577,0.02312380025073066,0.01509338247939938,0.01906701668866976,0.017894381818913462,0.02350670203418932,1.0448710255370997
0.015188779015347424,0.027540754792062593,0.016881576445506318,0.034454981187026536,0.016915727685161707,0.013519783479789264,0.013238926020390894,0.011226104544742484,0.032925441400261116,0.021132134359926648,1.0472160801592163
0.0034333225838578314,0.014339322780026673,0.013090683162680703,0.02153644913977021,0.022345814529250156,-0.005896886757907218,0.006462336307448552,0.006574302786089862,0.0017734061992666483,0.0015229508491064695,1.0198475310011077
0.010115783351170329,0.03503686482645457,0.03592607106575441,0.026749356001201777,0.018648439023082428,0.03711528211542364,-0.013443310233538019,0.03257296527151626,0.03276197094415799,0.005073529478715515,1.0527956185610947
0.01573606982712705,0.026006872664434962,0.021775382334520088,0.043864457228142535,0.021850269697019344,0.029231089755513338,0.007724503532663238,0.03907737962743531,0.04858338959558907,0.025026400496156734,1.0722205340138946
0.003911755652255079,0.003389892548578983,0.003457379325914063,0.02282108281131888,0.006720550552444643,0.01649899576571483,0.015505739479903104,0.009903223435526805,0.0011210858106769032,0.0171792656666571,1.0300943715986712
0.010252384448432118,0.032902597878142446,0.03452293144487924,0.0163969707451557,-0.006753031472156029,0.03220387287009881,0.0148209159903902,0.024955915515772448,0.0226092116541273,0.01736124818822892,1.0403648931969327
0.003783423971147385,-0.00021477115506307078,0.019853388889229107,0.016420454577340836,0.024508862103074805,0.027267038767154778,0.001089346117737794,0.020210178617679347,0.0031844725648959666,0.006086059986426336,1.0349866830008487
0.01153446741897502,0.04411732921367313,0.013245626803644795,0.038464340165187565,0.004090473867850072,0.01702497672474588,0.011891346006084505,0.03072839145617763,0.020897996099219763,0.018803059468945386,1.052028935074429
-0.007031578178739378,0.023361719489892286,0.025965743150777473,0.018243130825181916,0.007558256606523359,0.015147614863419034,0.010331605942707177,0.002319844937193465,0.03252549546194558,0.021320222293920953,1.0316055769269887
0.019030934038736805,-0.003941971954811087,0.030987655127495514,0.041064415051314765,-0.003081290242814134,0.008780009454082194,0.0008372693610575639,0.019868154408280703,-0.006416811725780493,0.02773649256688447,1.043342164443081
0.021504148626264596,0.02268867276898287,0.023318852314624522,0.03927269713331284,0.010418058166112649,0.021671940936610547,-0.003678385449902557,0.007301412928213884,0.030508069726705583,-0.0007731287605259613,1.0385474110646529
-0.004698990534542101,0.012503891176862141,0.004770727005060629,0.02660794584060304,0.014641944778074574,0.0181586556293139,-0.0004404264267063619,0.01321705787875539,0.013115818263804811,-0.003734585374980807,1.0272910546424774
-0.007504662336508161,0.010185462679818074,0.010769877067666009,0.012763194537132658,-0.005473370014584738,0.014110604610586271,-0.004038414306320861,0.017173058042430953,0.02252386991356846,0.014258041337889165,1.0247430186403867
0.01487839388571383,0.018799767723584847,0.033525931367001036,0.008896148519005845,0.0015711991394317948,0.018907317688681546,0.010755588074254807,0.013665594649972995,0.01962757229363856,-0.014058744886724782,1.0152436527345774
0.021318356162518967,0.016598032926657298,0.02792426941682814,0.013641979241513473,0.03530668833722537,0.043945945379584225,0.03205998429755419,0.030775169171691444,0.01282256878554562,0.0031283435840989346,1.049014015790405
0.0015588115651899732,0.02360680440817725,0.011412790828840936,0.034567231059546864,0.014325912589628384,0.018728418176045793,0.012508957382174588,0.004252092557337245,0.026875496287693063,-0.0034888360176823265,1.0309443629603563
0.02154142726409642,0.0003305005240433409,0.02768728600671046,0.0061956628809046975,0.030995565735929084,0.029667247085698026,0.018776646934528983,0.022678343711101598,0.023645641277903827,-0.00783802503037232,1.031899306562655
-0.005202800539183636,0.03566972582511053,0.03180979004440803,0.03140740157569186,0.03502648672360661,0.010032996927819497,0.03765529739797772,0.04085298049961692,0.023842081286798343,0.01581768160677623,1.0562589553798338
0.002593910084205649,0.007700534365302969,0.009214676693681971,0.011170487628129236,0.02169932109588288,0.008699928772261395,0.008700703014150867,0.020611541503798014,0.02969838444987009,-0.0045461909874175074,1.0243955994489846
0.017545431143748208,0.0011112275978916227,0.026998338385703344,0.009884637035917769,0.010148633848279754,0.02190861566663509,0.004395320640322982,0.011938962920256441,0.021511626656770807,-0.005669220005540536,1.0214866499967237
0.024270281080524467,0.005300590108073752,0.021567608853901833,0.04249552567618341,0.004200315811410626,0.006201715445347505,0.021771226877727316,0.018499395712153314,0.020294084088367168,0.018538768600451668,1.0443906967693528
0.012596714855618543,-0.005153634839661279,0.006700541362222116,0.01579378065555407,0.005503469920303232,0.013509609098921248,0.022419689762977667,0.013220552236005116,-0.0021471112055037878,0.004615052162888552,1.0209497058164354
0.013114009870380701,0.026393184759783445,0.010330787268566396,0.024420273969914825,0.007268484913808249,0.005889456266608706,0.0037066883389513254,0.004660069874468961,0.00289193586250318,0.005569446032476109,1.0236475411943196
0.0014035227319438553,0.01803640798051907,0.0167596568686354,0.023848001071477845,0.007928753417474971,0.03565874255153908,-0.009086822611051877,0.003740796942743577,0.012453211140987658,-0.012802877894366918,1.0229949332389285
0.03882228438509061,0.0422512310573282,0.025025641542378952,0.039585763948506714,0.020581294348103157,0.001656999471909358,0.006423445962857568,0.028650315477404688,0.031544553672763334,0.03414862446861721,1.0639575142554414
-0.00535675039682959,0.02718736125466477,0.0413200071289241,-0.00468676320355944,0.001577218868117962,0.012061084377777379,-0.008466915817302042,0.01289120269294483,0.02420395454242437,0.007315725673281037,1.0160986611869804
0.0035385523952889157,0.014682586365250556,0.005001664372750972,0.02546722143772792,0.020056914658679453,0.0007214259920756434,-0.0026956096393809066,0.012890858937890362,0.010734474301771116,0.017286471350269172,1.0338121576902013
-0.011558714684178134,0.006869321110847062,0.019051035710019038,0.004049489552428643,0.021320635887136962,0.019667423599162792,-0.0015813382964505003,0.011168002430498024,0.0237259756608397,-0.0053803065067954195,1.0183621690835265
0.010093832722072385,0.02866749270252351,0.024628895750258912,0.03172787606879702,0.023603064221901074,0.025384689375620006,0.02107413635036361,0.027348831848287583,0.018050740865370382,-0.003023607438930851,1.0441475258900628
-0.014401489668974018,0.008662864731867469,0.009500658632865571,0.01302955348320092,-0.001928762782300952,0.018086004054765382,0.016516009814181967,0.008010316508140186,0.0057293937302817875,0.003674509825871322,1.0154146862916356
0.006013360689271725,0.021118578779633267,0.023050090442792135,0.022991928812174153,-0.0023026313737408953,0.020245820428104837,0.011684490456459334,0.026962256811256538,0.011079772048024445,0.011601104345539053,1.0359783907277351
0.004765738127623062,0.018884954993286567,0.026554077922388196,0.05244656390447837,0.01245268184977274,0.018936983834755505,0.0008055374482144086,0.006240400440594018,0.0024878871200116927,0.02213625644390889,1.0492667179787267
0.03154826535597371,0.03980474290055719,0.03294648346058082,0.019917898078959904,0.024667636889064946,0.025080612158776504,0.018022965137135836,0.01592176353384714,0.024565970696016567,0.017253174179689825,1.0487096837834429
0.010190291353651121,0.017054287995403872,0.01668965549740399,0.021517917582961666,0.005817920696875575,-0.006263396672942256,0.009252436502372587,0.021320732511892856,0.008014497828969104,0.009070328099975229,1.0259208336281236
0.015891025345093956,0.012190883009790656,0.0005389445097774906,0.032368471470881524,-0.016187624158012982,0.01033147005496133,0.004795234566703815,-0.00012750511438868774,0.0192257343073535,0.011961081980893845,1.023750005755947
0.00959183357721248,0.03219751019888158,0.015711041838157448,0.020300259965643826,0.01597561790285113,0.0040371019249350396,0.02744613205099483,0.02119768836540005,0.01595930181561942,0.0018959806676825692,1.0298254555886468
0.009091497326915898,0.02187731868348196,0.004017914693130151,0.002724147959929415,0.006503721484771134,-0.002691758810156559,0.00809078330674078,-0.00036765357733514227,0.007524083585595507,-0.00822285296478737,1.0019609567769432
0.005188135068958089,0.03226603889548097,0.005764394423419439,8.010789148123892e-05,0.007242393154574516,0.016523349397874552,0.021777711216722985,0.0030185133618284895,-0.0004293791286276924,0.012102486837976236,1.0170784501282204
0.01250589805031712,0.041577480917533126,0.031750267953064244,0.048820907882975,0.019567672597453758,0.0400069930638542,0.01682590717274965,0.027554568765704425,0.03436817664660412,0.016238570114819117,1.0678587725617261
0.01967889532634378,0.027527677796367677,0.019360977332103388,0.029399042033642086,-0.017728651551329494,1.0295796763527126e-05,0.008893658740825303,0.009719626255313106,0.004448744682100016,0.03183579715357833,1.0324583641004386
0.006465192892653348,0.01716984707021091,0.020011833801373027,0.008025668780178184,0.02073231394701001,0.010434381034902827,0.014074033844555682,0.008108563274279952,0.020560058497100627,0.03335562080575254,1.0368188184847449
0.000870596064473571,0.015305075521246433,0.046836467226190365,0.02440033754537804,0.014480439695568167,0.028508797528849564,0.018541173427500883,0.012278657344487586,0.001542873217321973,0.001986261329915584,1.032373130104339
-0.004860419599636992,0.015391180183681564,0.005062318491052483,-0.0009985021420191899,0.0009222834345839429,0.027814636260164304,0.015772386725938226,0.025687526957566136,0.016598867165353203,0.02448097410082742,1.032273262628677
0.0029700378842108747,0.0270242534415794,0.04093495231299461,0.052161136233044185,0.04205619510664488,0.04301750078635013,0.010231201950104483,0.0288409152222473,0.03351826711287361,0.00598833483957991,1.0705363144609
0.024613121492135466,0.043227115021431235,0.042126971021912034,0.04070349840328685,0.01017655158361182,0.01572982477383369,0.003876513699831354,0.020338667540020092,0.018484453542703397,0.009179529831386911,1.0480812284067578
0.026805939598370493,0.038094937503185385,0.04252902144715369,0.04248860606568882,0.01342418663854406,0.04897729489583589,0.009543686601360287,0.019839998815749063,0.017038006166106377,0.013491628199855752,1.0614567099662175
0.014396248996026852,0.04997730056067974,0.009305931885933646,0.04832672077714222,0.012213380883162003,0.014403723044420587,0.005093662374643511,0.0217944223648465,0.02410984867087859,0.02491774372901216,1.058698444909096
0.001247959115859322,-0.021820112870579465,0.01396176220701706,0.01632908143158045,0.027023989939624942,0.0205659509239121,0.005914517183017843,0.012553215180152719,0.01020011760765477,0.010585019015178708,1.0314732779064664
-0.0038893815394321386,0.037231569812581036,0.04680222784048066,0.04673234530729223,0.017470704953987823,0.01183754707097197,0.011475792107171142,0.01736034752678011,0.022144630032038218,5.959792413525941e-05,1.0429721774118155
0.00897193463236263,0.019686522157996808,0.020326446138076455,0.017253053686507796,0.016540406656916983,0.023107550377993565,0.010014819338335739,0.010154653411200622,0.023553035462668626,0.005000605846078764,1.0318450789792073
0.012202219424034133,0.023359802799349218,0.020910718379715445,0.029762169630557476,0.01766591635084926,0.018520765114575323,0.024805388892010144,0.011416159511405953,-0.003323817039683541,0.03228016099635604,1.0472673474150929
0.009839725351237442,0.04218739340254521,0.06360319838241586,0.05535820892922149,0.044461279961990896,0.025968911105531022,0.020843094876796232,0.034472922360353854,0.047236388288426745,0.007744832389977513,1.0746814147866024
0.003291396770135792,0.013656636649870397,0.016443585615363784,0.014004855888212089,0.02133298466558103,0.01125112058832637,-0.009471313284642631,-0.0075504376105609075,0.01769602769047866,0.01272194753265396,1.0233347122554737
0.010262225358879495,0.03286616737824448,0.021704589089587358,0.03517375052021545,0.015387477348377688,0.020042802691780322,0.0023352435118640727,0.029680637113188607,0.017954146009526772,0.008458784837922527,1.0484666100139808
0.029087278930994182,0.015873215729653042,0.012356026024399827,0.030587596916771848,0.018833318246544724,0.02638174610911995,0.011065819011733865,0.0239970051453134,0.02398145067820652,0.013565153369798388,1.0508043268925569
-0.009169891066821378,0.010525571383862183,-0.015135457777402245,0.019183821283724856,0.00367115442141854,0.017985325699553252,0.009995175376680645,0.0002712045827543679,0.016099799468361837,0.012373784426568607,1.0222688314704478
0.0062761294501770155,0.04244211012198833,0.055740954842461485,0.03103571712960529,0.01407916965666951,0.005895494635876101,0.002442771610599942,-0.0014076570218363518,0.011527936131427077,0.022602996059580476,1.0373006036821586
0.00992680377478311,0.01794970641419801,0.026410506141628043,0.013775658876674422,0.027134638157546596,-0.0019534217668292324,-0.014401428548956137,-0.008076464205792304,0.020828751431986064,-0.016222391103533258,1.0088222452361553
0.00843237261956251,0.004420239995467841,0.00598543619329682,0.004205216837082694,-0.005541892033857906,0.013763972323932335,0.0019687094074161333,0.016793106220146747,0.0004968276910431377,0.011742550428800347,1.0180304542448182
0.012410680467644984,0.020543267885280492,0.034253024838969956,0.023791863645109056,0.012559219059706446,0.03235120809983549,0.013184972723247238,0.009683693881209782,0.02551661746765961,0.02189468813790787,1.04540223318561
0.021141214550398975,0.027666286926031243,0.0014586997893369959,0.01711716958683176,0.001912607050105936,0.015789647908982428,0.007487643259430869,0.004054366304355408,0.012753323661377398,0.03459915901298358,1.0372033501669542
0.02902946408749317,0.0042258424072818546,0.031064921255543262,0.028653157677050723,0.01981613658791329,0.004390039403509483,0.008939227899171663,0.010718415006275033,0.015747786195586817,0.005138817046660334,1.0331856566681934
0.0016983515249139438,0.02819093730567529,0.011246615491099331,0.016397057951936973,0.010810288962361511,-0.004329103761710325,0.004063625159475129,0.00505274349249769,0.012910744540952816,0.01475566713816004,1.0224393974539314
0.01822602695324088,6.877471954017111e-05,0.02308675394701205,0.00979334497443793,0.013521787906699959,0.006857828907577654,0.015937920789143474,-0.00027428629368581384,0.01299403897370962,0.016523659357255593,1.022475495471414
0.02347501801351195,0.013529536995380608,0.01740376341379292,0.012805977607543397,0.0016060278298398734,0.02214645319806466,0.00916572678410443,0.007144992456173374,0.01576203542225859,0.01341968479886084,1.0282351455042336
0.01812200518206906,0.02324263426887622,0.02031262469846236,0.040199569573716676,0.016774118477454414,0.02596684990879254,-0.00284862870457972,0.011915132180681682,0.014319072199577329,0.0341854937875847,1.0581497220707925
0.01049146991115761,0.005896550738970134,0.021148473663986724,0.008412603713450291,0.01616726885848615,0.025336622898957006,0.018826954756890675,0.004705531339172278,0.013531997807139953,0.01325873138796687,1.0281058850605171
0.006287379183057738,0.040567394587529344,0.03325901136075918,0.04839517670803603,0.007201920353295782,0.010614083106253423,0.020328727316005282,0.01875233632909093,0.029662909445595416,0.026090263478521558,1.0550498808558422
-0.00567140734288851,0.016924480146685714,0.02273041006324005,-0.0026384883424176806,-0.00864097413846549,0.005668648879428834,0.007414878332947538,0.01548478802646196,0.008547817806983035,0.02654244536120445,1.018784656859121
-0.002053372461643426,-0.0040574733347467085,0.008365248494511136,0.0003995361393843086,0.01268217780263311,-0.006742352468984896,-0.002303678582486696,0.016762522436756966,0.017803544017721572,-0.0174749011300767,1.0017934301341802
0.0014866688119207754,0.02890621008464503,0.04058477224748591,0.020642756916595378,0.02118214691381314,0.01818066279537782,0.0078079471385589265,0.01905093578221885,0.03395804221611152,0.024124619718553383,1.0474416998925646
0.029314676181747133,0.027648179575172727,0.04223867036539583,0.03608145687501663,0.017339911355290227,0.027303777601708486,0.008969822597606683,0.025530700252868556,0.03676970648082501,0.01349835944446819,1.0570898070846826
0.00825198481678054,0.010510705819164327,0.014653156190846785,0.024166583804811025,0.02253127708022374,0.00974918312577345,0.007983654140697462,0.009499559780038844,0.017968394303769036,0.0022246856497568687,1.0295116041358547
0.00856346956062881,0.030108586417185015,0.03710315784426281,0.029635357536852636,0.03936215615482329,0.02546153928563748,0.01805499031819774,0.0218464487919796,0.012298372729455142,-0.0006471623921428631,1.0465532500939663
0.006981264629098623,0.01830069560165225,0.0032782931063028587,0.04254107163557164,0.007174024472156645,0.027882632991670157,0.020635686079155783,0.018195494612380448,0.014822918992556763,0.01225230148206993,1.0465331215164224
0.005022524169880279,0.032160595168060274,0.027188376250295757,0.03971906132892933,0.008344268678585802,0.0331996768636777,0.018519463399318793,0.027800012776530048,0.011124860248736391,0.007670913261608108,1.0498885737043842
0.01642814535962358,0.025127071286610052,0.02515565727379033,0.017388849678354672,0.015913411213655502,0.011389412501935432,-0.0005223715704800978,0.009092153138722796,0.02311925935432114,0.01527727192733611,1.0341491434918204
0.0021197009784612465,0.03759019448245122,0.04871211568498106,0.047760202878853464,0.01274939609974397,0.03028208569464509,-0.002092235833313895,-0.0012450777189109592,0.013918208496008461,0.01676493696498578,1.0484555453991267
0.015566912222013441,0.014489464587801851,0.03363687002228306,0.0371453107744104,0.020074153902334836,0.014550538103691071,-0.0048656467575735295,0.017182281971134805,0.020867014772732038,0.001393986177857437,1.040936940016859
0.016129875112343123,0.012286558534899513,0.01918296392546443,0.006015749864887754,0.0006111850404457659,0.016237866604177743,0.012746739161053433,0.01621846706441153,-0.0012973958280665231,0.009298035287729415,1.0216313101964558
0.012606823002108592,0.018824304829761367,0.020423704036218127,-0.0031178711158619393,-0.007907096504772346,0.01974024357620448,0.009715529702704171,0.016881590110665524,0.007222112251595463,0.0272450318049515,1.0259810520266406
0.016455617612141187,0.03703662646916442,0.01742230454185006,0.012253048621124753,0.01184198387686168,0.015120427189905455,0.004123007080894584,0.006364637827400477,0.025370119511128546,0.02071219596272241,1.0341828788635195
-0.009289588522586675,0.013152157329802303,0.02661127299873218,0.016708867792411528,0.025118607372755113,0.019438975052353008,-0.007726043602129088,0.03011063176486166,-0.009065937124007557,0.018739711489774435,1.0410732194347545
0.002288262091849483,0.011676353359684553,0.014320590047143157,0.015563224399883124,-0.003436693624334746,0.004896291588318667,0.007811615780674302,0.009371493275643843,0.009598122598649773,0.008216377212326063,1.017692956025061
0.016702718700260712,0.0179627579712485,0.022567777674712238,0.03316274462860589,0.018119108592335544,0.03542145889322917,0.01312230647580799,0.01752623421652493,0.011964795305138253,0.014109115416463727,1.0498823146679859
0.0041153446941296565,0.008379060159442063,0.017280795964950108,0.019048730268337845,0.020376137809152792,-0.011669692784566286,0.008142103469467827,0.024884179835433326,0.025726426721198146,-0.010965279794579307,1.020003174453204
0.044928282745632375,0.022655319958934907,0.017642127446585956,0.04233903756791313,0.010082180094228493,0.02839642479591256,0.02200641635736833,0.02408368904601347,0.024230067616374053,0.003688374109135843,1.0519931524805488
0.00842507679413475,0.0012783919979945518,0.014407105957014417,0.004337079587334418,0.012348369638427188,0.024607789239132975,0.020927755933566564,0.013056032270955227,0.02366699287511606,0.027391843257838715,1.0351724129188662
0.020950590251133386,0.04548863089829404,0.036492960033287586,0.043382311943992266,0.010500504751975571,0.010992108033780961,0.0037021019273608246,0.005129077223075056,0.010569193102396426,0.010033096765553869,1.0411758202518349
0.002809765472387293,0.039451802480539436,0.023201275195494312,0.023299827471303755,0.017191820119311065,0.03364875374587528,-0.008738164200882269,0.02321839838132373,0.027597701562384277,0.02404364949767315,1.0535960943709846
0.006211483764728163,0.020901389135698622,0.025290329043524844,0.019430539984058484,-0.0011973540910176824,0.004873393742440948,-0.010019836160744078,0.008716910252953637,0.01285156198862168,0.011602403710443344,1.02355353939748
0.017681110557366618,0.025919330949394408,0.01128323236164876,-0.004465190052303737,0.016791154932643482,0.007109654146075978,0.002696867658439503,0.015586321101729517,0.02065198771117649,-0.006462443029588648,1.0147919972855806
-0.006624575171993259,0.009005663165572457,0.01976399363598427,0.02622608581173737,0.0017986454712384942,0.00031433499484274235,-0.008055778627251493,0.010261229091855265,0.009926826355903405,0.017723362665418234,1.0266611285840537
-0.006411210493082586,0.0355766605305063,0.017084028157561784,0.03927226069404101,0.010225291901709167,0.008653017609201532,0.0005474710563156968,0.018854194001198293,0.017768757416529207,0.0007851584166548523,1.0356537930075427
0.011144002138340837,0.0359628114668763,0.023902261353286863,0.014765964365411884,0.011128863824412003,0.013852730938177469,-0.009432425678548356,0.006421446776576015,0.004847995393896091,0.024259794743133552,1.0336727363692773
0.03583289825358438,0.015821983697373344,0.028257935791758674,0.022986527574003116,0.006511804248692131,0.01620463565931023,0.019470337845671547,0.0019484620786588101,0.02940216194335283,0.003003314112465353,1.029019240103815
0.027579757078755957,0.05163358191883368,0.043314754701694984,0.06259391546762752,0.03747210109834198,0.058142630574334615,0.009116444557083788,0.015262817358076634,0.04955711777455948,0.0354793321797519,1.0941030706288788
0.006391052462193994,0.03359974223159938,0.01872303807518654,0.033610448373478444,0.020216949088402644,0.010746460032125926,0.01761051247544507,0.00027036939509010247,0.03334194501639961,0.01260338396436221,1.038202389304492
0.017047901327384273,0.03075017039001273,0.03832662152984919,0.031686160798005014,0.025314105608858856,0.03168711931789135,0.0040124884173236754,0.02953199104298167,0.010066006511060308,0.02908768684429719,1.063295226442746
0.014588145080517301,0.025076630338797732,0.03652689900395473,0.036173879515365825,0.0021594156309857806,0.01688471815413969,0.002296305658859011,0.015009808718085731,0.017200888983158077,0.018175382280330887,1.0433623570789297
0.011869143051578209,0.04465422869759157,0.016843992167598982,0.023941292988594036,-0.005413293810927095,0.007440908026783228,0.01561290776489831,-0.002103041901875744,0.01905644017667185,0.014452167632022166,1.0250337327439452
-0.013158928820515937,0.008131501264623218,0.027631172987716803,0.023180485778699352,0.004816600336220073,0.004347993008331622,-0.006368284845271081,0.01922169305997115,0.01968521198807645,-0.002374625766710112,1.0218097603893121
0.017008403743636935,0.015087284666609722,-0.007261887872770819,0.050125237887555546,-0.0022027020095524083,0.029080110251647827,0.00976100108292685,0.020573317485474942,0.01114768870971828,0.02083046655685348,1.0528653970618602
0.001933641122464861,0.012906812606389786,0.01981100364003266,0.0038434122556952176,0.009534194137411085,0.01824055937090928,-0.012671856567486983,0.005891291592940938,0.023656692153047904,0.03790181081254124,1.0351024532920174
-0.011697384427574677,0.028764943228573054,0.006515489056177504,0.004360252269965684,0.015069431771737245,0.01409640972198568,-0.006630894008198985,0.01299776010957503,0.02436268455785269,0.010078878568511905,1.024421279296858
0.0025769920581557547,0.02556983970031568,0.03720537190444699,0.028720948230517938,0.029054167696971916,0.032752073658208834,-0.00024886016239563345,0.015920019487795495,0.012009137941677463,-0.000926005461842903,1.0420412545091235
0.014698589161609876,0.04016459774200575,0.01989550362547312,0.029347615967388024,0.0039053730901901056,0.001943503207358921,0.024730468625088202,0.002338959344801661,0.008046947386375026,0.02762165851634138,1.0352011328287705
0.01571732586818935,0.03270591867652405,-0.002694455315300593,0.0014429450988630507,8.142219308228567e-05,0.009060747905033945,-0.003697998229104647,-0.010992092750739122,0.0007869616294542067,0.016791432340985665,1.0116247419115223
0.007094280869358389,0.013692572561714234,0.025869450269387376,0.003333365591298789,0.000964546265238975,0.018360909180363174,0.004777769988713742,0.003573639064657602,0.019526052580772404,0.002924248049496995,1.015076796572542
0.004722424058385502,0.0038380173303885524,0.010338149098800022,0.0029183881156147513,0.02858799564927721,0.015551409900930447,0.01974156792248488,0.003546777479429341,-0.0018788334885301555,0.015944057802203843,1.0241200230876595
0.012499355973070574,0.020079834559740307,0.017377375210493932,0.04051650250527369,0.017263023577761244,0.0348994468448289,0.028604310650457015,0.02051573742957379,0.008667279725598727,-0.008969391294270565,1.0419430469803692
-0.005821216792111962,0.010245936175488869,0.017885598526316514,0.03347230519802087,0.016274370270894803,0.027362217940658223,0.00816543387839092,0.01745149450498104,0.012024498233126216,-0.0037978702498626567,1.035159155157934
0.03890114202327843,0.012322060901763025,0.04052064624077828,0.028019204139296726,0.02164053147879826,0.036080863115645664,0.02050543337030948,0.026414603942700322,0.0214716025678313,0.0255247770758113,1.0613869959486486
-0.014910121599885199,-0.0043507965127721464,0.01295157561288463,-0.014550957601006529,-0.0021942626908182184,0.025941850017004574,-0.0030463893411119877,0.007793052035752306,0.009608872087710793,-0.0017416084489454402,1.0022619681739997
0.0026236345075174227,0.014617579571096466,0.0016595031070794006,0.002002488468935743,0.021836250715137732,0.012957382111315778,0.018877054629487803,0.015357072783780484,0.004321453467252355,0.022573008107138075,1.029646128435824
-0.0028075687756941685,0.013382040186924628,0.017014134282959503,0.012508110711746685,-0.016899547383902012,0.01668788823207963,0.0014036190247714467,0.01253544643915491,0.014442066788158538,0.005570507388849493,1.016143563910946
0.02327998630019003,0.022771926232487222,0.022154265198683038,0.011560562314930578,0.005073869384471376,0.019028051774501748,0.010807185029252393,0.025463077311074618,0.006711821314256992,0.012189253150288487,1.0339249485962367
0.02228055045156336,0.02998272302235407,0.02515170438137567,0.03543738325900028,-1.9678195024313075e-05,0.007664243464718057,0.015427798263930106,0.029554371681726792,-0.00805729607264738,-0.004607564181928284,1.032154942830685
0.005427432673523552,0.04700895163942751,0.05124643259929239,0.017486041537895416,0.02086812900694674,0.014825714351859448,0.007696797907617157,0.028545557730788873,0.014141929611768661,0.019587095444015646,1.0462470729874196
0.014758801632592421,0.014501938498535823,0.0245694059474134,0.032632266629643907,0.009085138674113926,0.018227396233526275,0.019563030074185115,0.009902489163995443,0.03182904811552132,0.023839075172314123,1.0452863914061095
0.002692915639695784,0.0060840528430694835,0.020197284394365102,-0.0004992141215255513,-0.006302465201325111,0.004462693205387629,0.0035084381913639546,0.021454438480350318,0.021944073827379205,-0.0059628998025180145,1.0086120977288107
0.0041531016013584944,0.009230084014974913,0.021836223105588515,0.0192546923373651,0.008469393977419018,0.006229303382746041,0.014086173110101453,-0.008673747449445105,0.024249443103372417,0.0200807165396831,1.0239159688252168
0.00891037054283196,0.015925327321711435,0.022186672091228474,0.03537809513029285,0.019228576643183223,0.04801164761991894,0.022805595255773393,0.03175965785219012,0.03530109335137975,0.006255680785955427,1.0583002861902349
0.018531498159005202,0.03602447846633379,0.01776363665132402,0.01790626449373639,0.011161061362418843,0.012065415180016775,0.009879494695030371,0.030445801622415183,0.02336334931259809,0.021161808681925943,1.0449297018196573
0.015408287953040955,0.013263367046891862,0.02446517631117008,0.005524053348418706,0.013295218237298569,0.008865120432478755,0.0032326173094168993,-0.0011871854635376756,0.008065037757100772,-0.005991733853356598,1.0103285600081162
0.014416801210275542,0.01740354402489225,0.008714236105194301,0.02854733080685328,-0.0011688045033732535,0.002729205484386865,0.01284182157136416,0.007024696674736148,0.025442664354149647,0.00010694873439451823,1.0223467994813713
0.026226098476706226,0.023547800860340425,0.01740393821214653,0.03830463542631002,0.0033958068574588985,0.03285456951863743,0.00617515365791871,0.03350897094864248,0.007560327045900542,0.03260692206344671,1.0629654519643865
0.020490437761983088,0.0357707541462315,0.014099678292985916,0.034990452195999756,0.034009857020724656,0.020438327365963998,0.0172991787577609,0.020570652678632992,0.018524866524464688,0.01635482037745917,1.0553317007204601
0.025673977413749,0.03177528112884561,0.047510525931699174,0.04669186762949131,0.020230136843116368,0.021768073859516415,0.008535093534100504,0.015544025857338233,0.012887225096203053,0.024492628159246667,1.0597313761299172
0.002463465450751775,0.012320872120864412,0.01032002433928698,0.019143776904728422,-0.0011932336756984123,0.0011211339790468278,-0.0015825384753378278,0.005262888675020564,0.01573174357463326,-0.0067438056809344775,1.0109210780231395
0.0021884409093454356,0.01700209404652212,0.021048031274151547,0.023927179752947093,0.0246490326035301,0.03793406113686603,0.008760844221330555,0.018129664389474685,0.02879837039126097,0.006467266832179262,1.0451584120872657
0.0205287575654986,-0.00012485268847896303,0.005292250976103953,0.00017235788052637722,-0.0018266706656339896,0.0005760958509495612,-0.00036719823836056046,0.003915508202611639,0.006751853301193188,0.005677498766992537,1.0072874224667612
0.016730762336099346,0.026790586751167647,0.013838103836294607,0.029505800819830046,0.012557624046513557,0.008671593615479804,-0.00017202079037649358,0.02758423855006715,0.035844532774058475,0.036790474701006465,1.0564289625521126
0.0015405325801229833,0.029059796758490464,0.030400673499290175,0.04261493566277587,0.02126212143052132,0.03439902204317402,0.02340220333390374,0.02629716402686256,0.0191667175183633,0.020627115561809226,1.061279903350825
0.02955585367050377,0.02579523084681881,0.014879392010986066,0.00732129046208344,-0.0005806726846491394,0.01817413504258525,0.002955742406582518,0.007163123071586898,0.013584836518655975,0.0023177960707868248,1.0200260434319726
0.012698301554122523,0.051578469035103214,0.036031942483880725,0.03625818221929219,0.020312860513375847,0.029002748722288568,0.005041087113288031,0.02599354514102528,0.014772399215895932,0.0009319531287231928,1.0499207530168544
-0.003142540152240119,0.02216748163627943,0.015539224671427203,0.03306468911348608,0.023085313432876942,0.028019403967182513,0.02056165083218963,0.007614017544893676,0.02362674460508171,0.025038266976765464,1.049487184944554
0.02715873737778722,0.025840434301136583,0.007016874716268778,0.021801020155450837,-0.0037793742490618513,0.019079105469004494,-0.0034527315928347454,0.009187392045102149,0.0053533593142785895,0.007043874676855004,1.0275356272469196
0.016822613654436797,0.030585434348415118,0.02806525471165467,0.03983929923521487,0.04484275816274354,0.04409372513577887,0.012478646499340556,0.030426280349361942,0.04012900241456794,0.02378822100433065,1.0774020444279453
0.00024869684571266794,0.023628679144192928,-0.003642324149615128,0.016165423447213178,0.01467809470686903,0.013317913833080001,-0.0018726735737000831,0.000854896338330715,0.03492310034897838,0.008901906080010341,1.0261063329405808
0.012863409923228462,0.006461840229754516,0.010697668737822238,0.01604203378955947,-0.010429009503424892,0.004818035199878617,0.011067293538741174,-0.0027812859895164892,0.0015362598270322637,-0.002160675810658496,1.0060064688486632
0.00022438569035066174,0.028302190467808637,0.020324428150331312,0.011638291643091886,0.0036783664153544914,0.005416595080939968,-0.0043910023772338125,-0.00642871015473027,-0.0002488886372293622,0.008126690525258265,1.0122749550826324
0.0007727138238940098,0.009379452268663236,0.0073957764935782344,0.018182102511014972,-0.002012430089590846,0.019939963505501826,-0.005098979139215955,0.014690146478300392,0.017637273353256128,0.028362094719905875,1.0359887085856396
-0.01751234036230271,0.034627126517202414,0.024997531049369727,0.041226849600198706,0.024747095792891895,0.0043699796547534584,-0.0028062377827878255,-0.01526522885811146,0.018307866262364265,0.011241856724581707,1.0303772743146642
0.016236193021558695,0.022491884335560815,0.03612006216838545,0.013974115638855544,0.02409884763580636,0.012576963549979853,-0.005892033899269761,0.037248210259678505,0.022382432938403245,0.02110893916925283,1.0489999287297316
0.028166952581306883,0.032224680333320516,0.043348887445147505,0.01858167593190637,0.02247664054964023,0.020299777574927114,0.008197799509832205,0.03280981659912995,0.03241024075170825,0.036129857005268134,1.0618037638422244
0.02172213954509622,0.014436869787366571,0.027055947609165354,0.025625081550849065,-0.002723510666058868,0.02226882159343314,-0.005899595906509812,0.022614050216841063,0.026259949418574895,0.0066676421161335955,1.0370983894716972
0.019037178508053244,0.01667963166481492,0.04137430849439294,0.02680209822645511,0.009719136055378573,0.013093750782051555,0.007383091086620547,0.02952919072047335,0.026023541639414522,0.040942225465748466,1.0575508980469266
0.01257915507205698,0.00919490264372132,0.027537378391835433,0.001558369136096029,0.011105913119953043,0.004947434276977832,0.006063375738673697,0.0014107542914259443,-0.002142433236308503,0.014570318313323616,1.0156728482192021
-0.00840471178634275,0.008153852054005862,-0.0013393701321329863,0.036125418376864296,0.003082634352570831,0.011003759000248982,0.017121197785905352,0.006490297288546706,0.01272260834409627,0.005184735604082988,1.026498911664255
0.012211805108313425,0.006787379490713723,0.02096432053841929,0.022598334957282227,0.030792418392513607,0.016408816818985945,0.010846457977492624,0.013243784825237038,0.027658251386261826,0.011912235924994996,1.0407675231756155
0.009112012018498414,0.015623650878529769,0.021521391548101114,0.016751112585596733,-0.01066697584212566,0.013258869116929108,0.0003354966266214633,0.004931668543324874,0.022454667615908433,-0.002409107083889389,1.0148319351376236
0.015527743850084538,0.010526502610867397,0.014219115417047769,-0.013699604671778179,0.021808189657264464,0.01484017009438866,0.03294849217166505,0.022196216349151313,0.00755256549934424,0.02742671262539883,1.029828154313039
-0.00015132989164406974,0.0204708280709567,0.016113771921097867,0.009607397744021133,0.010280817506505233,0.0058708802500842105,0.02475449651601147,-0.01780617394139184,0.006975857669562437,0.0234742287251047,1.0161097800902241
0.02590813164380478,0.04830840780478721,0.027920572517892046,0.04634179577036025,0.013841690290687424,0.02293152873736769,0.007161012166048854,0.04434465059509926,0.033505815621962164,0.00685843728170674,1.0638163213567162
0.018517522670272932,0.03606495276040891,0.006781192176323607,0.023877962504316015,0.00937646618208186,0.006488610424135437,0.011387566265584997,0.024876022444444743,0.0013471710761834982,0.023978572732784156,1.041686953079893
0.01777833637460127,0.036779581857343674,0.024433709522369187,0.03422910844403214,0.0190260444371291,0.017896250981178988,0.008535141272726027,0.010345576582119648,0.0189804055976347,0.00987921486270149,1.0430551177022245
0.007231201643597918,0.029240525037878946,0.03095322689395074,0.05558053957787981,0.0013166701672449339,0.02620226798598525,0.014114027575972047,0.016636876723698506,0.004528650704018259,0.014210970467091417,1.051162425340219
0.017605486128748456,0.02438786447916898,0.015219426361065725,0.008693221973482018,0.007255729662281802,0.02058357603672409,0.00802216072703129,0.015971400260723696,0.017825460046318898,0.0004396421859052821,1.0250951192839912
0.002602844014933609,0.021581823318394956,0.008460494440868147,0.013882763898557643,0.009269889871801761,0.02079498697469917,0.00752590168983369,0.013520169212212059,0.016160617787011666,-0.012130302115219423,1.018811235395324
0.0008249029375254312,0.0016196359109573698,0.0015023778935863014,0.011536118859444503,0.008861829407811137,0.022212532636491797,0.01983921836872922,0.0043129049153974,0.014939682577958153,-0.006820662840383027,1.0148097161776093
0.014887458708563162,0.029713281420108893,0.00370551791455743,0.027966647894423758,0.01074540496509333,-0.007010816527796131,0.0054737869215174245,0.03179067363296545,0.0016684449446031646,0.004244294693538734,1.0322046731551635
0.007357756856574146,0.0008840233634681491,0.011555405053858114,0.027620550170004404,0.035164725249621345,0.004896093774380823,0.002725302724650107,0.008119229117457901,0.008936851431078582,-0.0004581961802296447,1.029568259506139
0.004653372911737355,0.03515227975383959,0.02777645268093996,0.03951396487188044,0.009065607890248642,0.0320716062716112,0.025889581349575856,0.02366594258375962,0.026121300105672384,-0.004734825580798303,1.0440730791405741
0.004852811607863262,0.02542151629172836,0.022085574663138402,0.044823876165925924,0.03252608854895474,0.03297895432626022,0.018108313015759055,0.02637977803294441,0.014645810924127449,0.01748125360380328,1.0630761811400202
0.02531277460496914,0.015471745513418473,0.03749768971476816,0.019138857097481865,0.014824404289975553,0.014884256737022506,0.005404391483014927,0.022916431370716504,0.013404199609969875,0.01095179273901664,1.0384117283062952
0.03040021871621898,0.0425757386977252,0.013662177295659685,0.020842590061736006,0.0003121103356846962,0.006470732615711818,-0.002085210425872931,0.01908673331887939,0.016967136564607795,0.02821089406238015,1.0415348449282595
0.0052176648097899845,0.02982875262993505,0.027919066248924915,0.034677730078205515,0.006721332473299015,-0.008505885513577793,-0.005144877356175489,0.006475570059339407,0.020332610912018392,0.031548284131741086,1.0388251306337994
-0.00952289607768681,0.014459990947218742,0.004245672211618805,0.014989800385445817,-0.00032113368039380676,0.015401998778908913,0.015121200482878733,0.019463302475366057,0.014870303425748464,0.004795565062720473,1.0228210129438093
0.007060563918500539,0.022607069229284196,0.012988593138818704,-0.0005441568085703761,0.00209831922399708,0.01227626439796638,-0.013884310269038264,0.002918213941449614,-0.0012112466276091773,0.005349173622137276,1.0107528220695807
0.014546051041855069,0.012990784054980591,0.028762485795703525,0.020142509834672417,0.022533644580259395,0.01287127890030904,0.016854299019574363,0.016283583241876388,0.012406606621604959,0.02363225451284562,1.0420232762020747
0.02242337577117011,0.03500274984853935,0.024349486002523124,0.026832383592022193,0.00873826380126534,0.013266332243748336,-0.0030877313785687057,0.005501936228925131,0.024956194476609562,0.01767214580652127,1.03835086731329
0.03594891589911439,0.024611287213772468,0.01949440272742517,0.012037182260361034,-0.0016133575076261748,0.01578711460319044,0.009216153298317344,0.01495209949999296,0.020339836791954644,0.007505631989994101,1.0281141396243603
0.0012397077391202247,0.04881667637947735,0.02840596481849611,0.013472326258394817,-0.010137929024952006,0.019688384000776125,0.01407359458059672,0.0008887083909644433,0.02164200088868082,0.012235171453056215,1.022456372967392
0.01064542393370195,0.0455506761965766,0.057170998924212346,0.037397223366299887,0.02573911666497269,0.036506943025773966,0.013532378614327085,0.011341298309277386,0.034763630507304875,0.021833451109772715,1.0608382036727961
0.007954577623816617,0.01125689627522393,0.010122868063663505,0.03209237718655657,0.020082650898574375,0.019309910476342545,0.011254671782924792,0.021478132410180043,0.032853804532746514,0.010231941337593758,1.0452744779055214
-0.008446534254326867,0.017626393724528414,0.02057634304918171,0.01200470706985835,0.015460314012612778,0.0007485209235795817,0.011716354286804932,0.019845657039779637,0.007715424555374337,-0.00041123538164986734,1.0194014235052584
0.004456472415241962,0.03246695084986979,0.03168914966875795,0.02977682200271112,0.0252849196631456,0.03242086068514006,0.010942115625756187,-0.0007685359122279155,0.032629512055604035,0.03259317841589839,1.053716948806693
0.017544654713988583,0.018549356217223856,0.0157818286575482,0.003462748387163093,0.0009413657884771026,0.022540462522034368,0.017043569812033137,0.007064792952699309,0.013936144716849263,0.020629891644808003,1.0266444097120113
0.006797744779045922,0.01986291842051781,0.014985730895709717,-0.008121634321714035,0.031798286246542136,0.017050964726826167,0.016165386072184856,0.0022265309700729916,0.021703111677337017,-0.0018575748059908564,1.015975854204824
0.006821752914738176,0.02853507186251068,0.017285275526982592,0.019240475929235612,0.004100579518819006,0.006075862705888106,0.00803726070835967,0.010426008399149311,0.026579360995694565,0.0042300281182593765,1.0243611696672137
0.028776808267170963,0.044898303923301935,0.03476576176457271,0.04507194425013491,0.016088948486634592,0.031200605442464023,0.006878059602546978,0.02154054734506445,0.0340160253615769,0.011805388644590376,1.0603899844365714
0.003720185183062134,0.026872262377131008,0.02245623560882388,0.014507658741215408,0.013925030456560378,0.011731302252118913,-0.00046664541224187943,0.011051088328681886,0.025717181442765732,0.006723808180140352,1.0279016322935726
0.0245438364784886,0.01941691624773765,0.01953217235923211,0.026987221993174604,0.022943820310697784,0.012057779565508346,0.018371419461605473,0.005268841433810529,0.02550455249879894,0.026705510382192037,1.0451532850252776
-0.024682805234664172,0.010112556369029468,0.017292800422196018,0.01777748456604361,0.02121492878607225,0.004858165259561566,-0.01254922675896039,-0.0030607664118021934,0.004583031214768502,-0.018396445629858694,1.004957766961857
0.011634665526872489,0.03272290325735008,0.01818452355455239,0.022273614830034923,0.025680974760174308,0.029418833478020497,0.015402404298700757,0.0012827153701088882,0.01785474415204317,0.012721631203452426,1.0395241535193922
0.01215575388534436,0.002875854906135372,0.006599400316091969,0.0070428562886056265,0.007996922259195422,0.015349613077542072,0.022052227129483737,0.004608086836714721,0.015447956858379443,0.001984785233054262,1.0163524554867744
0.006115354936485393,0.018354058792178208,0.000560928201309964,0.017053436749273287,-0.02175801549327763,0.014712477801970523,-0.0038257687275606213,0.015647888516483844,0.025859898090913366,0.02975622634009583,1.0311723790877538
-0.014156698120813275,0.011236946406691165,0.00866397407697695,0.009151425936740997,0.0031044645568507837,-0.0018828683804596996,0.010611578492046978,0.008512584122992566,0.024589604726646293,0.02141529001399924,1.0201535652244007
0.0072499694978579825,0.03620107115214572,0.03559782703406255,0.023038683698389305,0.019858405589339538,0.006369498688109935,0.010415812363960443,0.014408362884496144,0.02215306015442157,0.016059715043392937,1.038616204765245
0.012038761269818041,0.0028133680249827,0.01639648247761124,0.02515660825330355,0.004451225692570074,0.00910644607598499,-0.004353244550101443,0.022155946314124503,0.002639680941132474,0.0221467806774959,1.037006885440395
0.02013784348129721,0.017132744725094157,0.004618653701830403,0.0172237904506148,0.004006182741084887,0.023436220812316066,0.014280613470244353,0.028464078532971483,0.014422632734948027,0.020104543746504014,1.0419407165737187
0.012179660993361976,0.03333035945757768,0.01629702106904542,0.02622730513006305,0.013686399609365081,0.014011646549431931,-0.002124464546571196,0.01835987412302002,0.01614117497428521,0.0241473151752215,1.04511677526511
0.010063511401277866,0.013425711389498642,0.02690610880736368,-0.002424410069166695,-0.005698333467990308,0.01627135143862688,0.00040169371979755647,0.005751848515376846,0.002870202357459403,-0.003634101012570312,1.006047106392292
0.0054209039277645895,0.03271276493900465,0.011919407394602628,0.021374853045125253,0.0031505925413581257,0.035506448340930565,0.008640745690881965,0.019498960974827284,0.03284541912245763,0.01310864250799781,1.0424048287268037
0.01725106481561317,0.026865947460412806,0.014880507713003551,0.02527258375587997,0.012665123346834787,0.014098893885861248,-4.926941223611439e-05,0.019685224459437906,0.02015230230824391,0.019812080622467886,1.0433621217848983
-0.009874387717070617,0.0005359654585613393,0.008341167990877179,0.012248593492136632,0.011258817301759623,0.015546863129353761,0.00987024530499811,0.01193709716097381,-0.005068260012243123,0.005670941907499775,1.0192923998386139
-0.012396892150265914,0.004985098508302491,0.008531319071326385,0.014531059810465369,0.014207962922868259,0.0035403631562431785,-0.010040649912737962,0.006529237240786431,0.007820521819787313,0.018594559253019047,1.0233930321965747
-0.005874389554289733,0.021870557341041864,0.008488222075201349,-0.004728247191568398,0.010700538569939015,0.010126578016400914,0.011202512865768847,0.007391126807113043,0.025394726245320465,0.007349154039413679,1.0145042547372767
0.006403614701341709,0.03731545259037744,0.02684365792815785,0.02292023930585263,0.012482730177591021,0.031212627408616488,0.014589125599371509,0.003611652128574004,0.031079045884567988,0.0037623538512261065,1.034690085506688
0.009491325744136154,0.020551750114046273,0.021396266047950627,0.02230021711156022,0.02184082074342724,0.014499823984681155,-0.005073332356085816,0.032625440851270504,0.013662309662461937,0.012796110566216224,1.0445466789783457
0.016126685793698258,0.03419763091508587,0.033694352983043116,0.00035635209749337177,0.007014421926189021,0.01904622848006301,0.003557601227195354,0.00067351400981586,0.024401826871851256,0.01223249854702712,1.022497075506161
0.017470820083357954,0.047764430456036115,0.0396792006120725,0.06050763735716534,0.03840456021475869,0.04143097177889217,0.009606965723155857,0.021125665421909426,0.030464562425699063,0.021013654139778234,1.079873091001153
0.030906569144930732,0.04967978804479586,0.022944349911700114,0.044361147915886745,0.008293164151496746,0.06100190534145938,0.026178066555153992,0.006585633945027161,0.02093801923508458,0.024837578328396046,1.0658071552756732
-6.724976069662908e-05,0.018054822888156075,0.011718975794537555,-0.014974110763838196,0.0022788422469259186,0.019664305063003585,-0.0075628335343738565,0.00634271985834889,0.01635233179112231,0.032471973594562414,1.0214466560321622
0.0321240431485139,0.03231764322255155,0.028680205156093763,0.028549072428372988,0.018183376796963316,0.04011381979769932,-0.0035130366653955327,0.012538631459194679,0.0046033043521068705,0.023008939509619762,1.053989256289849
0.01456949241210457,0.0316063102410756,0.022906793269438806,0.004626539127116226,0.006475050198890666,0.027683356038472898,0.009692344337927079,0.004564208081991495,0.004227183387087673,0.0225693836569937,1.0301471606002126
0.010967712338515283,0.024159479754463475,0.026556703805675756,0.02553300469854668,0.012882281007980808,0.02839167158446572,0.026422893693086858,0.004927910031907746,0.006095758097758775,-0.0036346461100130057,1.028584755894205
0.0003226293869871503,0.027827308380918125,-0.01147864421740406,0.02844891084745149,0.022534739865404208,0.01973891069837402,0.00565624554076434,0.011422016501074344,0.023475089214674973,0.023008597184693478,1.0453488960124546
0.025297964153320942,0.014396589927731965,0.020460745495505753,0.04856297483450641,0.015326168517874746,0.027609942723648567,0.0013355775539767856,0.012388816289950078,0.012956192626993133,0.019905265719565253,1.0553868956066785
0.009680321868214551,0.019346571723298935,0.029556624361900805,0.01235287180349627,0.002189235833507111,0.008113554413569637,0.013825702146187797,0.003647179902010479,0.010024884224690363,0.01801872622372438,1.0232554157170557
0.03587989904079937,0.004192318201070161,0.01547864956377882,0.008477262900110067,0.013159362281467572,0.009913608565794653,0.013719455933701528,0.017540158151000965,0.02089609721555427,-0.011393712607292694,1.019375484911764
0.020072032356055425,0.03169436693886866,0.036654033473250525,0.02662761097395769,0.010503086370595447,0.020738083455794303,0.0074713337247582605,0.028220556506032245,0.017702451204691882,0.013308165075760024,1.0465572740636624
0.006047318248127636,0.00799162439204049,0.02650375046558992,0.003344451897385581,-0.006287717291742734,-0.008512032309570807,0.015635338314323847,0.011758889882708994,0.01991319953039456,0.010083017121961784,1.010694746577271
0.01118030085415035,0.024222988284776047,0.010453368821401578,0.007586510064617025,0.011457820633900707,0.007606206558366526,0.01676283252057422,0.015689322449191242,0.018314163253944537,0.017691208507000747,1.029004860294163
-0.004265119622023425,0.01785220581204231,0.024989345257732873,0.015963985949148867,0.04083082206204041,-0.0044531953724165265,0.005231860575457072,0.008872116719670987,0.02009360661910461,0.003916749234272557,1.027098046432919
0.023080290737745583,-0.00865293607897435,0.018628770913764137,0.02366782275967453,0.004885169314341709,-0.003845399559570164,0.007612106104222952,0.009448624916636767,0.01097927823058951,0.006013659160366537,1.0213320247269049
0.024604973821389126,0.04094690989853965,0.03497706196929374,0.023973776545552956,0.02361716288755688,0.015677925003663343,0.02303079385621682,0.022176621723327475,0.008036063891333947,0.030712988565958235,1.0535079950915665
-0.0018832447759699923,0.03432418257389113,0.019220091597691624,0.026063544694366066,0.009902753111134074,0.005480260669035604,0.00696949344947088,0.00838284854332034,0.023735442266725235,0.036232446924446216,1.042554934605912
0.010300851687870904,0.01718599049255166,0.02393972570372316,0.03146186637821104,0.0002484332517655452,0.011103282943534087,-0.019363890573092464,0.026687421019375164,0.009491498793106075,-0.01043119299763605,1.0276142710688085
0.012277785497955872,0.013028484163430054,0.004267188747627878,0.02973908355690006,-3.0701572458520857e-05,0.012375278383860691,0.005540487464684793,0.01638990666671404,0.011859841671567114,0.017941745504535745,1.0359678924441915
-0.006553784016210639,0.014580755632355577,0.013950360267529171,0.013833809061731714,0.011742186227749501,0.0007909536002558464,0.008225633859837187,0.009327406776124316,-0.010624846436489395,0.017154632180119415,1.0211383842482897
-0.0018598573330810162,0.03208435973708117,0.01913480819025573,0.013082526006973846,-0.006045603657192675,-0.008803218979918386,0.013133908238140967,0.009404787031926308,0.02913282935252027,0.04589957579550383,1.033005779016163
0.0038771950645520043,0.016608036183747267,0.020934564860859088,0.01987560928613677,0.027280421864335387,0.029104656325835095,-0.00020568028560276515,0.01801365273894561,0.026755493515310896,0.013861803017716723,1.0448985841271603
0.02087807408056932,0.008373722759631816,0.020464868791557813,0.04332097770209217,0.015225453400163201,0.013214563751859056,0.02817197477289024,0.010104799051428526,0.007711298936214049,0.016142822826274186,1.0440421350259181
0.008781321351114355,0.03698954331193551,0.015065296911420686,0.03973843246344838,0.006153083381977849,0.030042664314969308,0.0063471997866796,0.03337276538260499,-0.006860077768320819,0.029089480447453107,1.059058713928422
0.011488512461249194,0.017174629330137973,0.024476960452543023,0.00987429572278051,0.009834536059049784,0.013406869956118471,0.02953031373107771,0.010847028507166501,-0.00768829906278337,0.0044664200986376905,1.0199422315701632
-0.0009686394936685942,0.017143225156614105,0.024216514755503883,0.02252101131976525,0.005522267567570338,0.006786537420163624,0.01262274714489946,0.019322761194261552,0.007898608302022504,0.005098041860451457,1.026481400369256
0.021735591651265034,0.021830908957825162,0.03541448498955505,0.04042578932599904,0.02292638764483785,0.03844005744378463,0.020919032231124797,0.021143068511891655,0.02801511378237352,0.02124974021246339,1.0633764650557012
0.020314245081233185,0.02413810605407982,0.02761895524998062,0.024100778974905965,0.00292627730298356,0.0223202953596783,0.006058597237560316,0.015016339420388422,0.019821439283407963,0.019337143517652734,1.0409019754284565
0.002935013524350662,0.020413573321886994,0.017752194396182627,0.019770599799002527,0.008909115189425033,0.028484929745872727,0.006135363448844068,0.010712608549082257,0.008654515687380576,0.017956733416994167,1.0363064448754746
0.02126770957993982,0.019323181036832424,0.016221693436863305,0.01713468855694307,-0.006820575449785407,0.015156999175981699,0.0060827921708884545,0.012130268644247407,0.004546087324368808,0.022366795200118,1.0306245252570134
0.026952008438155116,0.040335825262890666,0.03376756936846624,0.036299945261985045,0.015416948699326345,0.028826319685366922,0.015998992166448216,0.035008429744739486,0.019550398209328232,0.012049010503220174,1.0583623432217988
0.0015676814158267693,-0.013175397623871193,0.0253623542907086,0.018935905746160046,0.008653979786512412,0.011724800619604792,-0.008180845572295346,0.0031563393911970966,0.016212001447928757,0.009778446746961569,1.0225148843353697
-0.0069955790484873635,0.003436473271371922,0.02848698631636611,0.025703693608086386,0.013097042366587378,0.00015519167630255806,0.021949351136924367,0.017297144814691474,0.018228478084926485,0.006725869536864962,1.0276078181790764
0.009216100174634938,0.0004960919719098362,0.015641848528867144,0.010025240162286543,0.0076958046902738195,-0.0034644326873180965,0.020901202043471845,-0.0026216907613242166,0.009291791723682063,-0.006592668897488347,1.0041018261623882
0.01584206053927789,0.026692047364701304,0.03007212797257353,0.015152851188420602,0.02673344438566827,0.009181627351061964,0.032155319633823974,0.014141839016771083,0.01479815682825367,0.015072948428598654,1.0363458617989807
0.01268326644632806,0.008565555031392318,0.01770191461046966,0.023222520959723967,0.010166007052810205,0.00841854861276876,0.012793305183952948,-0.007053432265133986,0.00012830089487723094,0.010861131623915122,1.0211369702846977
0.00806865489763546,0.025685565600211017,0.012872213688492699,0.02401260230764327,0.010957287368954474,0.015494698538782195,0.02492581562994212,0.004283976543522465,0.017909754018377886,0.018270017211545114,1.034309689404947
0.020096780073962945,0.036575671307210386,0.022494900143829853,0.03675692154380033,-0.00016011908411415338,0.028719716036504594,0.0128624582306624,0.0306977318682495,0.009865668043237382,0.026200059401440108,1.0564783325517486
0.028001652978815093,0.03645768718487711,0.030450211111435824,0.02485739913576925,0.015587769746975177,0.015985971771859644,0.018742437204353566,0.016978060732774414,0.02617888580500647,0.02155429728707851,1.0473930784391645
0.008420119535721578,-0.006490385380487134,0.007677386909937356,0.0013194648773257357,0.009000386438935441,0.006064978882228229,0.013635178921933631,0.00988096085358706,0.0039650870969210545,0.015136504859941668,1.017106168906043
0.01988605163857567,0.015205441893127582,0.032242622060526104,0.03467327894205494,0.03984534978695599,0.036621829246666876,0.01390749785666637,0.018411261634227898,0.0035828323527734903,0.022552994726310262,1.0611395994451516
0.017216402049353863,0.027615774443680907,0.02971027968840468,0.04587964796020719,0.0017756381259740363,0.010636982032097918,0.023918574711307664,0.015207971925854623,0.019434292174933556,0.02681471181118673,1.0502510532193248
0.032453720085855876,0.04692691329623725,0.03611661817989694,0.04436071700698829,0.02183069982586843,0.03878451501386055,0.02786806197016147,0.013074071815886743,0.02597952110163552,0.026147242506221524,1.0670891520703991
0.01660664881514995,0.0117701572346841,0.005780326767740596,0.030653683115209197,0.016930192075654847,0.02265604002297677,0.006758384339145514,0.013779795298449941,0.0020644489555268104,0.003716794353085577,1.0360378242837978
0.018121797717405953,-0.002364411667971812,-0.0002221090151823847,0.000957914720919462,0.02420906546295487,-0.008885091357393562,0.0031162708573932796,0.010096129331415642,0.005258543792709576,0.002532286482904846,1.0124437406453437
-0.010966946004495617,0.01596435597256511,0.008490684470985525,0.03554595144839756,0.00969764231433929,-0.008659776408079696,0.00419409335955699,0.007626249373347797,0.005555557241495473,0.005848326317008101,1.022859434658593
0.004110057119949875,0.04715762538066903,0.03568708899252817,0.031233475272951915,0.02278550854064633,0.028488653350051074,0.027404353688011956,0.03168321448402457,0.040305575456110826,0.02709256880114299,1.0641900911905404
-0.0007509859947091163,0.01051947911476959,0.025186709520464808,0.03426916987663372,0.027540248641204627,0.004823824241164093,0.013607335386547854,0.002908789511300445,0.024940578996884993,0.014628438667489653,1.0374643072927698
0.02363077490634415,0.06777015233735403,0.040163671713706064,0.04670005694462123,0.03924532925081309,0.05408370245949987,-0.004041889219987306,0.02705648266758859,0.022779110902032336,0.009762202823061237,1.0761570292062088
0.01981099330206041,0.032289204690498924,0.016287774279636937,0.03246695437308545,0.000817815741475672,0.0007342891725493576,0.005506092923666379,0.0026699317886117032,-0.003662526251953964,0.02905120701434224,1.0348719121982373
0.017045571525319842,0.015615159924911179,0.034006285873049436,0.02211457439719671,0.02476139695567532,0.014026490069861529,0.0038258502356447953,0.027142262700350354,0.022631495694019968,0.030401833261144595,1.0532989687779502
0.014708371181167806,0.032414517552723655,0.023466289192463564,0.04316039567503499,0.006337922705554767,0.01398116139572155,0.013280874602861363,0.018114532144305563,0.017384463082427526,0.02205577982630829,1.0499803306125686
0.00789604100301458,0.028365892108548393,0.04637253772874663,0.037539631077216695,0.018210122070782243,0.024574566119580987,0.030148953847907712,0.01528516733266408,0.005912350921192204,0.021204807395665083,1.050721168904018
0.008113289150206248,0.031889766407023123,0.041378698538436766,-0.007207330428934039,0.006657351911951186,0.03184935374234529,-0.0031253931355424876,0.026008799658126483,0.014459673361619543,0.022966089430553064,1.0356687656209242
0.0034797166969428445,0.028301707088135543,0.012977351608080693,0.037378814799214,-0.011234777234495695,0.010931601834580263,0.0006706337675325327,0.01965914048931532,0.016610699867029795,0.008803030116874342,1.0336400306785236
0.002876812688145848,0.0040276107737721376,0.0021064339424902503,0.03637787186523106,0.01725716776282283,0.018460785480915266,0.004420384693040116,0.009844444594512754,0.019834067719733704,0.01990645007742082,1.0434155085453336
0.00490642034408216,0.010613788755244994,0.024689541006311884,0.023499665847023225,0.009822950664796236,0.02953607716862022,0.007239319459387414,0.006658198456224231,-0.00016422963067656317,0.007686491699079881,1.030809100092331
0.0136832365459665,0.022002675497495575,0.003210469046543927,0.013908526360103837,0.012477612476546524,0.017483613805373124,0.016936299824219028,0.0027372183020515795,-0.010030751822345514,0.02776743795850762,1.0315795510984653
0.01792113538317923,0.023103858913379006,0.013811085372597037,0.024910109940034012,0.014341373201589944,0.01954082136008431,0.007790343653201463,0.024955759485295,0.01650188178502747,0.015566709717003347,1.0445871442775876
-0.011778728018950678,-0.003937718488713613,-0.004187378384364435,0.012156346917030138,0.014536153816457616,0.013843200882705228,0.012299708822805872,-0.0009693972181940222,0.01664301465068097,-0.0012656062436450814,1.0130176663045996
0.008887001236975823,0.004661210490969625,0.012258142492709977,0.0042310575882761325,0.022667756549138263,-0.0018886948625532213,7.54579746893979e-05,-0.0002549602593615776,0.03370537168199617,0.009481609946600921,1.0181539690667016
0.004059592371003536,0.03798113071801407,0.012249818784459824,0.04523122517589505,0.027688464116353593,0.018066924527275693,0.008515496871263996,0.024410399536687142,0.012585811627460686,0.030405215350080596,1.0631185363653803
0.024964398789490007,0.03328975358963769,-0.005826843630804518,0.020675208175332426,0.002219638183747985,-0.0002336083805040013,-0.002216459311592584,0.018374773743799186,0.002594631691318818,0.020372209923858988,1.032333756006051
0.03463899998511395,0.042493537068741566,0.04813892846260915,0.05083348500961453,0.02893883348927076,0.021296683335900207,0.015770840619476378,0.018900131742487572,0.03607427169337689,0.027686629866925452,1.0713702333728337
-0.003767020009207509,0.04130584966049834,0.040423810497291365,0.032700539321726486,0.018777618888999956,0.021772770126452907,0.012171334092248744,0.02207648793851951,0.028344912424834563,0.012975430939607124,1.0487903878729734
0.02165967835880902,0.02792504268551854,0.03894068425574871,0.02261895219411059,0.025990356944854083,0.025434929139691462,-0.002731262852169439,0.022199458514060955,0.029826927711194953,0.017847938838325677,1.0520686799093943
0.03136787983256315,0.016095058733886468,0.025933834484879244,0.018250049988014418,0.0017759654812205504,0.010805249114172438,0.006904293092041923,0.006365543995369834,0.025712335822395124,0.020189451183895188,1.0328137912327857
0.020802121674386713,0.023359652554602144,0.01646660116548218,0.010506962711414866,0.008618950555875329,0.009629376340447452,0.017702010612798472,0.014043611552888092,0.022351325570309957,-0.004466772872229964,1.0206817914241404
-0.000690640001291507,0.02768704130821855,0.011114729068561322,0.011230439289517901,0.023325656694637188,0.012224129589141132,0.005874519798308634,0.002086153766374882,0.020191798724486898,-0.00151030367026655,1.0204520180077445
0.02351265303953668,0.019122600884032753,0.03646632262563808,0.006793865902375865,0.00960971830254482,0.027056250110082367,0.014833340191592551,0.012282523774098286,0.02429152754730697,0.02489963545568801,1.0387372156934152
0.008525255394123873,0.04126339547733015,0.003641259901349437,0.0088171998327172,-0.008571060765948154,0.021401709157867547,0.009782569978717777,0.021055158598281533,0.02046806475896401,0.021208607582957444,1.0327137062024228
0.003880117672621258,0.0255280109903729,-0.003315464017658469,0.018754159138450747,0.021059092025049457,0.01933014835804915,0.010157031912553731,0.015841474876575553,0.0026434420200987067,0.007287964861770179,1.0326221486325045
0.010602820851553884,0.03224401182517135,0.010560538759218249,0.008934880540293687,0.014605123761311196,0.039743853579892366,-3.429674463473545e-05,-0.0019740662009981175,0.017308053441103134,0.03154160540171378,1.040751639538904
0.010776975793268032,0.023435261047032925,0.025890645223535576,0.03271791612579225,0.002680382604602947,-0.0025842191242634142,0.0021326875653177807,0.014940892325099337,-0.001695631367384048,0.012759937403536294,1.030304349820882
0.020286857549051587,0.005522285209593294,0.025753105390953754,0.01129284615771432,-0.009891252278720628,0.014553550221257153,0.014042434845706837,0.017665747469771155,0.011311487976363882,0.01605863594897714,1.0258345998970457
0.000365691626464458,0.01175664602419955,0.02569036338624958,0.016066547437216822,0.005485372051323363,0.011023666605657486,0.008635259104783917,0.0029296537491947418,0.024289806628564458,0.011970053256604371,1.023571838553383
0.00027854651005456733,0.027671819437590384,0.01857946598044808,0.015470793137360965,0.015769060019688138,0.013006489051211819,-0.01260821722001418,0.007873811247688906,0.01879446452033089,0.019904145073122163,1.0331673546357476
0.0034699928508551666,0.0045289734554825115,0.017075854735601793,0.0353312451826261,-0.006300753249683673,0.006027776672407366,0.0007336917594543716,0.01119006747038366,0.01629411597588125,0.020829113278457316,1.0333966915510273
0.015494690057166942,0.029517051057510416,0.02200234224972333,0.031966251944081654,0.03889183127275789,0.031694156244900226,0.011649120397842258,0.020448359513878633,0.0006411062856289916,0.021441344124314338,1.058325987483953
0.006983761912132732,0.0363462176120539,0.009988501326580683,0.028894954542928973,0.0017917718571564527,0.009973230990940964,0.011873870607303067,0.010632232184794676,0.008531906880823243,0.016126019771421935,1.0332141273397457
-0.011477807589638027,0.03152156012057402,0.013763110272354879,0.020457290457845816,0.01928752389309791,0.006351147804007947,0.01207073649879806,0.0114357432615525,-0.0004749283329339351,0.008044480867483744,1.0263990930198852
0.014359723594287159,0.03303489486744356,0.023068175870808085,0.041669414031896015,0.0165510897109654,0.03258919483740289,0.005225321394078963,0.006661787798742309,0.01677951675778493,0.03387159379501335,1.0592016397193527
0.01402716459994677,0.03040439584608682,0.03230644929731275,0.03885573342907493,0.024028047875889982,0.01969299564730582,0.0018464853195489447,0.009329665329493425,0.026701365081158883,0.0414732325004723,1.0620779062795163
0.02223095733862951,0.013503780048167435,-0.01233403613147174,0.014423499555948564,0.0033474823305404806,0.0040703999059038265,-0.002169797864179964,0.008580504917154166,0.027602656435451886,-0.011378677795252541,1.0131893159454646
0.00718005775978743,0.031559016181592785,0.014436612205099056,0.04863808222886803,0.02095638610675867,0.01623222725857967,0.010647488959674267,0.013658219621715354,0.009163421700725226,0.014995988759383669,1.0502158104529589
-0.0022930951573072317,0.004632160638770632,0.03472262744314293,0.0036624110201797094,0.005578687882067869,0.019805743787599986,-0.0012226183584135488,0.01310890523287805,0.02623758461822924,0.025699544824085246,1.0308097725599286
0.012043533776978444,0.026266838623650018,0.0364964068022638,0.035918641526414066,0.011219507546292957,0.024640667718082192,-0.006804704751139569,0.01130950720744375,0.0221092318410541,0.012041407269771966,1.04440337463318
0.018777173336685576,0.01701574507256684,0.02718607905784392,0.03020304527868611,0.026896790004859637,0.02296381502493828,0.022894001876329242,0.010099910041654715,0.029024531071440693,0.01784904609364447,1.0484714138869196
0.005073392175435388,0.02608232235634835,0.0065379243866145655,0.0220491251667489,0.0027740548956136733,0.012303103540246812,0.006814644432583811,-0.0013157507192397295,0.017084592777844968,0.0066464362508128795,1.0219622804208928
-0.008184377074587412,0.00797299420433779,-0.003240379964715717,0.004218539975745578,0.020309854625266247,0.011466350321898184,0.0097240115512911,-0.00505879183797577,0.014043791636176596,0.023602887331372252,1.021725537919396
0.03321396323949196,0.02762614361688607,0.021692840235552728,0.035999128637649425,0.042504957771001745,0.03454372846633584,0.012111164618927977,0.010634778860606433,0.03531538417514939,0.01807197452409294,1.0627261565771509
0.005192846058688585,0.02078736122071778,0.028265529758209906,0.02911834578707083,0.0353622288203127,0.0396371199579771,0.0018658401959612807,0.029778725614710608,0.0193587775247661,0.0033990568838541974,1.0540241269779735
0.003413724253034149,0.011060226590544583,0.016232199131152997,-0.0019530435024229364,-0.009918773987877218,0.019289797222676736,-0.012293196724155353,0.017803151166472703,0.011401017346343901,-0.0005175907237658373,1.01186900736843
0.012164990579971127,0.0221474574291489,0.029366883086189528,0.041826281408697374,-0.007581997123980444,0.024807256199889004,0.010658347236934661,0.011956223715218997,0.021223611004442162,0.009173767680965589,1.0396765416048277
0.011922287753742026,0.0180475821486219,0.0203201526899209,0.025089724477754795,0.010851529596059459,-0.0022753301405073253,0.012015330597866988,0.028718336399517343,0.00610581826293099,0.010568360590512046,1.0339173289869485
0.019913079787045256,0.016583465392929028,0.005286147219495891,0.004693466709453007,0.0015880580408335152,0.00964083708317334,0.0010126239796676931,0.04257082707542652,0.013977384668828056,0.026988026362645395,1.0400588939163307
0.01160303444037107,0.016235573908545412,0.01592783517665731,0.0453602047776081,0.01968890009467744,0.020377428687664248,0.014542148162970352,0.034384129455328094,0.018836178386970853,0.012799915462026574,1.0569841859118851
0.013425182672524702,0.021143725766717338,0.018265160035294305,0.03194673560453927,0.017348988518511563,0.009146376718736141,-0.004449934101141211,0.011066809177082377,0.015734279086935758,0.005709413525427339,1.0350121694423908
0.03884624924839793,0.021395432969069615,0.013184750028907469,0.04050020721105889,0.010328422697060241,0.022265699212114857,0.01840265604320298,0.025024866782258483,0.018395966724616304,0.021514120184855608,1.0565919864830262
0.0029138988689007194,0.022167466209081492,0.013754770427281793,0.020812704569495702,0.004613027991162083,0.004223496473852464,-0.0022540289593892537,0.01916776035306128,0.002927121841403351,-0.004309689594858088,1.0202309498228777
0.004175736203000175,0.020810968782480847,0.028000871919219357,0.02171235379525969,0.01855542318743814,0.027161253185186945,0.008842018828191175,0.018680289842236544,0.022508661407212905,0.005948803245664313,1.0390593451356218
0.02136481559202424,0.020542039471217317,0.00689355289146458,0.026296984147539056,0.03621657121654179,0.017092599421876502,-0.00014530137745324793,0.01302872485012079,0.027615068706579184,0.027579034676228024,1.0534205941331842
0.013280305605809601,0.022403828386942312,0.04570735420030239,0.05478288256843598,0.019501316230073895,0.02927824534725386,-0.0015835057673829452,0.029080699606435605,0.026924995958303118,0.026400343575783913,1.07107712351196
0.0008679167355619584,0.011707384453837184,0.01639967261259814,0.019014103688324915,0.0023767319405576994,0.022137955133428495,0.004937331571694596,0.021132629714768987,0.03046594083550961,0.01546945625751205,1.0365336980145028
-0.004432107959340207,0.02881990470976987,0.0386442180047214,0.03841375264592788,0.01740191346736749,0.01436352196857349,-0.00526689470661862,-9.863349273072589e-05,0.013256927589324837,-0.0028603110229202203,1.0300491582231477
0.009916679776049531,0.00021231604030528747,0.009253388542127015,0.024782718428055957,0.011636084289801691,0.020645204284937355,0.012977073744901611,0.016606179832206688,0.004873281438567223,-0.0016528317156612252,1.0284264051071137
-0.01077824860139923,0.00601029329333338,-0.005723839941346735,0.012768683303738057,-0.011140095802346709,-0.0012354221626368032,0.012709558695271298,0.01718173622968629,-0.0018194548183747949,0.00944358578175,1.0118675175405074
0.020419325118225518,0.014650139851183287,0.03592630916042071,0.03386645062485732,0.010322713647615847,0.03517573674193459,0.03140526667859135,-0.002053751144015993,0.01780794135255552,0.0066561371850628135,1.0378906660117144
0.0007076710324058757,-0.011979780644789299,0.013992334899579009,-0.0006315843146120284,0.005990994353172619,0.0031813461772019977,0.003942658936357147,0.005794927449690543,0.009141096190338798,0.007090947477076107,1.0086533866245744
0.004056655933551769,0.009400032284516734,0.019845797842281274,0.023932754466548314,-0.016818434515572026,0.005048564732465239,0.02255516841531186,0.010887227924382362,0.0031840494071910027,0.02434022823144147,1.0251382136766034
0.0017618357915144666,0.027825197308890562,0.028251536683266312,0.012974094225010233,0.010233185404792709,0.010009688927106944,0.002607325536658524,0.025065733678052902,0.009884030238028358,0.02453855247789906,1.0375542776342752
0.008998755143783335,0.0212256559523016,0.01265461376969959,0.044199690252725285,0.012406534637031771,0.040910255124147615,0.01286773734874756,0.011932083319583033,0.023901639958546106,0.009250913268071276,1.0508702142586681
0.005980504442137741,0.017711822872821886,0.020834303855048423,0.028722216427329285,0.020303845133720105,0.03320986652600953,-0.0048199927122114135,0.000848864212808019,0.011471476449843601,0.012624892455445718,1.039548080376505
0.013361285812197235,0.03326927798330866,0.01843114645101115,0.03860748562066328,0.014337809304497944,0.010160479726874654,0.009890402808826436,-0.00856967553864022,0.031745230952188966,0.021623861005757673,1.0401533285777451
0.006768647366784399,0.011949155841931399,0.015085133071135473,0.023627357728836583,0.009901191590313437,0.005127721382337901,0.002434619167384481,-0.005990056601866609,0.015527008630926093,0.01993856115707976,1.0263593649713452
0.03103719024658909,0.027968048106255125,0.010167607812468385,-0.0014403220799020303,0.006892324893377183,0.008018972153343538,0.010842568890163377,0.012050898852044915,0.009034803201018241,0.014873183898848997,1.0225610837317174
0.017139143872980798,0.012332041056425411,0.012353579001622338,-0.0013435391184136829,0.0215161017037721,0.010533589504164453,-7.868423586401569e-05,0.007056039072829998,0.021401626101700544,0.005847828674389358,1.020261451246559
0.011522484515384571,0.014176747348784687,0.005847419145330338,0.03562113449862547,-0.008868956251707128,-0.00255107913696883,0.025180261905575593,0.024465966308608828,0.0222344590116353,0.02178241017122668,1.037466906881387
0.013479084907119104,0.01624257232883637,0.027540093683870295,0.012651956547569471,0.012221853919931087,0.00535047552043521,-0.0247764832320881,0.0013440195263742976,0.007802743122484013,0.020185968818130597,1.025957465672959
-0.005596729027296228,0.03590962489454033,0.01234910027146312,0.0022287360427539673,0.006955417013429428,0.03158275382901932,-0.004537239797806786,0.017395319213161838,0.022082650282479434,0.00803373704800571,1.0282621622011883
-0.0020077886192745795,0.018230392202883725,-4.1273822566131185e-05,0.02505645796384161,-0.007093769250897343,0.015152342349613053,0.00957925768908427,0.011126277871261045,0.003912160165071791,-0.00205522198915185,1.0187032058873264
0.004507206907413425,0.03705694953569857,0.027300295641987545,0.02726437340276682,0.002333281287824821,0.0200225631060935,6.455906506918664e-05,0.0017837663616735583,0.01170404089608482,0.027431581878928052,1.0384784474353155
-0.009680504133001519,0.02510196502920676,0.0046460111684054894,0.004944004303679497,0.00973876847473618,0.004988892624725192,-0.00645075721078959,0.0173041027736899,0.010460225738039465,-0.011082701953597649,1.0102159344631136
0.009506035470327964,0.027051942313630346,0.03295923440296935,0.026795101361522453,0.014460849754063983,0.01174975657106644,0.012016532773679652,0.004116243521848631,0.017427482610058328,0.005624960561698781,1.0303859906483066
0.025596805995248786,0.007681459284143847,0.01817553870409936,0.022171588046987444,0.0030411322088847166,0.006889402497324229,-0.007512095298116465,0.005120367633268161,0.011174964610169385,0.0072273451876147055,1.0240258002450437
0.00342304696676227,0.015740486199379265,0.012939641951889059,0.008396670465961537,0.0007368732624220432,0.004149041375073468,0.013009518869041593,0.025827868998844625,-0.0003762202835577381,-0.0006344845307520337,1.0167092282207533
-0.004755711113925901,0.009645970675062515,0.012032720583784092,0.021372036131006994,0.02728747189210827,0.009105429133805049,-0.007915171365509493,0.02260374635426242,0.021591421030724,0.010741190536651056,1.0374184349508397
0.00020265761605914485,0.028559770419888345,0.02451953169931735,0.034439610601984055,0.008709303876877208,0.034021565328360294,-0.00013368986398797772,0.027477113704484895,0.030550171417626126,0.01860020905621478,1.0544672876972052
0.013496073416887583,0.040333743188879424,0.028663380800510528,0.023645112089030848,0.014229209200231898,0.01615049054708284,0.006003983414344533,0.03464664163181798,0.03597043211133502,0.028706148913051035,1.0564694710866827
0.007318428581825566,0.018663385373981718,0.016111013873034184,0.004555004626482829,0.009491428872522313,0.013929123782020766,0.015740138429682502,0.0014746846788558157,0.006358407376595092,-0.006151210472321103,1.0101144123415384
0.006004162894816496,0.03261341899013608,0.020612510028600158,0.016610899930334717,0.009209116292288214,-0.0002973922794731951,-0.0005708771634088412,0.019486674661900766,0.027318082693420145,0.00754008858297974,1.0282725883560873
0.011153814694875495,0.015428497759172509,0.0195077321239975,0.02356709467476801,0.005804631232258445,0.005984748590690904,0.004606239764193101,0.01111954012149029,0.023760511850775358,-0.0010844388058463307,1.0238198345068035
0.02670565796941443,0.018308668647662937,0.03424705353653141,0.03581233590437132,0.022995000879283106,0.013494125676099835,-0.011353432424788675,0.040239061434639706,0.014703271661787398,0.005381437936009894,1.0525633542524537
0.009412513127602383,0.029679780780910735,0.025596599700823806,0.03808642066706123,0.006928342922870147,0.009329787153555718,0.007405187002971445,0.013671326874000352,0.019756633269230606,0.019905805074194163,1.0432875826604575
0.019690175786064287,0.019115899413900447,0.01451392711823469,0.016934322590812113,0.0006499553144732051,-0.0008820397128738808,0.008365330141257558,0.00536584355014022,0.028961300067060297,0.010283436988438007,1.0221052279817695
0.007283855768921937,0.024422483455341655,0.027245470742019023,0.03476641605513749,0.027337239029366744,0.014030365583328631,0.026433068643418354,0.020860350717581255,0.0027269696315319926,0.010950873990541028,1.0448924108222268
0.005324908489909832,0.008188250585689491,0.018088044760225217,0.016498959688373213,0.0018834044769019415,0.00868145971057207,0.014990761852975931,0.01211506199909505,0.018965250306891113,0.0010873827212801454,1.0197233128768703
0.013768103113010844,0.03364677402456959,0.0027405314769051482,0.029976884841881032,0.02505919220413054,0.022378216988157364,0.013426868954549517,0.019793124779941707,0.016324690210101342,0.005409205356541119,1.0439913178397255
0.008830536556685736,0.0035548075282632683,0.016824522389589553,0.03230958825588441,-0.006353687445335668,0.01727552448954238,0.020117347304775567,0.003674519381284198,-0.001119040664337415,0.012993236954775698,1.0271268618347145
-0.014249876122117148,0.007813199919333233,0.026890814242598305,0.0028009582976299303,0.013238169951823989,0.015458959850450604,0.008993304778818434,0.009058855215982441,0.007324293621024807,-0.0007131163738068862,1.0135119242220587
0.003358843310158247,0.008369836777969882,0.006539714928332019,0.00927129431107087,0.004936655329097243,0.007316283671575411,-0.0043695821894268825,0.006307810223999746,0.008067169895537588,0.01013833503721823,1.0173538797853594
0.011789727490298819,0.011691006283135706,0.00729875243546059,0.011550914930349297,-0.009372392516320101,0.00922131417451693,0.0007196337291674538,0.02496185054639666,0.014231315895133736,0.023309009962455336,1.0300999390362833
0.005340929830541015,0.025544550146849573,0.03534703702370655,0.03170402616025072,0.007239061189404958,0.027889398768721214,0.012112564984166832,0.005491290805330401,0.02485660877248371,0.01932742410344094,1.0427714542499176
0.009001534372337885,0.0006759893843348384,0.018644904776980106,0.02197949063101706,-0.003384736863571566,0.022512008356193443,0.020294608514234654,0.013869552191508823,0.017147256841130446,0.010917196711705244,1.0298108753071582
0.009031091276423322,0.022293079659401967,0.004050963170891724,0.020167767451724418,-0.0038392267003372815,0.02392244188685877,0.014985146863779192,0.027004704111978462,0.006806900689209523,0.007905766357996585,1.0329372626299824
0.009680727740132324,0.011981919487851557,0.005960335040822397,0.002277770796958208,0.026862370176942964,0.0006201717101973741,0.00621850748950852,0.012366879109719814,0.027447300900031606,0.008453211243565888,1.0232626088900934
0.017410816397290703,0.016030962291406194,0.021141653891149255,0.013435820184537962,0.01339871966440654,0.01681531768587381,0.007421698649676944,0.012945357056194836,0.018459148912941273,0.027519260991840516,1.0392086673443064
0.01916068720800232,0.01830258533345333,0.027447080822125745,-0.016830133734357933,0.021551084469483704,0.0006620725195391874,0.007588974884171954,0.026276204721499823,0.021882507069724624,0.01943284117465018,1.0251877517616823
0.0011697823434792106,0.020818371085330238,0.02394642783092878,0.00921214202991709,0.004624103033365087,0.026175731719618643,0.006799576390518397,0.0292911924835504,-0.008411608214069227,0.005854062752559936,1.0289228333252167
0.012026794306212273,0.03983426761182511,0.03615790261330561,0.04461385696697538,0.01938847738950216,0.04831648397378149,0.005256083298851756,0.030500837139294374,0.021675625048169566,0.02052543276647628,1.0701727994701047
0.024784749184447022,0.030424940338067787,0.03132353503873952,0.04240034684395999,0.013252858334930437,0.011518689635966545,0.006056479114951427,0.012159403819073916,0.02137326461443239,0.01926789587659208,1.0491451704343662
0.007979031643416158,0.015246252314122657,0.01548930243763436,0.019540612527313383,0.012735847273584887,0.013128775964273122,-0.0032443215126162564,0.016742653999170923,0.025424572645061188,0.02277460676341816,1.0394481508371178
0.023198782842829148,0.0125517433247977,0.008383212249871597,0.015388345658075047,0.02923074897731343,0.010381407285341211,-0.002164037085205437,-0.0023710080268117464,0.010644247629034822,0.0075748568071839495,1.0266618786101986
0.012205938810743198,0.012753376649945126,0.03307219336490421,0.04459097752779156,0.015323998391506409,0.02566687494734155,0.029757143898746508,0.024492034049852743,0.04029203569250249,0.012836529307985692,1.0558810053730885
0.01075394937975119,0.012336621008701112,0.023278784458545903,0.005375523818355897,0.0310077675515969,0.02633844083432971,0.005554262404756535,0.01328448194636523,0.01792742258806055,0.025344463324201157,1.0416684947548627
0.017915468860776093,0.013102954448695083,-0.0005153022672349048,0.02233780543553254,0.008861677669289475,0.003478512417853328,0.008643700262054611,0.018605183084656345,0.014395228072658202,0.026525817148521515,1.038222002222701
0.012680382880404836,0.026395475642138608,0.020819572205368016,0.022548416584992896,0.028506841298026626,0.02010202229909952,-0.003819685395089161,0.019748260462529078,0.009411829555627318,0.0034019265485138346,1.039228400214331
0.027403216111481672,0.0283243824490581,0.03747521032355747,0.05562273950935969,0.036793804971813525,0.028650944874062393,0.002462692705182937,0.02391541885735064,0.008776941994375446,0.019823073784829323,1.070940611514883
0.013423203720659636,0.027376297852118953,0.0037922435367297655,0.025151992230278503,0.005657829386175933,0.010561823360705413,0.019773788216511982,0.00377419459768578,0.0111224048072012,0.014619423157081797,1.029580559859141
0.024821087617574542,0.02370053657363045,0.002232610918319715,0.014271409012532469,0.010833656074120866,0.024987655666793625,0.016186565617870817,0.013148954464318635,0.005781640641626275,-0.008190814601691073,1.0237297070033995
0.012949539699708443,0.032352391905946985,0.015040582522319905,0.00517464507886599,0.0014781583457208567,0.016999313521038107,0.004327621278340797,0.0075971312478207015,0.007417224937078997,0.022654676818944897,1.0269331557199628
0.02788626631123781,0.018852016925698704,0.02983947829429755,0.016290624766475637,0.013343421680084745,0.018266264993120722,0.01557499431847932,0.01651241882776492,0.0020344311290741747,0.03749733412267453,1.0467452083591218
0.033677678231202234,0.018727887412407707,0.017704977510093357,0.02401531988141362,0.017057092709212414,0.013513989641846753,-0.003810152032148755,0.01309398336945268,0.00012136247184552085,0.014344694254061926,1.0378795529731162
0.014395160166096113,0.012061994076120932,0.025842509024957015,0.009603794521590714,0.030383400640487366,0.01729579364546671,0.024942893557928586,0.016575234267444918,0.009337202143615641,0.019170365065063862,1.0382514321499912
0.025987652186353828,0.006228359517381182,-0.0009520568940942584,0.017643485735153657,0.01126584291206785,0.0008908338358843259,0.011941522724734935,0.013228372812003772,0.009650349342369366,0.004863495319547783,1.023482560002041
0.01851429261619187,0.039195493773793146,0.02930155066144043,0.008748408118755345,0.017686580704811394,0.009210052957636983,0.02717478132480594,0.0020928753769945425,0.02335600153735974,0.012950974263337797,1.0274822965371353
0.013155650244019037,0.022546636284484667,0.03683720024819683,0.04340890198070885,0.02075272526381204,0.02594845839693816,0.011154797792209075,0.024759032964432687,0.02172509120848135,0.036808103785075916,1.0675232029071489
0.012221104307046643,0.021003519133249167,0.014463196245526371,0.025198087982094487,0.00578822020193898,0.02890565617661748,0.013454250401461743,0.023939559661044142,0.01975085817768192,0.005776418398984403,1.0395191330342046
0.0058342260330073135,0.005626974290339443,0.01560483211851297,0.027927212352750128,0.014104835102343814,0.024439004260295077,0.015463389888705784,0.001162048659351253,0.027733175722242872,0.03353037905268026,1.0453165468736156
0.004544706957120645,0.023766293135785342,0.028228251844123836,0.028144830700172176,0.015806066911107624,0.0201442037023005,0.01640210027021482,-0.004903489869694497,0.020915183449312168,0.02409979690204568,1.0386409346723988
0.015000558928016631,0.03709380577322091,0.037458122797377855,0.03654557101404748,0.011610407491865149,0.008617221850535074,-0.005338676332163818,0.01782593868986569,0.019829783150966594,0.0042432785876851675,1.0396511755685491
-0.01170294837024607,0.02258811888232952,0.001167752226762105,0.02326512724981019,0.009878654770967357,0.008756183695310522,0.017752802179520053,0.016533886447021827,0.02514453274591401,-0.0036773378615289724,1.023857183786915
0.004838363182407208,0.02269885691767473,0.001754973493182965,0.013521488368496759,-0.0003107320065929252,0.006459650611236469,0.0016966710486551319,0.004683372027986033,0.027191191583671406,0.007429203633449958,1.0188770330967278
0.012620571929186086,0.04175380819065138,0.025741475638948984,0.035165622790312996,0.026154903306364104,0.02695963849226855,0.021587282952749483,0.010497516973237342,0.019809206721355166,0.0057728096242288356,1.0462069123158984
0.018561709081043053,0.019793926763498722,0.011662037075829856,0.003258647852406255,0.007921879513284802,0.01714372867771831,0.01363338529457923,0.010157222136318002,0.024691186361821927,0.010099722092971426,1.0245293588556073
0.024134912218621823,0.010748537391524768,0.021716887796128098,0.02075527827331373,0.013411652901039817,0.004915226458987903,0.015928722400637058,0.032056843282605135,0.008665641468838121,0.018559690695431234,1.0411405575716999
0.0018663833130557125,0.01563986696420102,0.004018453404856303,0.025778620383061366,0.027661742738224634,0.0142168474756437,0.012138494273381664,0.02150631058588794,0.005216802064861813,-0.010779159322210977,1.029295882971519
0.010464578141865893,0.03175557190419543,0.04133822160573669,0.024285601350609486,0.01169995389263768,0.019744177624412773,0.007267117428190952,0.024793853029827898,0.02285622656093278,0.006305020971423927,1.0405297640070459
0.001444975592500326,0.02662248356956236,0.03861003098779759,0.014470143436847185,0.0020197996184306687,0.015835533007067373,0.005341514042515413,0.017652180664769167,0.014084325242482576,0.014129549744986113,1.030469669866122
0.01441509286555173,-0.01104430362253666,0.02027949300390285,0.014280278160945865,-0.011366618580389749,-0.004276453156373601,0.003310105169790167,-0.008188261888925394,0.00989297003461475,0.0022848137363419632,1.0024080706779281
0.02511583614419517,0.03693325101391192,0.005328990162977023,0.04068000483641769,0.004607522730607084,0.014538325100041456,0.007325066747552767,0.010677688426456531,0.014278032160529532,0.02006350270402245,1.0454322739091073
0.003411597238342459,0.019901766091709096,0.014982582375982637,0.008643139702402802,0.021284613178751865,0.013884287954158409,0.006963835199847052,-0.005472767391206118,-0.004024548665635452,0.009787122495136663,1.0188095980699112
0.012643202536591125,0.02710956765576495,0.031191816650550715,0.0208324677965123,-0.005354964057087729,0.0236609317241602,0.01679730745044198,0.018872977136316364,0.010022216351470041,-0.0009614134279700877,1.0273976683945483
0.01743862281142001,0.03227335647625988,0.01608316436264902,0.04186979147997452,0.018711702611322167,0.05065519158490018,0.0005554804360785974,0.02393675308880322,0.008667541750611761,0.02426295892041067,1.0666554849990402
0.0015697556191012069,0.020323484413052272,-0.008632887120924788,0.013916760746852701,0.023112201589230864,0.02672855385299071,0.020380449922274873,-0.00684393777029375,0.009338568998562068,-0.009934650092547698,1.0162495253802033
0.0009528053000006946,0.01595900976873251,0.0204821661989132,-0.0086662088301831,0.016366674328248943,-0.019281975933215498,-0.0044212533066153295,0.007579892947736313,0.007046694368248349,-0.002286818812250164,0.9996830367519044
-0.0006164905567113332,0.03097664736867279,0.00925372642408346,0.013668560906709006,0.023978295181655528,0.010961274773340135,0.007026197113290878,0.007302653228515885,0.016699500486386402,0.020701077269187684,1.0336923181102582
0.011776062952353948,0.014242231538770075,0.02802394967421833,0.018282914944044125,0.013423928035749683,0.028434432393295152,-0.0055330037959140845,-0.0005477492472968359,0.015069598175134064,0.026897504210607083,1.0386497077622727
0.010552991031406724,0.025640123741306087,0.01453936175688917,0.023682005310522617,0.014218086153802986,0.02234745407856346,0.0008894899585627251,0.024430803351386383,0.016770459054667175,0.013176828700055801,1.042966665337345
-0.0017309165015594761,0.009270923995782098,0.020175204724516865,0.021651169670541343,0.008686759576486125,0.006544622190901963,0.00811549599537388,0.0068456737720359795,0.01728602003913214,0.005374877979924969,1.0226258665316066
-0.005143238844053244,-0.00808754066208882,0.021206310416494446,0.01630348831780548,-0.0028522928774744136,0.017190106036228274,-0.004425638422777797,0.002364016414541769,0.02437742168963817,0.01133946076419065,1.020424205593581
0.010492591808367518,0.007590100616638866,0.030168039045707182,0.02379794727131289,0.008343209563304149,0.026360890389507754,0.022408374623755792,0.019724540488179055,0.005412900704271666,0.0035686708388525295,1.033674555307523
0.045624334499732154,0.04051082285896489,0.036418143826457534,0.04226710473050539,0.028267418064487612,0.03392196427580623,0.017078309916677907,0.024743513684895576,0.0202004927758845,0.01834439572543412,1.0678232906698024
0.029310004452646955,0.03611277020742137,0.02746451291796874,0.032683756176797085,0.033033384575683764,0.009547915617623736,-0.009120894358649587,0.02968774430873325,0.0368418171409792,0.012779542469816853,1.0564030103746966
0.01361143834553033,0.02437299672919334,0.02846182090552464,0.013124765289646855,0.012308631319355494,0.02588055324645116,0.033088815617752176,0.03720418822933076,0.01723540600622257,0.01886831383023533,1.0466765472214983
0.020283606728819157,0.027685291169662916,0.03476713623378924,0.0220257800355549,0.018901337873882686,0.018847455757086913,0.008848819206651284,0.01819919301456165,0.02216383337669939,0.0357205512866864,1.0533319682867162
0.014370346943672455,0.01390480802818688,0.019087692917471193,0.027136742202780985,0.012596368407430567,0.01639288677979399,-0.01039997411444759,0.013335113533908415,0.011130202466207429,0.005741351210045378,1.033624326522148
0.0005843974443344568,0.01062825482880845,0.021862125479906167,0.02501602021909989,0.028787724700200426,0.02359191219652729,0.03766691434179104,0.00641727117818207,0.01345063442352904,-0.001758341417549077,1.0313462185723183
0.006839402799774137,0.033861359190279654,0.02065694399973666,0.04300737354639564,0.008893061865294379,0.04481350485640098,-0.006234074088675892,0.023037058153975973,0.009071816234955968,0.026308517486346647,1.062275160326531
0.0003148267995765706,0.028834029635273838,0.03448408898516441,0.043630436786934394,0.0103870564435307,0.02952182210692205,3.6044377394538196e-05,0.01912950268762592,0.023946182082717364,0.021545119726438588,1.0555404220372975
0.009980778051447575,0.014637220330759893,0.0025041635601299427,0.008869875435112317,-0.011726211204724182,-0.002531847337301678,0.01625067507406421,0.0028556242464418836,0.026552106971620353,0.015670944839924247,1.01366577243778
0.010423442333090348,0.019723973654026977,0.033745248100070395,0.04035594057311934,0.026378678436987314,0.02412981340581959,0.01018862621837923,0.008465585317503348,0.029183630800386995,0.02490495577888407,1.0555964128593232
-0.013349994485512969,0.006557858044170737,0.016506643876253172,0.01825045763834951,0.021893109226920702,0.010677128283794468,0.014649694470561615,0.020530975161826517,0.007848298681679924,0.00410958862302734,1.0279795284431017
0.013612067631866287,0.04692671471199157,0.0321717583086019,0.028416540355801635,0.009373073983623333,0.002961447619354282,0.02438229944591047,0.022311182154399523,0.019951570165578726,0.013035269004357489,1.0395879382848576
0.0164600134832737,0.008731575196576875,0.014050735609592142,0.010054138921910549,-0.0037328105443615294,0.006914767041140245,0.0030842138836428504,0.010138129157338254,0.02444688602891701,-0.010747746731242258,1.0102369005937648
0.030085060901852295,0.007704627975239799,0.023237316589665838,0.008303091201554029,0.009736230055161043,0.006608814912715746,-0.004317297031875449,0.018425799735506815,0.002868016053611734,0.019826173262819706,1.0303654399332904
0.017937302294024016,0.03227781982125312,0.04742687913671664,0.03375733563743752,0.03978344006571911,0.02890413396189042,0.01854321729781693,0.018955268951116416,0.02628387611748924,0.015047725914223948,1.0591741474164982
0.006392586818403015,0.013270163603644641,0.007330775005848399,0.02070958047317664,0.00957421088034831,0.012956652923452655,0.02179871171426154,0.01783882613405007,-0.00292801727035754,0.024016763765791302,1.0358118178323015
0.019404827606931845,0.02748808425711219,0.02399486419286385,0.043634017215389,0.023959453270971015,0.028128293224818465,0.014890889222687498,0.025606301405720493,0.0050938283065256156,0.0045249959430049246,1.0529490990545676
0.008777894092302613,0.02975221033653852,0.016080098857752585,0.03104915771641463,0.01768439940158607,0.029247576151679337,0.01160731841373495,0.013005357453957837,0.03720600373347495,-0.003085242897242659,1.0397666212978645
0.019901529411689045,0.03368352137156964,0.03144030710600212,0.026156705306391557,0.01725840943235116,0.03163315554421473,0.012415850531746635,0.03097355538993775,0.024755450523330162,-0.0009257996420891177,1.0466768364411951
0.019205090079457334,0.03088269065417248,0.03294593127999949,0.009409070713593277,0.010811858778223148,0.01999797280403144,0.021915146759780492,0.02289391289124075,0.025699576092400228,-0.004749542687040824,1.0284869547317004
0.020685390663465513,0.028507727417579364,0.040994342293836236,0.016046030121145742,0.028456274678769433,0.03511924522743681,0.018904479678965407,0.02955793634468741,0.011039719335982289,0.023634840271520255,1.0558702232060933
0.015808693484256613,0.04358411849433192,0.014315281773256153,0.023616413524609605,0.010239119138969952,0.018172126466357897,0.02470328495437065,0.007866554928560749,0.03027745828844818,-0.008232043094073572,1.02730918445591
-0.007669621207352255,-0.0052906689377251875,0.024691526611059195,0.012763615640138731,0.014768921538543879,0.01261859555928581,0.007095762185692405,0.01405153683827472,0.027619178435989322,0.022962223326372294,1.0328742013573182
0.014243323399528673,-0.000594415528265434,-0.003931768499618533,0.023825950316430596,0.0103339803860146,0.00929998479057118,-0.0006142526894742277,0.001447451335376406,0.007205456713358597,-0.008710426505343243,1.0154652814916565
-0.0022437263598377773,0.014734783463157883,0.015163817899571195,0.022239378577259626,0.009157259902063192,0.01112957905672061,0.00018564842160022701,0.005304316044588926,0.020367838671978264,0.01228914622226201,1.0277706209861377
0.010368946048511785,0.05548096390250376,0.022808488910963997,0.049029485660967924,-0.004625648562821633,0.03645810123015355,0.01861615518969652,0.015985703163172785,0.017507188453745454,0.009224027405486977,1.0505508518239106
0.0032092499069047683,-0.014828549981303292,0.005162527883394642,0.007187396968839527,0.0050639657833345675,0.013294732707476123,0.029040023765142784,0.0208836335886204,-0.0009863316929966254,0.004531250843637513,1.017900909293028
0.031117041138264058,0.036264037889963664,0.03145838018555186,0.041863436209063735,0.017575196038794427,0.02277536795376088,0.02146306171335937,0.018669289992571607,0.027154023090294663,0.013005417039200058,1.0548208080175354
0.008391230497030834,0.04172644859510621,0.011002920492524904,0.03976853523640874,-0.009336720768593869,0.021109857766566136,0.008717474451404073,0.01526194397546581,0.02452371261755971,0.0022951240763707074,1.0359954071678352
0.007818158286575996,0.032210360832292846,0.028459657020107013,0.03512347739945316,0.023511218593122128,0.03775444330331754,0.004809586294964232,0.029158159149218148,0.03121960861073061,0.014552082452540499,1.0603099871188266
0.014629225679879048,0.032816310410003824,0.026365352389350394,0.027069733285426254,0.03182328781784351,0.03109982419007092,0.02262734403781222,0.01207930563058533,0.034011855614103505,0.014423897662803628,1.0513896715097422
0.010400301205279947,0.042036068199931345,0.013031753413927056,0.03029112996209327,0.0206241215480737,0.017833911570496463,0.006343569453466336,0.011339136110454142,0.02571295705898384,0.02584614581586083,1.0496689027601915
-0.009772013278706205,0.022462499113550864,0.027890633628069924,0.02795515678682882,0.019113449318349695,0.0185329489862142,0.024906634237393924,0.0095837725652847,0.009780318350767389,0.014991774680437081,1.0370549622873593
0.025530839747290982,0.021499507297346915,0.017756579866844313,0.010883349145969487,0.0002056221183669056,-0.00328447100069351,-0.010118968186942998,0.02406008032704704,0.014502077951730401,0.01892568880672261,1.0292384654941003
0.018604601992172884,0.0396439968324433,0.027717491365827622,0.02584645353120797,0.012914087098928093,0.01642897429430623,0.022200456245675626,0.013840291871937124,0.02714924472004412,0.023780572978544176,1.0461735432367145
0.006915264473417649,0.017433242461516892,0.004994623893140716,0.01167590893101803,0.010441315950491597,0.024213088423757377,-0.011004451032863134,0.016363363222808236,0.014217046472848285,-0.0008698399965643994,1.0256853620887103
0.018254009820364153,0.031103708466607656,0.01789944557593433,0.03467084044212099,0.009727745666339589,0.027718082467553227,0.02057430787117412,0.01575683458274961,0.01337610579515798,0.00494128733570623,1.0418611989647137
0.01006160886424316,0.0070717877796939894,0.03113383463820562,0.013427870765987147,-0.0010220390797266287,0.0023213947932715553,0.0050401294729660005,0.021818993210918562,0.01567980144669783,0.010270535654098628,1.024223027946043
0.013676270429638074,0.019125854343704417,0.033256859147661716,0.05482299610418612,0.0335738493961358,0.027307274427280717,0.014635795138963651,0.02496925264095454,0.02543596371337406,0.017398256591316413,1.0678316686028535
0.0243845195156256,0.022721620928783097,0.03713677463387861,0.04236824744899195,0.01385716026778928,0.020070280165710157,0.008137667408549758,0.0212417437008536,0.01578936186864232,0.004075302481268228,1.0470341810074868
0.01886655277190187,0.02356182982026265,0.02951302753230519,0.03269458503213639,0.027650018815115196,0.04104830326521375,0.03450488098413232,0.03693517066764054,0.03541464737087994,0.03635926722663123,1.0755917304165095
0.013051602271587066,0.028918590044047125,0.01807278278084263,0.016388942558825857,0.018967128818969153,0.025042823018589108,0.0019657208633536392,0.013579799996336647,0.03133424296059263,0.03133356053904808,1.0486924027822304
0.018583078521922057,0.03614472421310295,0.03632532516871336,0.03170407149896499,0.004448898285968504,0.014169941124815668,0.01037440492390709,0.020284842742383437,0.03313152970262784,0.015045330486197113,1.0448081681559274
0.004267567849173609,0.013257314383694138,0.001177230293313668,-0.0010670798143741136,-0.001010441200078433,0.0009608921699444557,0.013975797575632692,0.0028314566542556015,0.008771438706128093,-0.007945900263812497,0.9992571382270069
0.01644798701358212,0.031792083494828295,0.03779650830718362,0.031294870451371415,0.02477438901194373,0.04192930357936661,0.0013670808407404058,0.041229680356202295,0.02441227761008962,0.013233111950396666,1.0647250979327223
0.009569081463032186,0.013351973449485046,0.021277252818229828,0.03552104976332734,0.007523294852931537,0.015383733161664396,0.014044523272193455,0.03201507861330952,0.02506011812368049,0.029535229776158987,1.0549049296378206
0.017996758558854634,0.012139711241769862,0.015364241755249091,0.008638977091723192,-0.00348887849606851,0.028695431480672502,0.00984147606601331,-0.005250028541514252,0.012730457676817087,0.006032162416811731,1.0174051647401825
0.013046844443341796,0.00737849275388824,0.031089696203999716,0.014305205872699435,0.008160441541438503,0.028059389969980034,0.03456998619407135,0.019379176289341802,0.029570137832647607,0.018991690520991054,1.0400300205691664
-0.013208438245013878,0.029574312112697496,0.0305628287217362,0.03797866799085529,0.020600509191611556,0.029192812432239645,0.003916210946875404,0.03123875911833526,0.006659041448668062,0.0029051671259690357,1.0479245842165612
0.03343482922454167,0.0177857250562336,0.009462534354822385,0.03202479287803177,0.021963832297940262,-0.0004802261125942675,0.005110419188273008,0.014696794783845942,0.011141222826443893,0.009764043302709927,1.0379745807266605
0.006104122783705113,0.011510455579895542,0.022140273363211407,0.011147703836190027,0.028770112029531527,0.006713888315060493,-0.009687278916169967,0.030453006383052802,0.006541323579601826,0.007569340250688094,1.0339797523114957
0.02198351480572113,0.008354987736480923,0.014241500366175615,0.031089617538914916,0.021352621962830786,0.018077344763471174,0.007963063339112529,0.0397680944779554,0.020771725297590665,0.025170247340693806,1.0590929006814347
0.005452673717715627,0.016961421782051102,0.00816405578847536,0.03816866746413871,0.007323282385380819,0.008766854723806202,0.030891602445824468,0.022458359527584543,0.023432380072002094,0.00892359494377089,1.0395951345919139
0.021359738094789478,0.022024814647586283,0.035318556858543154,0.032713952648960196,0.005746359097363743,0.02556142235741735,0.018710536149911042,0.032769193572484055,0.004133983888508684,0.014039617438379105,1.049129558827689
0.005546213443176316,0.012744437614731227,0.017851217660010174,0.015909272389610464,0.02170243992956035,0.01411455356440567,-0.006672940503242544,0.023398024705349955,0.025737064296676326,0.005535714370741425,1.034762259580283
0.020353246136563002,0.026616261102916428,0.03619544547957254,0.01981911476644624,0.004465251799730908,0.007480263930125244,0.026987607203025794,0.01806398711302837,0.02120920001492423,0.012907961175495194,1.0334068155229659
0.02136591054043654,0.04554699461631376,0.020147482504209346,0.01748104227801271,0.014995030350301811,0.023025437350796304,0.01217461228304367,0.015764549998072735,0.02598482239032787,0.0017940098127946103,1.0358047986818533
0.009806418040128807,0.027197901712769326,0.014859098391700645,0.007069515313820284,0.010147103665888797,0.017158087071011536,0.01126161074828156,0.03055030933576909,0.008218601208072374,0.019267658158664096,1.0368078968103993
-0.0037170366406730996,0.004096407935493882,-0.0019174734570169966,0.026123966612500445,0.01361558744950024,0.00864414138179177,0.00351862158316476,0.019801180599043077,0.02843642875164596,0.005182483256475811,1.0316416015162622
0.010516132740589781,0.031023123463667347,0.029849057445064695,0.01524527579143915,0.00415625638285695,0.010044995198138408,0.0029688566549329375,0.0006790540361980429,-0.005015920364524149,0.009849177682096135,1.0200825260576913
0.009582275288728575,0.042211896518851204,-0.015138943478560834,0.004810369186387829,0.008064323255456706,0.023780958163140554,0.026454388645726815,-0.0135239860323445,0.016737231338007117,0.002169961586834299,1.0132171870839541
-0.0005874637686483341,0.028538722446481275,0.026222420342318246,0.028617611280579772,0.001959399976865955,0.03040577313658841,0.023710263578980956,0.02842819291056105,0.02613438204390373,-0.0007937757077361336,1.0390733846382272
0.011204525263928913,0.01681624830760968,0.015573895123936948,0.03091958157203844,0.0032699180951505733,0.01844973725583758,0.016772665305384057,-0.0026609254979058188,0.02622473699172656,0.004394298183524311,1.0276764490075894
0.011822578952037657,0.03700486561547287,0.017570074385369536,0.024285750585817535,0.018369947325997338,0.036223749955267975,0.0122038773853534,0.028754458220984193,0.004102771218062106,0.0033529731429850964,1.0451801129624245
0.02052054361095855,0.02225020792070573,0.013583776193849297,0.016168698851510278,0.011131244071241829,0.0062364715880846,-0.017400561690335915,-0.0043347043579134315,0.0025415744349409734,0.01002289156343299,1.0206623224820128
-0.007001060520398941,-0.00437537014388973,0.03209046976631107,0.020806604646237802,0.016496137623982814,-0.0021366645020770136,-0.018089185383899746,0.007051525273810689,0.01873129623062795,0.006878743402833509,1.0218485367511352
0.014272516432440251,0.03712474016672238,0.01796281881967634,0.03990342827329127,0.030651699063492438,0.020493650920601465,0.03093869286452301,0.006729103308868865,0.016709723763882633,0.01310880478733109,1.048882577491248
-0.005584860734934436,0.014253749352990782,0.03221848814385106,-0.010679030636517884,0.0059668218885142715,0.0106424100494149,0.004150696661913083,-0.006113964807920565,0.012691298560912036,0.016607778511013263,1.0085771498869416
0.017047572429865574,0.01489771604129,0.02508267085436299,0.0541138810932163,0.01569212648904414,0.017671278500706745,0.02869930966389868,0.00032064391743088366,0.007196663747504783,-0.0033576962610003466,1.0375601363885831
-0.004716772118597671,0.0177724880267769,-0.008486194635006068,0.007933266164106502,0.010156373014527929,0.015110147102702724,0.00024186053339183156,0.008883034909779082,0.030969634089050145,0.0055818542228964416,1.021404314524385
0.003208732704830445,0.011766309512114364,0.01852616604087531,0.003945587043376785,0.02033725234950949,0.012634958806266848,-0.009909323740698327,-0.009322170653096543,0.008125211208764721,0.027528538210858634,1.0240408077053738
0.020087164441266084,0.018898370432409554,0.021200323826163298,0.005549944434399002,0.0018310921088882087,0.012739493936593238,0.0047966663387934375,0.00024701914211348354,0.008504162243155637,0.001471753062164823,1.013162142705625
0.007372911363947942,0.016290894477775764,0.008400630804325885,0.025093216474451483,0.02542997459947635,0.022303316629715644,0.027317241353010512,0.011628350572411445,-0.0007645984634745279,-0.002405901596388796,1.0309530239454718
0.002581554398570762,0.029688982198725823,0.03089329951970874,0.014213885617335168,0.019933019694359205,-0.007134212897502575,-3.8251830910646274e-05,-0.004301690276636757,0.012737344668400062,-0.008793422205774492,1.0093732840075267
-0.00045505414817567126,0.03881516384752943,0.030129915852489943,0.05853894381758398,0.018511734007698333,0.009565161585607752,0.008334893029044691,0.018232388217715594,0.01911427806135166,0.019742906359096483,1.057313048461837
-0.0011958280264374108,0.008493037996740924,0.02522203690211812,0.021619695257177808,0.009769477192859387,0.014422714554618528,0.012050126439731319,0.023958902153452002,0.005529867566099895,0.011493599457651677,1.033520111371647
0.0017502121042179235,0.0011667426574304314,0.0032986219440824293,0.01957106898530496,0.007948214471133658,0.0025395134088307863,0.008318076166382402,-0.012108497301336976,0.0034694407382498908,0.004739629750287295,1.0103263801150904
0.008505162306344103,0.011955901505367343,0.003954520703827897,0.002308514424980472,-0.005892404167908558,0.011665860138043951,0.006366011097518611,0.01767121931331664,0.013360655686082032,0.011768744340218984,1.0187613739620007
0.01771775195787606,0.016655033059892417,0.02371290427667454,0.03656670865076163,-0.0024568486487710605,0.03214746437673986,0.0035328580060029506,0.007901328144422784,0.023481969091941158,0.0032904986737343177,1.0370785629663934
0.004969221480225895,0.017778043703387883,0.03356884395744425,0.03377214305812586,0.016439965248321843,0.018630944001836673,0.00476145340360134,0.02522390693642792,0.013144874069884842,0.020752454156634518,1.0498368353192769
0.008155286205397818,0.009430304767671756,0.0039789692854209305,0.021342505538174808,0.02471034949802279,0.01226447501658532,-0.005706216444229348,0.020016227522199732,0.0008440799685639402,0.0013962572742898527,1.0309794945578392
0.015126689023318627,0.009774714485046066,0.019768046329057144,-0.004588933776585036,0.004016315109416808,0.018534016285915195,-0.009355085828430702,0.012381097239750623,0.01222170851820284,0.014147529238161802,1.0208832890695505
0.01661793310111795,0.03264032000773266,0.012234405167984541,0.016388321603457923,0.0026111159830765488,0.012141939354146718,-0.009764415220588341,0.02956352321015255,0.010489357881564722,0.019904839994999413,1.0388650377800217
0.01608777555232969,0.03464771801484009,0.019830515820610545,0.03023308718066759,0.006927943442651857,0.013220545768447025,0.029020092492733865,0.01512178888014009,0.016269446436832632,0.021016259456465708,1.0423292267763662
0.00964042740269385,0.027264304296421033,0.02245126320177573,0.021983345901210375,0.008266707994763194,-0.002320204813908853,0.009402209506751202,0.014359261929246313,0.00642080592965778,0.00377263393324977,1.0235844691589744
0.03093053612299362,0.022930202879181343,0.03203532343509229,0.02395390390798905,0.002727033512977232,0.014885827842815908,0.01042443954764436,0.01716468671915977,0.0031577404384094884,0.017306945516348773,1.0376717405764826
0.01390867646803479,0.04014891957183414,0.020824695987616652,0.010893386866380753,0.003789162694256897,0.02185140758867334,-0.00853531597249676,0.01764068608407431,0.012391746187816233,0.012867540368634205,1.032500882610733
-0.0030537871411853044,0.01719796077004144,0.012684488940921987,0.020926837704301912,0.0004200289981314935,0.004832430490841368,0.004533539988889983,0.013009144093072827,0.008378781759692625,0.005800464414678203,1.0211234704321988
0.010494080934649107,0.024706913869365858,0.03601450167676316,0.014934654229573015,0.004705460007295542,0.0008994296851159243,0.014150349644386105,0.021703408316915494,0.018589147543108163,0.0003097276453402423,1.023186089216942
0.025969306614419253,0.05266285970130011,0.0211211343337054,0.04118797223924282,0.02086144905224246,0.026957169108345145,0.024923110734168117,0.034590496684442126,0.033661160966352285,0.027885748378296424,1.0709656555128488
-0.0025932908590309764,0.02585760911510539,0.013954399594989892,0.029406135184646114,0.008172360142027579,0.018297719443925328,0.02520331120910136,0.007359164401310044,0.02316291348712764,0.009565530051831278,1.0332377090136564
0.00121914032305339,0.015102718361082094,0.01686150639637865,0.008363301087541884,0.028834854396898826,0.04905099582388531,0.015907399148095403,0.01360033383836008,0.023522555510124943,0.017096867982194577,1.0449252803344047
0.007637868328515998,0.02710273686664266,0.02412413404807361,0.037929298403009314,0.008663284169944432,0.010440782037240068,0.013826641805724633,0.014388351485444316,0.013029366572494643,0.025699116551174725,1.0457754410090305
0.018195446525795533,0.030157849309353366,0.029057782125171128,0.03222262053554894,0.01712542599870361,0.009987598863353993,0.023875425062659,0.02674904046452668,0.03740941893081992,0.01631822120781672,1.050191510267992
0.0254362742671829,0.018438763963370016,0.0007044731962111226,0.0256046765712229,0.0075459566623746095,0.01632300638348724,-0.0006498258665724828,0.010139099945655188,0.01742356141998995,0.00046032353758521105,1.0294020897589389
0.003909311825735603,0.0211038052525298,0.02532598791892319,0.02690840319541886,0.006392566548794176,-0.003526757171068054,-0.015182308926253102,0.010639278164721743,0.006552343774812506,0.02615076794196729,1.033332228910647
0.00987243577603503,0.028569218536971894,0.04055864558444964,0.01783745256084537,0.03810704512303813,0.0306386707322019,0.018647025632693943,0.014933192785324415,0.019428144736827874,-0.0070418622988319135,1.0376924581484401
0.019678126716937916,0.021758549441096352,0.025237784819609612,0.030777577442242264,-0.01444390472468445,0.015201574448985976,0.006346224258051557,0.000243434576396721,0.006935171148848944,-0.0038267987398400496,1.0181667296012546
0.0030906990532190625,0.028018676648974648,0.01672858742149807,0.027396930419199297,-0.002761691259895876,0.02617566350608667,-0.009315153946960694,-0.004902924861782596,0.02266078533996619,0.021571588796453895,1.0337641030832905
-0.011091854029528135,0.01207631782953671,0.02193485386699292,0.0069289041588322196,0.017703197366994997,0.016149221550030353,0.013004109922446928,-0.004692543839714531,0.022761011233173447,0.006086464640668698,1.0171852579937704
0.01602220751381896,0.011589933983263382,0.04707905345615031,0.028530386251396568,0.037568192041561796,0.013844338035216154,0.031798636421682805,0.012820342173601394,0.015000725156277615,0.015326328598970913,1.0460554715402293
0.0029795604999003026,0.017664226025182108,0.011903981793679389,0.0034392632174241964,0.009257055271844315,-0.0033982457247994655,-0.014125492366697101,0.024107309340506408,-0.003461499422519094,0.006482161323639884,1.0173877667978628
0.010008804654788813,0.0011407220371822731,0.0038441241139349075,0.02945140579559921,0.018121951033011452,-0.0011589870599929778,-0.00607832602424735,0.008487380070665051,0.012363240648120312,0.015903335138958048,1.0320522169973354
0.01864613603222761,0.022561658287801458,0.017250487110452926,0.03741200164409182,0.018559554326014933,0.038504665373558,0.017685748898888024,0.023131786582143408,0.005411084920117552,0.009772754677330894,1.0525632235831095
0.010732852682349373,0.031273671822329964,0.04661400057781946,0.05250436865878557,0.008711042411947532,0.02555266208811758,-0.003631688121915796,0.014721153581717066,0.034981383070734326,0.011941464723305876,1.0547562757375177
0.01101818193802967,0.024197961680120533,0.026026937298687578,0.01975275375429659,0.01654892661807746,0.047634949418483355,0.003274008257106104,0.017120288218753048,0.03954527217752616,0.016695686666690874,1.051377387231989
0.015909938284398774,0.03796525756606199,0.030286444048020646,0.04927100500577555,0.0210120731592925,0.025310538698464235,0.0010987024801015436,0.046300647287730375,0.03360533607423685,0.01871913516397917,1.0725325949738356
0.021625295005850684,0.03112771362547086,0.020051160887146327,0.029106472362941685,0.019598517892308865,0.029507054000341336,0.014010281675483249,0.023817858137134166,0.026972889695280337,-0.0016327598051703238,1.0448747553757654
0.0005659466135000749,0.013539399475122428,-0.0014352337952525072,0.014683083708573465,0.001777080766069819,0.008083744094755489,-0.0178371676451077,0.009839715390120615,0.009596164152118976,-0.007386923029713277,1.012292265022858
0.008616370923046728,0.05082912328953141,0.04072081996881696,0.04706406922714145,0.029748062820734805,0.04769311774240209,0.010527504699418861,0.031227847681884982,0.04137986253717767,0.028239743572764077,1.0809195135813485
0.001227372034691112,0.01944335800647761,0.03072100158043614,0.021894675825557396,0.010155898721191383,0.03065760463608907,0.008620432673281341,0.014600970125596958,0.029473139559890508,0.019798849354165843,1.0432044193939993
0.010222704500306882,0.027033873982920578,0.04264621034835138,0.023619747929515746,0.013062151888978319,0.019332355462160503,-0.004212019163670591,0.013308931390853353,0.014934209524932374,0.002276679873251087,1.0330408866935872
-0.002030601141118648,0.004527480838856131,0.029058860283093745,0.02813593555786797,0.01855050902019511,0.011903458413317098,-0.028272857349339174,0.00788599612782845,0.019792489017679646,-0.011798811431879299,1.0229140275763824
0.0009689441915266325,0.010601909832640975,0.025800701437451563,0.008812567511029018,-0.004384104842039419,0.012333506963722481,0.0065507212287068545,-0.009701637094264862,0.018233709355274737,0.02494001526988197,1.0184005503070748
0.017459367613255568,0.041814456684525804,0.03032232572417213,0.028291123145076338,0.02813234531971528,0.031222254426026483,0.03319247790264851,0.022849705890779105,0.014283724618916395,0.007813305059873231,1.0506022532552703
0.018409835760120202,0.049898368579418914,0.029982715533109862,0.03706942112514949,0.004925532792134462,0.020683234882829384,0.0035681428648079924,0.020107986176087993,0.01382880897352776,0.03752809250233921,1.0586259857004612
0.019547900253909716,0.00410549099784456,-0.0030221603752549203,0.016175411535015456,-0.003363723194694466,0.012134584808581268,0.007257608682610727,0.011297886941728978,-0.005257871061425482,0.010676124626562478,1.0212740312924304
-0.006013950815636951,0.00419112039657364,0.009800490715065203,0.012735642724954106,0.009150876540734616,0.0025869674632389176,0.001693216392851882,0.0006275834530969126,0.008896775906074322,-0.005569648964819899,1.0077980554927506
0.005568246903182595,0.010887575305730993,-0.0006582714567362202,0.0315606393822793,0.027723012707338394,0.017178429381156754,0.00020394086260565325,0.02131988808964027,-0.0014745147041815981,0.012739376152506351,1.0432085856504398
0.023267199305157794,0.019753398689939076,0.024154140086196287,0.0350690296197085,0.008637048282567915,0.010054277340535683,0.028736172892490856,0.005504857634376409,0.021694476495240447,0.014731588001062156,1.0378751591510467
-0.0026944004852648556,0.04237846717864075,0.025031201502923015,0.02996840601171263,0.014230681972355039,0.0187955619116175,-0.010772055364401442,0.026500440699353527,0.020300718007953116,0.016985721527860376,1.0479425260517101
0.0077506168279791645,0.02869768383360843,0.03311994582623076,0.04212799561328891,0.020794091270028466,0.016435501988900227,0.013360187741340873,0.02749090435083651,0.026213037108506265,0.004334122278173993,1.0499063954469126
0.013256879463283026,0.026071009782590915,0.03157821942031683,0.03925977447605658,0.005401238774558958,0.020463671377077094,0.005550104851857109,-0.0023267517504347458,0.02949714381384093,0.004278214228522136,1.0347399338777135
0.030825492327514893,0.01939455352680505,0.013584880325225493,0.023663224952220018,0.012490603501979622,0.01243710494595145,-0.0020940062836201333,0.016990316835347068,0.00959205892664073,0.00907369266863154,1.0357154777744582
0.015639348939426246,0.051598929252151426,0.02804447198414113,0.03637493220375076,0.016855053290149434,0.028985998770119037,0.026754505122819894,0.01939384696898926,0.034140974132495186,0.01473263592119696,1.0551098244427566
0.015148622749465563,0.01948447347694312,0.034070959009820816,0.03138022184777734,0.01746925029356652,0.03125408053885624,-0.001581845409257706,0.022270279950992438,0.027227294977751677,0.01632760264105617,1.0527298003655812
0.006300974722957488,0.012111710425583228,0.0190167207892397,0.033721718624928634,0.019089287074818023,0.026961169499661042,0.006843532489206547,0.020958039601733255,0.023038574590650635,0.010910247021421208,1.0472199757578555
0.021960390965288058,0.023806648488918666,0.007510660326693324,0.031712504364371355,0.005412896340342392,0.026513299184806986,0.02374222100563827,0.002569598426749614,0.03388438553023264,0.005263586044827009,1.035908970212582
0.018058068676681208,0.027786265811431433,0.010147438799969214,-0.007832420762233247,0.004683461423150552,-0.0015120549273256335,0.0031281982547707414,0.017832286852810603,0.0036966250494050714,-0.010860395501914581,1.0040159718520865
0.008184296446751848,0.019992311518316517,0.025679686724445698,0.027664085994971225,0.041397145446597505,0.04282773022161328,-0.01196908737388195,0.00957337950300223,0.010120679628478919,0.030339503181265527,1.0604476316262825
0.03020902521725608,0.030122928827930513,0.02484853937670488,0.03720998292053823,0.028113260546928625,0.019258085760325436,-0.005508777690206287,0.03236223922038365,0.016123231060765447,0.0021065469368084216,1.0530152991379937
-0.0002812606867382515,0.016753459841305385,0.02547375083034748,0.023679969763425183,0.020535485108334604,0.030201012597923592,0.012690358254910654,0.021435690290625847,0.006008465001224322,-0.010414472954979397,1.0318482213722193
0.01760431429483141,0.03187572528695946,0.024560032475538625,0.02962225199795301,0.007544280122744427,0.026652311617417674,0.014418742410201815,0.018035816774580746,0.01721885817001825,0.02249279227588096,1.0485199253313318
0.013484818056935856,0.02843468414800541,0.028328383548866132,0.018461047007171782,-0.005075112155693857,0.003981702692390107,0.026528482928755922,0.01885268609338817,0.014412198303494977,0.017619805024292508,1.0297535535422169
0.008062464614404186,0.0545037687801873,0.04730693938946247,0.010834845580291998,0.0387458296984523,0.0485086885922403,0.0023133350763781917,0.025349033933453835,0.041500216863455855,0.0030354713526030844,1.0536685957697123
0.01812824846241105,0.025241243447204798,0.015403179329833977,-0.002219372515023875,0.019871249285758563,0.004425157034061244,-0.025096434628102685,0.022178431139549454,0.031053632559353506,0.01052176122385708,1.0281442008293826
0.013929703529235636,0.02251346075377944,0.031234969173764025,0.042088792457733865,0.022693571542274155,-0.00205515701641195,-0.0002215757038320637,0.014871295566191746,0.022094189663899894,0.007066795990762978,1.0411532384698228
0.01717606206027386,0.03684635331698304,0.01579154692543576,0.032978312047686704,0.018724118259570786,0.022415742828433994,0.014758524093172165,0.03812107363914656,0.03322698286399319,0.02332776192844515,1.0620529183646472
0.011073829200323076,0.02881245136525075,0.027842015405688966,0.021759213617796792,0.004424470877039718,0.003579154996148428,-0.010598266938962039,0.02298858741010702,0.009443874463527622,0.01945244763450101,1.0359288484621152
0.02829621638302923,0.04291749785287907,0.007017350495061516,0.02575174667827773,-0.008242201951200706,0.015394616696179576,0.02826458711476712,0.014780953543046831,0.012057582222874935,-0.001261930231771305,1.0269805283504059
0.0007575822492912653,0.006324808600664582,0.0050127190861375785,0.00924563342895068,0.014600798585918819,0.0015616689042468601,0.013970102365874856,0.011362947304366919,0.004603738668009863,0.02003979845241101,1.0239467298303504
0.01695058716485021,0.05240670808520097,0.02817138358703957,0.02865736532354291,0.01747826631249042,0.019068359708785367,0.038602541607737906,0.023644824267838937,0.032048526698469366,0.03652591566790564,1.0605931400494748
0.02057882277547394,0.020882294629479468,0.008815379519390031,0.010665419670254556,0.02069813050648385,0.0016826380909696088,0.010898697781508095,0.0047595526064184955,0.0024338318616374185,0.006040458907563226,1.02060499929993
0.008654761862018108,0.04256201302513335,0.03789920197981373,0.023067897242432547,0.011859521632007689,0.02849667128440278,0.021651336511800547,0.03527119449118359,0.024356178016810278,0.010691672374069996,1.0493056802231882
0.023363509227918574,0.016364856774622846,0.020251914089200657,0.024260357153556702,0.007022566851852955,0.02549148338313493,0.0017250154895275382,0.013359714497805573,0.017283913060504228,0.030999558568802932,1.047326627855537
0.015379954052129621,-0.010072145555423923,0.016403376128870505,-0.0036837785254459944,-0.012884886774995608,0.001291481662676835,0.017965146731472443,-0.000820847292895519,0.006510335078321213,0.008494171867399517,1.0007743378301999
0.021032819878891745,0.026106206562538075,0.015581556019294457,0.021324693655330275,-0.005555823363928512,-8.873617749036167e-05,0.023043013654308744,-0.0005305071090140317,0.02194926456426775,0.006352083066142269,1.018140383652694
0.017831906705766492,0.03948828395711647,0.01777032641505407,-0.0024755180243133112,0.002798141604972928,0.002197142613746487,0.0002881041975631854,0.010246366836107803,0.023449817474587797,0.02133269287735936,1.0228676340700336
0.01425284935038431,0.022576968839825285,0.01076980377930042,0.008086564647930786,0.002404984350119278,0.015958237465208552,0.00878879468649954,-0.0046731847809411645,0.017229632604968813,0.015482917721493007,1.020477750989842
-0.005203730041604045,0.030764145657788337,0.025091905667759866,0.05021486726098875,0.0013223043331072378,0.016623649357042743,0.0044267896866977095,0.018836607937321673,0.01582779932711026,0.027878967483493985,1.053043566381102
0.01812126399419831,0.025260438118429027,0.0301629783749425,0.03183794229245374,0.010062076957967856,0.024924632222727477,0.0065280507094411105,-0.002225010938568939,0.014199539164092096,0.01369716527883233,1.0372702429770926
0.019986557890321208,0.02086575511137461,0.03363161317806348,0.022821032293513194,0.01961208805167397,0.016585144567476458,0.004973934102999034,0.003502774072089732,0.0188237145952761,0.01176773005483408,1.0352705428807867
-0.0022349016713930896,0.007989341492020565,0.001874799417040756,0.032488309412046175,-0.003437570991149273,0.017618178868225032,0.008459292789519374,0.027919264845555805,-0.0037095676911960574,0.01704645489025755,1.0377628545768398
0.001122376843363495,0.016635995404880668,0.007092725535936371,0.00576712771773899,0.011799305999708413,0.04429072719164318,-0.0027587693104948272,0.013835950356809555,0.023015104876715146,0.005791817829799852,1.031963043068404
0.016218789189042175,0.034694763120131214,0.0035471531695667885,0.037407637999755654,0.0011299093707340495,0.009777271805896288,0.01603991003894746,0.006587092021102148,0.013244655194227852,0.018943433442258253,1.0378833925131976
-0.003166290395087706,0.02383047446632515,0.0395038481203297,0.05044389481936542,0.028496759674227004,0.03705254091299794,0.017670279779654803,0.01513047241659525,0.03834465573832102,0.02213233590137288,1.0658470074716684
0.0038128302704040443,0.021491084977537267,0.02587604332464714,0.035212041031899025,0.014923654766133311,0.028363143992648693,0.027173583984817402,-0.0016075064968987668,0.033110366294605134,0.020008072713518087,1.044383966753963
0.005372200610078542,0.019304807269315515,0.0134140296425744,0.028976415112043435,0.023083898722278527,0.016676771086464752,0.002009921438383382,0.01646824877263703,0.0010412740520068398,0.006235862694161713,1.036916434150306
0.015194912382241946,0.03832874262759244,0.03422003313634404,0.033388353734043065,0.028324359842835156,0.0333614276735875,0.014407770416772688,0.02008584484918539,0.014506075303322766,0.016198575237313537,1.0563678074786536
0.00481219894089996,0.03125696425117902,0.01038775304898733,0.02919892427260741,0.003089802201930679,0.004210927545938408,0.018694560399229766,0.001787171647698622,0.0018498616786893941,0.014312808011316017,1.026240787352951
0.026489341044790456,0.02642685124995566,0.035764574581850214,0.03418369997642825,0.03601148145363672,0.012132633834540253,0.026911751140030093,0.031621299890110484,0.03578669206827583,0.033433194989294396,1.067952715941685
0.006690974057143402,0.035773278090528056,0.04056010938551901,0.06232870834749397,0.047524240550375255,0.040584630644758125,0.015082945257977811,0.03516049387033175,0.04966146927778816,0.01495508772492253,1.0856369335414529
0.02563669446197353,0.019548649143600876,0.011942991101161385,0.016882555311165073,0.015946786650001817,0.00752551693503228,0.02296913290624221,0.015715788260315094,-0.004353947605111111,0.01706482100728693,1.0329011776015382
0.011984838437321196,0.020910586477659227,0.030913721850597348,0.02587670921432998,0.015645955515548423,0.026776944109396184,0.026857425347817016,0.02617851088662628,0.018391066468403588,0.007276871791848433,1.0438189282181676
0.011187010290636238,0.04816953024222331,0.04361411260739294,0.048616786891489246,0.009667822754123624,0.03389282050579133,-0.0024711654057830625,0.04643902289717318,0.037852674031725195,0.0023418315082214015,1.064972525398214
0.02790780825730691,0.018672290372054052,-0.006233388807429895,0.029606355894429608,0.0068492445408434004,0.021598376164288988,0.009193133413330796,0.02105742630215522,0.02037739638804424,0.007634924475129945,1.0405340385243076
0.02412145598299727,0.01659494744718927,0.019693562039288386,0.039086994212226105,0.004614497320698881,0.015621004522464784,0.014135932842130598,0.01270971149226898,0.02160290616274203,0.017837873726810213,1.0443112926284797
0.011579617593694502,0.029526199662224764,0.029094757619108846,0.017039929336950976,-0.008287291768237802,0.011044823602558117,0.00504829132751449,0.023344294055631234,0.0010501776094516552,0.016117750324288735,1.0298718119402375
0.028491438402840102,0.019478996808023043,0.0144639137224127,0.018829157426947792,0.02742866654227854,0.020568687536841573,-0.001839199464450528,0.007064437772754889,0.02393490941850751,0.03623518330058078,1.050917257908762
0.0008778194640538233,0.020413853424057674,0.020628455050992638,0.012890539842914727,-0.0018876753408484945,0.006715589718579719,0.016074608150462646,-0.004978965653222276,0.021879342891248134,0.01247758782038922,1.0160718485642712
0.022521878018426856,0.04805266357649484,0.028881724257316443,0.024155269636517228,0.007062910607208605,0.004059431234773422,0.024023646521080674,0.026824189616815354,0.026773952359222437,0.019363225617131757,1.043879391618863
0.009088911145698632,0.013496154323531271,0.012996405967089491,-0.001762908102818192,0.011838004962333837,0.009560203260201029,0.005295389085142731,-0.0092737324035848,0.016749513717258833,0.021397473838576632,1.0166212314366274
0.02984304599629241,0.023636763653625204,0.010156958780933707,0.028921048758542137,0.009765175289928927,0.031352881295889194,0.006254260924568443,0.022129513928589372,0.02811232868102043,-0.0011972923638274898,1.0423260375410206
0.00018676776569676382,0.023858908442695954,0.027745116587393294,0.028861666325892696,0.010727060415245045,0.027819309523519346,0.023340626502799396,-0.0017481974494582796,0.012237698821987955,0.007321221370211588,1.0314319517078046
0.010163526331580004,0.010373493992309728,0.003430486938417211,0.0010208005852635552,0.020686654144787445,-0.0014805510762102916,0.020641302896768847,0.009362864382251241,0.001920259238293723,0.027586934527313728,1.0248773607786463
0.0021744642549185733,0.009594482354451966,0.021745620062884337,0.04537250668775519,-0.005997472167717928,0.010876831154323773,0.018875378544193418,0.010740350685812949,0.022110956400327578,0.006949490332017462,1.0336226296782685
0.027663326569270334,0.000852674217876697,0.01170079772413147,0.003852665260865447,-0.014105308473482656,0.005865326481188612,0.003957812910250163,0.0007700536067923383,-0.005090090709149888,0.01830928013861845,1.0114377918616198
0.008491716693130081,0.014617848210299576,0.027757285787433365,0.01903329771370037,0.011961260587219467,-0.0003926489957785696,0.019036826671433037,-0.0019620829883791116,0.02849786354529118,-0.011617549854508653,1.0119002360537903
0.014775986432782892,0.01060438995890056,0.031706946434342916,0.04083951341439626,0.03211287752020213,0.02811440041115307,-0.010652000599582764,0.013743258180250033,0.007005085614361379,0.00865723056312265,1.0503940221420691
0.01885687457367583,0.03182156540521474,0.016011796410013625,0.03255415119339466,0.026994101332701095,0.015579943502559125,0.014539292354406388,0.012351016240526765,0.014169129540771298,0.0013925661662238797,1.03951919652803
0.02261275389607513,0.0365847381437576,0.028984880011604913,0.04831892012838482,0.013896375546322427,0.009448180655921708,0.015246891304662374,0.031202235450163554,0.020848423126457783,0.05417585386543548,1.0752382932756375
0.007520066337524993,-0.009589509795119189,0.014609091410223863,0.02840451354933412,0.012661460925465337,0.021514129801026245,0.007127700917833135,0.0031517079429848587,0.008814916552231832,0.011877897688513647,1.0315694972693006
0.003652644258581856,0.005196882475618723,0.016302431737361515,0.015290812670959953,0.003107769244744635,0.008127762704111592,-0.001206166048127207,0.007959764575289269,-0.0039757877668737535,0.023763342394577995,1.0255492494704959
0.0055821755450806065,0.029203757121193302,0.021364923742901578,0.027651813328135738,0.0034360874059639317,0.015495110378524798,0.015376272947631796,0.03270958816120122,0.003767574923505712,0.022100237287370997,1.0451419046179382
0.014023747392755392,0.058705896966014505,0.04174498775854782,0.03678539702449082,0.019838825577068068,0.01770522874425648,0.017652797882680676,0.0307365807400935,0.02695539018240466,0.036120738775718274,1.0672843968704837
0.01975022932146561,0.041745439896995695,0.020312339904758826,0.025553679907117724,0.0313420627241078,0.014563949227830449,0.02924318716555193,0.028789125653338996,0.02430001414073437,0.0029163945950966535,1.0463530276219315
-0.0040730141344148384,0.014212567603588149,0.014159111977957647,0.006912732749769092,0.01674874152913466,-0.0010378321233453364,-0.007629331891643047,0.011660508521191871,0.024802629451107464,0.0032444420181518365,1.0177964282850316
0.006205100688860022,0.0003995295053565544,0.01815169291327396,0.0030133045378816763,-0.018518382917078583,-0.006017016432937452,-0.002721381508759232,0.006800640195799806,0.008213517891303871,0.011690492580136344,1.0045789504022113
0.007642590895499115,0.0037912096811439297,0.035894706207313484,0.03235887674531097,0.010437341683916836,0.02913637874411627,0.02724920200559322,0.022816096499979354,0.025776401834985307,0.01975072350376858,1.0497731059584539
-0.003574768206765883,0.003150474191563309,0.01132440984634759,0.020637795870723404,0.004005249473407574,0.011117062219359094,0.010170292699373097,0.021078250903506457,0.010142161488289683,0.019865278312101595,1.0326817154106818
0.004968982684297055,0.0046780943535280955,0.03235453480106214,0.01799647599623919,0.012657239018715887,-0.0005802042641974044,-9.596768714942912e-05,0.017204657498538847,0.010133691580294486,0.011800477233981865,1.027053415857636
0.0063737306469216284,0.022977963757703602,0.010470472176263455,0.025482580300114157,-0.004232072950042964,0.0072258871283786405,0.012142988170122026,0.037772830497393176,-0.0049970327152349635,-0.006535622435603886,1.0260097172452893
0.015396691734801052,0.04318019579643979,0.03412131019626814,0.015979692545814522,0.006125984089358403,0.012386923474590954,0.03355171864207701,0.012363123556015812,0.021498253325017726,0.014554579840223647,1.0328301279679006
-0.0058436550400455586,0.02340550911461223,0.029235051047389188,0.01615014933181889,0.012861552940905262,0.008803587841788474,0.011871278768237724,0.03565513980803531,0.03523582105867703,-0.0014028979587896364,1.0327979232598876
-0.024180833521931046,0.0413136657993161,0.03665249069263508,0.013641454195315579,0.007307765738106605,0.014848107333571076,0.0017092413558519991,0.01103376769851544,0.016275371781608965,0.025792857076874474,1.0326931189044912
-0.010174919812421995,0.03382327617813109,0.018378598977977407,0.004425422496506843,0.009770126634072037,0.009763922521118443,0.00981703535687742,0.030320333896796073,0.019955535891650528,0.012030049507440278,1.0293762354438991
0.015855064642274867,0.022002959024251215,0.02920245394181897,0.021441660772597557,-0.003915943807166347,0.022732200792126823,0.003179802682017547,0.012947597898881637,0.03703242257379275,0.01816748498618654,1.0378706509950122
0.003387541630132253,0.01658371958959821,0.0056802375009934,0.018248529197604824,0.017053501353433486,0.010740067532850589,0.010207238260123578,0.01864066077331439,0.012716438688673662,0.018539914605129167,1.0357337182133017
0.005428592469118345,0.027539171203558598,0.03792248859161275,0.02906608135607095,0.012565416323620663,0.01709174204127005,0.00517904997918922,-0.002851336820038264,0.00718137689347304,0.020410495218921642,1.0354256417629002
0.016898593728095206,0.023549458715359014,0.01168151293210217,0.011618513805167437,0.03355462459843459,0.011036676625065148,0.003344871553443316,0.0187829289875564,0.03412787748055915,0.017502069363836137,1.0421277404670863
0.009077844044751754,0.0015237513466379547,0.005189192613069639,0.02830133923148232,0.022510616326225967,-0.015057804865191399,0.005175351231286419,0.017991279852242918,0.02170683804203556,0.024628894893353424,1.0373063200999066
0.01241911742782378,0.010053417888191684,0.0022767262739472587,0.013496669629504885,0.0038950720847909827,0.013959773834309429,-0.006769473042857269,0.023773183946034455,0.001576645171086792,-0.01692513710991341,1.0151508430833402
0.0192355917677278,0.01148722372347122,0.015213460037185662,0.02315142695780886,0.008888225605729473,0.013191524985318344,0.01386791697605339,0.006592792881966233,0.019487697196662705,0.008786680248344093,1.0295962650155281
0.00420619237024897,0.03452996638379241,0.0259521309311768,0.045183547475542186,0.008591258689149403,0.020421421890210706,0.014587976278257713,0.03863374460887627,0.02797423245044147,0.045869713449470405,1.0729082849461957
0.009145143106911661,0.025281778238970383,0.015605072326664443,0.01983891722584035,0.011559167633186625,0.020494767401972702,0.007334967809552704,0.011080907787361371,0.022332593263331136,0.04280001627307932,1.0492554711809672
0.00017384405008155981,0.01398612402661097,0.0045285003833050366,0.019172311377659415,0.01828191016465966,0.01403495753762548,-0.005672432051825312,0.03539678969910537,0.02751952949341892,0.019200060246966917,1.0455368945144152
0.0074636058124255,0.04567330362468944,0.018265546005191924,0.02853086265281914,0.028325547746754682,0.03250242449956307,0.021998978633793773,0.02369099257294757,0.009876511530525916,0.013810729581671897,1.05267251327105
0.031753665626656116,0.02317723317867955,0.0007942195354966979,0.02127412906084058,0.013564455928337809,0.010354667532930267,-0.006667004212220266,0.012921572805404466,0.01597407141454878,0.02050416213500559,1.0389817292502814
-0.0041107070477351855,0.03048329556818571,0.03313348759477712,0.0170604074242353,0.020936290762168006,0.029751526891406536,-0.0018645559449264413,0.013902484895202441,0.016090491050643016,0.016979485750042937,1.0411367042205444
0.023081016946839963,0.016508911951447446,0.020787010225583737,0.020762345257210556,0.007258128956332046,-0.0006788112439398697,0.011211556843773871,0.005406463655899185,0.002243234832008463,0.010209497620610835,1.0230599966198695
0.021226687175114424,0.024297704515413365,0.011897418772959547,0.010781810370616308,-0.0026772363909866835,0.01750632866286156,0.0024320998283574296,0.01016382424177411,0.035594705394458304,0.008543505851077453,1.0262768387520826
0.0002805362461635579,0.013397789171000351,0.009056075445859455,0.014035851075829086,0.0125536772729841,0.011908370243413798,0.005906625174811815,0.0037244852044501404,0.007448173069040507,-0.0077722764577120105,1.0135744530142212
0.02458427165594647,0.024876415273606046,0.041376381673448426,0.03304976596074625,0.01606466827146203,0.04602348694648997,0.015039524647749412,0.034212250799587805,0.015535563865836263,0.0033869327822706697,1.0561963350361552
0.01174953797105556,-0.0013553298371918182,0.013855499412992888,0.005197406291419519,0.002101967342809697,0.020254436483473897,0.03227788336616505,0.022129524208347327,0.020007545172063552,-0.0043126930248892775,1.0192647713827059
0.007768145259944825,0.02294507954244108,0.025704420681211,0.001978637562573677,0.034046646196680797,0.04056083952322505,0.01653001953806208,0.011402941732200193,0.02502966740260429,0.00640960362002389,1.0368837962431816
0.018980128451865662,0.009814207751814488,0.029765974368146462,0.019633787480188795,0.016698089614631942,0.016692803737119826,0.010609294511148162,0.007830518122613796,0.011007814183650995,0.025349799739073135,1.0390360393791345
0.014354798683069986,0.0282852057790908,0.0007118258838414125,0.0029076644293957662,0.01777746515403522,0.011446830268623538,0.01913636426062827,0.027697336781497772,-0.007541520127285633,0.004863718678304143,1.0257334064697448
-0.002265354695909317,0.04178475837456339,0.02062043804406497,0.044546946296161294,0.016745386458387815,0.033491481438788814,0.01672114496970823,0.020131008789547707,0.02791650816627286,0.025805486548860085,1.0619769456153758
0.01190137398410974,0.007315545920431311,0.023517133783062104,0.019424130495613725,0.027878338398597838,0.006657677326238202,0.006941665602026842,-0.0011758338243936465,0.005543247132988433,0.01723225558603611,1.0300475500143207
0.018174041846119263,0.04664770306817248,0.03337847264987309,0.02929303735512796,0.01184896297569096,0.030472520688542455,0.01023113878102673,0.024723127636206422,0.02699435011158703,0.009893369058101543,1.050046655664515
0.0019015283143237905,0.03165237579292629,0.044439116362394254,0.032125440203094685,0.019354818760762695,0.012366636692746222,0.006621676775772826,0.02457451031165369,0.02557567512439018,0.01477583444550942,1.0474379547209356
0.009578161782973627,0.04778115964854914,0.05143687639391467,0.04563511464794242,0.020040879714295717,0.026836214740251302,0.023587385775749085,0.021553472208323387,0.0030615092568686934,0.020423895284923888,1.0592421971011423
0.004520534161189494,0.04696645606232275,0.015074489370455909,0.0012119345687435605,-0.010032014534093931,-0.004564172039909018,0.012967892188024983,-0.014888970501265485,0.0037766691750594442,0.008599132791345502,0.9995247849861275
0.00678241861647679,0.019795722376616105,0.012992025450213891,-0.004265817593017144,0.005323152800741407,0.011178042296606645,-0.0024730423605501,0.007218777634168425,0.013471248270959434,0.005506577802346771,1.0127426464795384
0.013207484314726776,0.04077917859994962,0.014641268532900787,0.037814529132923505,0.014130423750715788,0.027240234275045752,0.01745927374255518,0.0018234256043317357,0.018271467004133953,0.011475332740919443,1.0428625350038834
0.029227929361301183,0.019549679347937797,0.021363422334612966,0.031139771902781506,0.026426599284604703,0.0128692550784472,0.004811288724105883,0.02349808458037332,0.017524496654454786,0.01757402796200283,1.050783969567338
-0.0014999172328440877,0.019594149363781233,0.027566001383169517,0.02838938913925794,0.012475802443354849,0.020555408016966325,0.008505305095694204,0.021644626187483702,0.014417813234376879,0.017681927963137983,1.043280783808526
-0.005438686153102045,0.008337782757680125,0.02109448626326295,0.007758395510246135,-0.0068439180501501905,0.010071500421141792,0.005697743072787194,0.0036138534909764108,0.016054311120410263,0.005550818523692271,1.011075324320179
0.026134039853415766,0.023254853841138914,0.03937432940254264,0.04158551926202417,0.01639188824227178,0.01775912689013845,0.01572503279213016,0.038972468335185036,0.03579999497602379,0.020428439360119344,1.0638515451593764
-0.00763841850302263,0.031092011288644358,0.03302124156115795,0.013234977398149855,0.008050407897385037,0.02559978904778981,0.01715331148039917,0.007583959811185672,0.02283622887367784,0.03161647370298265,1.0390920356202489
-0.004774758134539972,0.04250521701468309,0.019994266592075583,0.030179383972688927,0.002944519495147971,0.029761707241372747,-0.007031851824127621,0.01398671111285055,0.030280727661232222,0.017026802954044795,1.0440227909291855
0.0058901327439402325,0.014534956312589808,0.026657222782236444,0.016974763069731953,0.01084386406882865,-0.00015719934761487808,-0.00892447047434133,0.01758373893153288,0.02294522165678783,0.02281341727217302,1.0338485247579514
0.016655057046461964,0.06092120161061579,0.026894944403362472,0.04307269942907979,0.007292934709333928,0.02839165294480766,0.0161037798643866,0.010842053354240797,0.039381097619423565,0.029670726641858762,1.0605162835932616
0.007165382425050797,0.020807511695520708,0.016991042451887907,0.003035645732427348,0.0037687723007122473,0.014783779075273114,0.02615906159035799,-3.34334036151962e-06,0.017735348678838816,-0.004246936345729285,1.0097353179267077
0.013825988840209868,0.028779592188944374,0.005794791015593978,0.023799168608396915,0.0002028655625233482,0.022915869187539788,-0.010039889675839006,0.0047410600362568,0.010582177526573595,0.008276905765262708,1.028962704640122
0.00810007771828916,0.02313826578616663,0.010040006266351383,0.01797964328064081,0.011081357937287935,0.014507072658003824,0.004241012171119915,-0.005962053618501387,0.01610956497561504,0.02153745755938513,1.0286723563809113
0.00792060755654623,0.018639031878306137,0.013242581706741212,0.015357080427269573,0.005157339351702321,0.0320087510962772,0.0006772331699354791,0.03437504932995433,0.0005406105014134008,0.025420120599817908,1.046290951773075
0.010752667537522775,0.013155379193201859,0.0024887696424747852,0.011635559309884858,0.014573154814980028,0.015667108478355604,0.017653879720086807,0.03632835172229548,0.0176517560997601,0.011045329185979735,1.0377122989123047
0.017917231156717468,0.02477679337403907,0.012595282336410728,0.0038698524864749194,0.007211142302713795,0.019251625026598898,-0.006853102016082031,0.013821999149517384,0.022129539522330533,0.003650407665658965,1.0238417876486985
0.02237400008018815,0.005054948456430659,0.018580392921264267,0.026407150151371947,-0.014455444829202451,0.028839613248904397,0.0038793852289417917,0.007168759659138025,0.012144395881162753,-0.004190300256448103,1.0222641744199394
0.0015380079375188942,0.004827515357144721,0.00398155729224683,0.012512379574607968,0.020102309456301176,0.024505649607677017,0.00977696203502632,0.026280503419966555,0.01171376500639115,-0.012272580015695094,1.0252122820545433
-0.0061119136725982315,0.03170605145438276,0.01892071637633097,0.030371417854714648,0.018649799355164358,0.018178260819684718,0.01666149679777776,-0.0005406766623371768,0.002701589324663276,0.004168256961918287,1.029017668248179
0.007715681705211424,0.04184682878660788,0.033656355874751465,0.04424599404733185,0.019229856100761427,0.03083571756786721,0.015817485501443396,0.0036493842866515136,0.02507942586310926,0.01758890297221001,1.0528229954211432
-0.0001252607039242317,0.014097476376368453,0.008495791145835808,0.0244088965097254,0.007335797484380167,-0.0011307393809619516,0.0006347928677451044,0.0017866749580596562,0.014438162429020157,0.009038563232456907,1.0208946730771695
0.042340634079672916,0.0402434173811283,0.030845813394237042,0.024862556617568497,0.02545411759653426,0.010873091170160238,0.01400339842828788,0.02250668923963058,0.024097890431250175,0.01234915502318477,1.0482890449243198
0.0055068359130252455,0.0208259507626381,0.009404010676307048,0.034128788843485525,0.009618381954798033,0.008977839473044983,-0.004684954522278231,-0.009605966115144004,0.01619265956682243,0.010309340754504282,1.0267726071430878
0.005311105616020658,0.022279401771143535,0.017552406765145495,0.019958997285178644,0.0028625859345468526,0.014060842621055945,0.003968036055712457,0.01898618625550946,0.004821012170204445,-0.0016714233604410173,1.0240679362129126
5.9205809528180275e-05,0.023197675528038635,-0.001925523994268239,0.016789562930840607,0.016485715708885924,0.013055719764644754,0.0031767800710691043,0.010874845547527484,0.015483572450927154,0.007299812546826892,1.027578686668258
0.028463431779524193,0.019709578228804966,0.009586346402485485,0.024550216066393637,0.013135980309969063,0.02359511970533571,0.02161645990550609,0.009087611029206851,0.0030243146272950477,0.027719080188454127,1.044118778832926
-0.0006751937723891606,0.018198796753387893,0.025849548600314208,0.03707507248605282,0.009663119686086952,0.023285456203667117,0.014064762214323536,0.013847041927528302,0.014007109756410452,0.01735052754694414,1.0439141366808424
0.026820326006124204,0.024458679038716815,0.01828956286213465,0.04390505813014274,0.0181702716205342,0.018679911132988065,0.02312634648831276,0.023012102257988935,0.02016640436754045,0.028956762378468986,1.0612468417338492
-0.00033753673401888326,0.038339720910187614,0.03515848017917912,0.03342344677557924,0.021699005527528882,0.02337231743764833,0.005352671861446432,0.01756950201750071,0.01662151034756164,0.004357056498807207,1.043358063040455
0.009896995448117396,0.023925436546381608,0.04188347059538569,0.05282926152825018,0.04561235408850073,0.03615903644873537,0.030142326371843827,0.022269553785327908,0.039786141467680836,0.035109456995239374,1.0822366328554953
0.014867309281470304,0.022010108540653276,0.023219097694429786,0.02739841651178091,0.01768997075766298,0.029638454835517625,0.0008983740553055323,0.017144674406199465,0.012841824037080334,0.006902238808133312,1.0421648556748677
0.010465719934581218,0.009777536911648694,0.009706436836800123,0.02665505398895229,0.005237589220986214,0.007065214241169428,0.022454740932257578,0.006451362309279314,0.012876400794173369,0.010298435565653633,1.026706062392218
-0.0042327164169770806,0.00418077718146111,0.021959730086981065,0.028977452808754613,0.006980672705253578,0.004263238064012111,0.014549330731673044,0.00880458764404246,0.019745584925519657,0.014980883308959763,1.0296551346480864
0.005997757772123892,0.018401700680373088,0.020389666963856492,0.009033058000514488,-0.00926200449600108,-0.0014896787302745,0.0047075289023046744,0.0052331463289269214,0.01301145680485722,0.01936258037414432,1.0163644359608344
-0.009105403353359996,0.011908084729229905,0.025254005566547763,0.02404235514824342,0.006613815815324326,0.004907458586182679,0.0038158570822419643,-0.0030044640545027063,0.01850900008733925,0.00305748048704276,1.0174173902336796
-0.008993925979486627,0.026850676096318582,0.020964930022077815,0.04067099374870105,0.006610462898705573,0.008346434289467701,-0.006031475781078972,0.02619844291605494,0.01822511010466451,0.0066340311119959215,1.0399928157924476
-0.004245793009763235,0.015478001184528703,0.028270982640407692,0.01780097294139742,0.006058191377630266,0.011064593511210816,-0.0067909393887501755,0.006589338379757758,0.016457827736370605,0.014679427024032774,1.026302508408821
-0.0035694198285334926,-0.0033156921809568054,0.009138383588276656,4.3125068221320714e-05,0.005175020146465523,0.010738738876533056,0.013010081448509347,0.010374276572426837,0.002465470117092819,0.006447798019287631,1.0115926127562036
0.008030596186464824,0.02915900860312936,0.023238967988713846,0.015969600539916893,0.005328799143876122,0.022323108997167586,-0.0048683205538987695,0.035902784452234396,0.02475548527420304,0.021547109115794043,1.046456495010905
-0.004184979714839535,0.039962302087404915,0.02483847946223241,0.02491232997024453,0.0008049754806612967,0.019007274807067664,0.02076430723407017,0.019212162278974203,0.017529812664806344,0.009068918299811386,1.0341774672028972
0.02317651213440158,0.024915603370532786,0.03825592796083143,0.038067631776819766,0.007846026922212371,0.039006500459757995,0.02765783590797008,0.019964584808089488,-0.0023747213053884053,0.013996725284595134,1.0510128426478849
0.0040190895629815294,0.003973784039624888,0.016193448646277,0.011026977310456479,0.02062581151298863,-0.0018147598046820597,-0.0007340727241038434,0.0045302305155245715,0.022517790325777352,0.0037476002378047353,1.017964447267081
0.01568924537391364,0.023814989345577374,-0.006119945977703009,0.010274519828348335,-0.009150839086072924,0.021818159234245925,0.018715328017299783,0.008929418775852956,0.018657160788345277,0.029215785435670976,1.0313785261344735
0.01981687837510939,0.03207293460236284,0.0253040453741428,0.017805796951814636,-0.006189187401248814,0.01651285734284561,-0.007090870655340025,0.01657152144820603,0.008301014037132928,0.0036182653431508496,1.026004906818952
0.01512804219389553,0.03573354779563859,0.0019540105534687074,0.024573978139702274,0.007662139791013076,0.015660856273257657,0.01026144273589863,0.018047935936294876,0.007201724161059389,0.004225054184490415,1.0324166714955456
0.030109031526202857,0.034562338931076374,0.03296605763669265,0.02891388893140007,0.004934799679183668,0.019311979058506977,-0.000568699831636996,0.030471445485560043,0.01223761007140407,0.03229864752000808,1.0561439560785912
0.021349121066097328,0.013001656159012553,0.028473672119194222,0.009209219597522033,-0.004004590025453671,0.0147456398478663,0.016019995849969198,0.00848430705031265,0.03160135749279826,0.007083466021337892,1.0220437715439978
-0.0014636437718927777,0.015362740744502782,0.016651905550132746,0.033552912226440995,-0.0013531304620153523,0.0027898848317930384,0.0016631488857037327,0.010148789822090396,0.017224744289007714,0.011149710594090043,1.028400374143968
0.010781574994243367,0.01864467014777418,0.020857013481943958,0.026447019367567503,0.020477648510648604,0.020934050057310062,0.016200125447274467,0.018344925645531217,0.0038044140276444188,0.016186331385908623,1.042728862452081
-0.0060856206945779055,0.0238341729810964,0.016628034914179593,0.032087592779246416,0.024770737672784385,0.009426315551729122,0.01009988634001045,0.0230278082731266,0.03024409861312611,-0.001651310155670535,1.0378159344475077
-0.0020718640910412887,0.003580435833002712,0.0214928219838054,0.04269590502381633,0.03597194272113102,0.010401367894479058,0.012532438641700944,0.020317361558233802,0.0279981375825215,0.009315031616153921,1.0491670176986576
0.005336162774501892,0.028541379837312142,0.02985518297617933,0.023801093900349145,0.006680628421359959,0.01226070219166166,0.003431930351485842,0.0076537820730972345,-0.0010857318293443427,0.009732518593785593,1.0276500622196925
0.023891291900835134,-0.004834624419127128,0.010347245220478972,0.010781086618715319,0.017881203411300936,0.013232044427641407,0.01590054956093902,0.00745015085086529,0.010674957347939596,0.007317506569430301,1.0243474833009347
0.016882955875899774,0.03531938862466225,0.008669941372615671,0.04255397997562977,0.008575984240237908,0.012467684438566483,0.01915610492008927,0.008249660662905741,0.03242962735082372,0.016988390907734983,1.0454355989148076
0.014172764058375125,0.012442723674094967,0.026494934038671245,0.016916983550256084,0.01548401697435366,0.018849505818444325,0.016463909716494685,0.022171558868752522,0.0005320217366028938,0.02689270524031339,1.0425619914300517
0.01380744538610317,0.04084949394052426,0.022861235872701762,0.0333077022238942,0.023186973922021493,0.027674749845032386,0.01512243671451971,0.025151210135883895,0.024666582307390352,0.010345047078363296,1.0531088625336105
0.01702332622258247,0.04784587248671047,0.04459770417882787,0.0399783492730273,0.02692539014879654,0.042225759888828616,0.009854679724430337,0.02363192068014763,0.018451750884304036,0.023279477039686546,1.0681518643561607
0.011801845310926182,0.04493152987566926,0.02292599610079934,0.02508708020812116,0.013095407457826197,0.03317034768324503,0.005723534133581506,0.022772177195994513,0.01940689211712011,0.024174056551556362,1.0533055645094482
0.009137196504259728,0.035937148165064874,0.05690043231616421,0.03361249661325573,0.014441226915818369,0.010293584983752917,0.027808776233418122,0.013042387962628077,0.010598143574194282,0.011592239800639727,1.0397002958071493
0.012631567489159534,0.03470499498972953,0.018951470151374786,0.02816933628963024,-0.002368340200825582,0.009170171143376066,0.015700134531986897,0.04018500406430872,0.025681216748097258,0.019975802929800036,1.0473462860967553
0.01422641209359559,0.01006038343680074,0.013239219451055882,0.0020654679734557566,0.0013581209060714115,0.011472211067967667,-0.004693703371885844,0.03446844195416412,0.019563046420961083,0.013808819049559995,1.0297890651368977
-0.011351699108286522,0.029844692697509757,0.008711689963530183,0.011365937114203872,0.02413320790665397,-0.004591831579446664,-0.00045980472663192506,0.004580233267406463,0.016999981970213823,0.0009809113185850812,1.0163025148956248
0.021814204325142396,0.01009819640603201,0.04345954766724222,0.0241575162812371,0.005662537011047845,0.03161830851561459,-8.409565316926798e-05,0.027635239935666245,0.027246199058778744,0.018760470531801344,1.049645247491784
0.007670458649130268,0.03220588210473838,0.039992833234280864,0.048865934717038734,0.022768174041606474,0.036774612791265336,0.027791260314594647,0.017190805162284245,0.03731975515512947,0.017312890620193665,1.0635712696237885
0.0014925166437559107,0.0265822843620454,0.01683089974903291,0.018947783173193417,0.028678447345263303,0.02102158828166744,0.01030010158175434,0.026673618627456437,0.002906106942687399,0.03151566445055339,1.051573581606603
0.006589320673998311,0.02296304800342131,0.008747681272506549,0.0004410975780075096,-0.011073896626361053,0.028958694150629623,-0.011461206243063248,0.02656499805801074,0.004865715927946746,-0.014114953090274843,1.0127349052192924
0.0022114936218326125,0.021449032378125118,0.020177985481921974,0.023012413420346493,0.024377436648368465,0.03181366293348765,-0.0011960585282950794,0.02472354921081415,0.02299201814012456,-0.013804260301512225,1.0354465367996233
-0.0007155019821552568,0.03966048954721246,0.03591724869655218,0.04470913273394312,0.0160841309577827,0.016940940590735247,-0.004185233792749718,0.0301166475501684,0.02863089006174162,0.021688866325684886,1.0595041875310196
-0.004455469293202525,0.028047460413983136,0.005929720865414894,0.03899293191512161,0.010915275771487664,-0.006051769397439483,0.009096370582490026,0.004982716158680526,0.033853082546463915,0.022310901949034748,1.0372635742744107
0.012010940451670237,0.023286625290497992,0.03355257894702924,0.02543762835790217,0.019039914532760594,0.038609494390691126,0.012347800588617541,0.03524536874560421,0.030768212761404835,-0.0024541581294508577,1.0489434123174548
0.014559063450034868,0.04525681976491218,0.010265507099186093,0.03383538404668264,0.03253039402860287,0.03362810103441634,0.0054287641238543365,0.02218388730055493,0.032971762939391115,0.025340720172326713,1.0650022015648624
0.021379332776373074,0.00043274196209279817,0.03598563251039222,0.0219640672618445,0.021903757273999996,0.025591116682326012,0.015179775955691513,0.012778600522259133,0.011031040192581363,0.005011919052859137,1.0362733316669852
-0.012190501569766215,0.02685431990709161,0.02196560586094387,0.02686112651047732,0.0056912275093921865,0.03246809845767877,0.012767267835453386,0.017764134084481832,0.015958329326188726,0.020908843896255955,1.0435181256982642
0.007830812959249093,0.017605181514974595,0.0115409260375813,0.010454640172946988,0.01948318683145976,0.018604371969233507,0.00035683773960113775,0.013052686005779204,0.024316120461141344,0.0057427514483631495,1.0293396608822407
0.02500513241741343,0.027954103007421963,0.029232301235610072,0.03754306650658979,0.004116422480815195,0.020411587366598927,-0.0005180738283340185,0.02390025877811274,0.03152270226279656,0.029737022544061735,1.0574567642891173
-0.010716398128026312,0.015357225639497638,0.02408436055369513,0.02563305647791768,-0.003966883120284444,0.0036756785308854267,0.017003964492122922,0.02662504898220066,0.024778767427712702,0.01546576676169469,1.032516872533937
0.019032161822333072,0.020839647185583045,0.004002117184846023,0.025790078554965536,0.020789599286603525,0.023783951680446034,0.012419731585050258,0.013100927079098995,0.03458594379859435,0.005455501316204209,1.0405506853154354
0.006220468415702387,0.017353823735054445,0.017240428973404675,0.026819264375917286,0.008176099781114148,0.03097253173806072,0.020396640033931757,0.007882180847396576,0.023796520705844246,-0.012525363763503803,1.0262443650745374
0.01036861462388394,0.03512847030879951,0.022910241916993215,0.02606684630266414,0.027145387062843602,0.027014435957713807,0.03229885179640275,0.03284718242347215,0.02529216927610536,0.009962016412020692,1.05258465142061
0.020385472680065207,0.014752861499039916,0.013823780212771806,0.001903481236840492,0.000261673971952224,0.015023610595221712,0.004437519628396761,-0.004276998335010529,-0.005490853244748746,-0.0017662396516974974,1.0063186327708296
-0.0016772400711417244,0.02904159358612429,0.045763573543202755,0.06020583079197822,0.014136553975822079,0.027267086516815198,-0.0010691126870287122,0.020555263517373846,0.03181145181851602,0.027178976222303492,1.0677733639545175
-0.0030415132840248583,0.010228586742055077,0.02331239503643452,0.01330263371301616,0.013037018223473973,-0.0005093320495802127,-0.0037786546456619365,0.01572598119895755,0.007499540207641804,0.0004200792377220463,1.0180146285329326
0.0037189790296370063,0.02508756780363567,0.015267478412272356,0.01269760555369095,0.0021153903776646443,0.03181200756944378,0.010985687205877594,0.012948541879752298,0.025630983109639772,0.01015479036677064,1.0315724636556303
0.01419597191502862,0.019443435489526463,0.01429691546926638,0.019479944541767918,0.01593254059951385,-0.0004181258506229524,-0.002003010585644371,-0.0042127500901441295,0.012830762618200675,-0.00697025687904284,1.013625790942531
0.007317971161188616,0.0370561676595552,0.033677551599651544,0.017267271495965734,0.0031164461237808676,0.009241517472170448,0.02017243020614097,0.01867714866799048,0.02013900182096353,-0.008390182854207909,1.0216438429059451
0.01575502765192971,0.013577492069479339,0.017139420891686304,0.029925769283241203,0.01224043274172563,0.03036673175724227,-0.006988912331265612,0.03244130748606951,0.01132002668487384,0.010230658749643797,1.048541054978807
0.01267484841590442,0.02057531778146947,0.020848556793164833,0.02759758738821727,0.02822565257475717,0.029547799641577714,0.01577506681711046,0.022787267272430255,0.012523245850303996,0.012343968551771788,1.049420829827554
0.01902453045350288,0.022703954212113586,0.03676753028600216,0.038484137068180074,0.014905779680542816,0.0370238769638247,0.0036966724569667004,0.03518393471841911,0.009389012102819224,0.010543702217987009,1.0577937411203457
0.015548061699699337,0.008917468713368244,0.010757970454375277,0.008156608641799913,0.009502152022408316,0.015010124079410343,-0.00015970213898942529,0.011428916140370182,0.015382716009814182,0.0010628951352474776,1.0206035448575697
0.0004860591200144121,0.018124396753055348,0.012846116110330815,0.0345315990118015,0.01374707841602351,0.024349508694091204,0.0010484423117978888,0.0063841733813565955,0.007929569122659609,0.02109085715250067,1.0423569172736065
0.02048073577941499,0.019205409052560414,0.03794945042199804,0.02544237593173687,0.005354026014952917,0.019914511343783314,0.02368743603061279,0.02485249944710346,0.0070739492924865345,0.006325553522585776,1.0373534760497205
0.029335756173175062,0.02163081318663021,0.025159577931276107,0.017299786600966757,0.01286852190340614,0.02016424015703404,0.013929408013704167,0.024701961684747732,0.018805379207957013,0.01927158283771901,1.0443430008636616
0.0031578951244874125,0.024025598127007632,0.03348164366148767,0.020401298120044174,0.015499093771849392,0.01152714505465315,0.00585924927902748,0.01597590335856566,0.009086911195420948,0.002931552252977483,1.029103335573325
0.033359034354452685,0.005418760132405944,-0.0034332058327726372,0.0010550166170271505,0.0089425342821965,0.019540088257108786,0.012027111661371142,0.02061221777922947,0.011480602520065393,0.01665552948694093,1.0303069441378796
0.006948976876040507,0.025597527836801512,0.02833022936260945,0.017896215540469107,0.01235269676838753,0.0054647847747082805,0.010763986847911503,0.021248495820725594,0.015113821188277476,0.0070784213835806305,1.0302445397711009
0.014399873542307345,0.057175319011245715,0.02201589708599634,0.030320924624998816,-0.0013303325047322179,0.004312111746539834,0.0038410258074995252,0.01981090564834447,0.021372594901007208,0.012032090536657627,1.0372430421761019
0.02451780289891178,0.01338804631490766,0.009636855116754762,0.01059656461525679,0.021940749288319787,0.00865336831256381,0.0007385572374226605,0.030511323019957855,-0.001600626847432474,0.01859185980548144,1.0384267174483837
0.014594318820896356,0.0071087753736955766,0.0019092700055349313,0.017938157816648877,0.011515551984486712,0.03206643711217442,0.010055841236452501,0.021348417341790372,0.00857892187650413,0.00970029112591084,1.0372814053856936
0.017100093992741164,0.019380072601894095,0.01981303169648721,0.02586580216939431,0.03299108494772786,0.03515257850187668,0.016194485735133032,0.0210350785417216,0.02932265604611869,0.003350108633346706,1.0491597658710134
0.00646358319983828,0.01964142493418663,0.037061319501223884,0.019562712507908902,0.011860000858162023,0.029380839237340337,0.003918198998809199,0.019215612031103935,0.01798774140121466,0.0132871298530343,1.0404696107726872
0.01741152136756763,0.019848360190939142,0.011018215672427962,0.014517203335342291,0.00026024094142501706,0.013364225139528507,0.007094208445276294,0.0026141826550579632,0.0074912228336531,0.0009329005896303614,1.0169065968167093
0.008600469676319934,0.01231889680742713,0.017880712509190114,0.013999764717227229,0.015869541767789055,0.03639411052838923,0.004506367141649651,0.03254590860936732,0.013654420204438491,0.020337562978488235,1.048275274370339
0.013811225957347142,0.02075803371297873,-0.0022892035445828615,0.018712960855694693,0.010897645755928836,0.00801334724015619,0.0020674223365761213,0.015372953454554607,0.022996722663689448,0.019879845750231762,1.035290137205812
0.0062899973021780485,0.018277145509327658,0.0005526853785024367,0.04569748843829972,-0.008770107723839973,0.020993726591190615,0.0005431209101297105,0.0008465937440109272,0.023900683465442225,0.008006871042446101,1.033649596610064
0.005230757403747856,0.021916685635233482,0.02669671222570476,0.0007165622539452646,-0.001551729990589461,0.0068598014333567155,0.0015068701927188526,-0.0030950071062375625,-0.001570826369411216,-0.00920622189880892,0.9993419463683668
0.01684455333919232,0.044344393878831365,0.012784080807483666,0.03291222432191289,0.007688077565189238,0.023014462972322004,0.024264421253445675,0.021775603052987806,0.025156930518730393,0.011657067528017224,1.0465587837166612
0.013728131339659956,0.016682732885820034,0.0311231142757718,0.029917401302353798,0.044186735542677685,0.024154051556947387,0.022626028668364953,0.0076662474042236296,0.030942279960327827,0.01585079473150144,1.0516317111744684
0.02047660041837942,0.025348705489571913,0.005353122955013969,0.0293221032452987,0.014741449642179463,0.010163658004805927,0.010536694110733998,0.0044206006181029996,0.009901474657545609,0.021511311313453827,1.0382261010024416
0.011793742249586354,0.011419768740508273,0.029866396598354297,0.009268663781827835,-0.001525240851529365,-0.0001893907116159721,0.01863281815963968,0.010927134551366069,0.007455262457978231,0.015575606205203193,1.019159329464191
0.016356767091880872,0.020900576616216644,0.0229359498232751,0.0035597257340778676,-0.006187830245904196,0.026985474858232494,0.01801358448315809,0.002836878391629617,0.0002542195389143905,-0.003017826286452025,1.011749141829242
0.0254973841185193,0.03073575803341668,-0.002311607366387653,0.020828398541128175,0.0002143043528570433,0.0024105559156177665,-0.00039064015169200123,0.013026583337169832,0.012664894280610073,0.023413026342243806,1.0331523802381122
0.015952781882001527,0.008062214375288559,0.03478023378253426,0.022343739963874794,0.0132205023085992,0.020902836283288703,0.023699678106700452,-0.007036958052071805,0.023370977032839857,0.013854055995163013,1.0303463838011977
0.009986489565189967,0.00631645685023768,0.001268700741625283,0.0008797030758600638,0.013262188128363717,-0.006988773724113842,0.004095897088096605,0.01624473347451662,0.019269346976036963,0.011422335999250136,1.0177302472501788
0.007781121158854664,0.01602978715920767,0.02994429357465179,-0.0009551294014087039,0.01828892091720555,0.015172719607454994,0.010800446748226052,0.013347578439877784,0.02057639362812066,0.015198627750186308,1.0272636616630753
0.022662785787538133,0.006465075592928967,0.009739895403414701,0.012416405213229741,0.020059334546014523,0.008577609630405226,0.008314072208318089,0.028521592064267264,0.00754087025176736,-0.007647691276140413,1.0256947771222282
0.015972709477777677,0.050610280213260084,0.03501341229356006,0.02776210534750055,0.01426737506482631,0.03731887392051376,-0.0072319912940984644,0.009306698063871306,0.02447763643361694,0.02520777113685521,1.0535102268992558
0.03340767910520778,0.02757252840045588,0.042054440017347886,0.022128696615591407,0.015146129002079744,0.02770432804026114,0.001750194405402354,0.006383727547132038,0.03152180442780317,0.014742113782608077,1.043430083997771
0.0013662797936450557,0.03236721256891173,0.0294547574720015,0.03469962350831718,-0.002359735553991252,0.023913514569895683,0.0036450527015101618,0.0047975947389704305,-0.008778239450789108,0.0048140520385994735,1.0289676753215709
0.029610520764111616,0.019416555977240724,0.023421000314972535,0.049712581654321894,0.021083934397236683,0.031817166048543934,0.017357583035617102,0.015683190402524586,0.0236261817399294,0.008969679405292572,1.0570102438902393
0.005452859267942272,0.009510672714323721,0.012023623532248695,0.004527097049286111,0.030566976472072516,0.003843322525780943,0.022678671881816846,0.008646646655564399,0.021962883142621875,-0.005469406616693395,1.0169934702624794
0.010050679563763399,0.02700726520479574,0.020814669038977215,0.02727583056116327,-0.0013384122305994482,0.01737641628156459,0.003725173364945763,0.025004102428975418,0.030574983571286376,0.002232777393612167,1.0353697438520943
0.012567509346618221,0.01945418136842019,0.014039375802637727,0.026615565246941544,-0.012882155053932969,0.017177666641771325,-0.00031962704336498983,0.015444216130027935,0.029756991092964515,0.0061623305427140436,1.0292775116167507
0.017254631798520288,0.009265898701949979,0.013586234112302665,0.02688076586231854,0.006225955621233243,0.0001787442551984056,0.026887581852908345,0.01678235892254442,0.0182447552817154,0.018358197548467833,1.0342502326046608
0.006292027230843252,0.018165636473891356,0.040917303533455615,0.02758168535103713,0.01979692474332516,0.02619141426405875,0.02442753097973769,0.010550075570944506,0.01766556044280568,0.019445665640627063,1.0448040095962454
0.028758563745419068,0.009684669754389912,0.010241511033524069,0.001809906307323906,0.008576120888016178,0.017671652981253887,0.005279924414228317,0.022385709598480484,0.01650638621252811,0.01588996048362782,1.031167173262679
0.017007773038178645,0.01711582910435779,-0.004694607445006285,0.006084392809971263,0.0055295816662890036,0.011183176812593884,0.01274212384542519,-0.0112504981285461,0.01699550353487896,0.017474275607403476,1.0168112107421134
0.02042673672371647,0.032326348507487605,0.015852802857373255,-0.007993369429915458,0.014730365618791817,0.015354145062137114,0.010867146343553019,0.01928905036153279,0.026255327513659638,0.020472890148504744,1.0308268178572835
-0.0006837943455940722,0.004631857014762535,-0.0007091144740879931,-0.00853479033022594,-0.0010644810011242725,0.020302540437010602,0.017431116901728525,0.012932755029427812,0.0024752003334815014,-0.001848045574428728,1.0064084287888873
0.005470411736038256,0.04467725770674298,0.03593259079282237,0.049411631120091136,0.021860174474099228,0.025592074663392764,0.028303966038986085,0.030128356618522662,0.0212304202803956,0.027399086891166255,1.0685744128518508
0.00831143358313444,0.023275726163017003,0.008194624473932335,0.022940483027674805,-0.005381931127702629,0.0021104011103492007,0.01456067335084571,0.00555514735690117,0.03599346689775893,0.0038958057342970975,1.0205445246672151
0.018269366203801762,0.03234792601719188,0.01725901300629841,0.03907647133353706,-0.006517780807461293,0.01720493202374662,0.008452187145661918,0.010936803038350472,0.03171940554320514,0.014993936751205661,1.0411835868847386
0.009003758389532098,0.03995498138051946,0.03165891608666736,0.027381378847432556,0.03733154954331107,0.019843580394093983,0.0016527845004411634,0.016852281873624635,0.01683184146680402,0.023303736708151834,1.054038952500059
0.02013148932751718,0.019073408111045985,0.028409285115944365,0.016381676805379684,0.008598639478318727,0.03147708596242176,0.004538127940575051,0.03639917339621686,0.030547480190964513,0.008200121981845741,1.045629144168
0.011025383841770386,0.02945805504240432,0.030194903855455923,0.024721092928557908,0.025919682399394912,0.033907064260651376,-0.014350193621381296,0.017394515531065125,0.024767553072976636,0.017944974741518727,1.0519090054704343
0.023700443501486087,0.018171041468572305,0.014424304192207069,0.02585778857752509,0.0020412017054521007,0.008301578594425882,0.011482853947425868,0.016678525032626977,0.003563151787048478,0.0036237153621250058,1.027911974688729
0.020226576714592256,0.025704452964744974,0.03142333089622472,0.02345217209806939,0.03894893869611188,0.035428675344322376,-0.0006336686630327819,0.015677786824549154,0.016951997444468483,0.009354768252397939,1.05065499903756
0.006462905925355085,0.03788408973810506,0.03148716218713641,0.031099772857039954,0.0008155729045946818,0.011521717124096713,0.020888232336694918,0.02414826565103724,0.02296130612625833,0.022795550426779786,1.0450628111543214
-0.0011154435814486477,0.03165599938255516,-0.0027367794356589793,0.033563467885513364,-0.005509580352489232,-0.006023727984936132,0.010712865821704737,-0.0006833214774458352,0.03464208663117756,0.0127282902401748,1.0237378640911803
0.01659753273300353,0.0024836987679654025,0.025954525201306033,0.023946220707112508,0.022730460259025996,0.030316743640700312,0.011613538724266924,0.0268696789026317,0.012637286919873767,0.022129580230722264,1.051880736530431
-0.00015712828759275807,0.01880532642667005,0.043029201522784666,-0.0005944916221723891,0.025097447237570375,0.026809501169426594,0.011468150369389822,0.02749177273177369,0.015240668108163526,0.009402576361530432,1.0346807574834815
0.01078275627009457,0.01213711236872345,-0.0049793780316945094,0.004656604216983825,0.02329661667137635,0.005925010131004042,0.015187544672863408,-0.003694449505671122,0.0029092719171655993,0.008771471704592474,1.0157363318512849
0.0015065556287214557,0.03789504546443824,0.006817479022878495,0.02588106989742099,-0.011462770481266097,0.02343428458450106,0.008221963997569677,0.004509071321250449,0.005604564530285169,0.008243580192560487,1.0250288961554588
0.010895976720237163,0.02942971051159652,0.032833937128974575,0.039985087592843346,0.009885839321647393,0.017765785693222246,0.022880424439277625,0.0067572602171883,0.01730238814655654,0.013272906915811018,1.0417125846871391
0.0015882947837803207,0.028407960761285888,0.01305075555615146,0.01086623165319061,0.013133513914784054,0.025454199727945572,0.008715338840115158,0.02147384146843033,0.0255847382053205,0.020041925314472006,1.0399559892851618
0.009664546947234051,0.03303433641295317,0.020472859923237014,0.020391630329795372,-0.0028273178695323743,0.012816860151591768,-0.004749114529063376,0.0017401951347310492,0.01885114822016225,0.01525892193240585,1.0268291784137855
0.0012402750625475755,0.016819995343734198,0.02868487960265978,0.007102687978817782,0.015143692301727737,-0.00020335166408830957,0.006235875099004174,0.023554079215616103,0.022638232913119623,-0.011303109833988963,1.0161858635221295
0.0024453667334132035,0.006349404809438046,0.027304383675866985,0.013317041437603361,0.0033992278434090348,0.015691026106124013,0.009636000911446032,0.026341032990971056,0.020200916086227257,-0.011982000179717369,1.020104670439273
0.015135148142709325,0.03240924839476457,0.026361338381225754,0.021910655693112478,0.024927521080589814,0.033044337635695226,-0.0008496269045598741,0.01889174446603712,0.0295696030943931,0.0018454449733634679,1.044013099470377
0.008436014746543805,0.0369492578411307,0.021859389762670732,-0.010278341267566545,0.028130532350181134,0.01367628974708354,0.0009096121677362396,0.013627880674133418,0.025428790368197535,0.0070889712260337745,1.023834784188023
0.013067011464325116,0.01343064874852495,0.015411475051499141,0.018677214837853527,0.018372958193509786,0.02374694748960629,0.006229110228703219,0.01815659256410304,0.003639518608723741,0.014484346523461915,1.0383453029908931
-0.002319274281006334,0.02444705482356774,0.025331824525858384,0.039651713626447566,0.02749973732139789,0.0313285125262253,0.009049945375866009,0.02835659143017858,0.04125249070178881,0.005731360041403403,1.0563248127611187
-0.0055942125879110995,0.03686301460454866,0.025373864582089446,0.02816774465759885,-0.012389993924134897,0.017750457527171592,0.016797819074996414,0.013801945761804362,0.01652857282776657,0.021942568451985694,1.0349784708320926
0.028638330125259123,0.026672964202010426,0.03170221594979335,0.02431052029613942,0.028217449002527366,0.013546592136078877,0.013399771045336208,-0.0054841414591295014,0.016395651150358057,0.01510892931257728,1.0367288495850717
-0.005362695040987936,0.03723782147262534,0.026108175718134438,0.03348946677633555,0.016745408837583835,0.01766138600270692,0.012067327012741345,0.0112390900296975,0.0025651369216880757,0.0027082073403113943,1.0343066381981965
0.008282865458490375,0.03187730264435537,0.014278545472251877,0.04301381802597168,0.03407072575157121,0.026815276339555057,0.008273037873618034,0.013639004493193501,0.028419527641217794,0.008047583274067864,1.053858469048528
0.012792444618411853,0.03633266172442333,0.02409731830766334,0.041504530247885564,0.013823656206498107,0.045630448620540956,0.013644853836296638,0.02916749511931064,0.036287707999836535,0.001159159104110706,1.0576653605907937
0.004404975894713792,0.017333155287274818,0.01162118286008634,0.021892088685326078,0.010261321087345935,-0.003137379126976439,-0.003514308107645442,0.011825717875800983,0.02170053401725161,0.020263518539399394,1.0309525458403297
0.021213335955743377,0.01811667283169788,0.007443719492574977,0.03432355802661378,0.012708618659669484,-0.00939699424261638,0.003299674690111566,0.0006519757281012728,0.012429718930532898,0.009702712123519515,1.026874337247882
0.002535944312352654,0.051632545564634216,0.02283796744078767,0.043177204584974975,0.001233188218901603,0.015346092827506708,0.016604737957074924,0.041098730937979416,0.022248768473693815,0.02623622265046807,1.0602414260044213
0.0056496507661077085,0.032701124099769094,0.018360301229759114,0.021453280275944103,0.001606788441197226,0.01391546147613805,0.01829778252009341,0.014292323361799667,0.027859854011994752,0.0327431694785907,1.0422899754852017
0.010708766986371927,-0.007824341546628802,0.018275950405894276,0.017243190779706992,0.016149765674673244,0.009347466510799573,0.0028322661089253557,0.009457107122035522,0.008163972345778907,0.01795763199249605,1.0297246963513382
-0.00032510479202067094,0.005827865260230493,0.021933798488789836,0.01301432232574779,0.021444915261703563,0.015687813271604234,0.008696824343559692,0.028214765551549205,0.024496291292886118,0.0036498742175051667,1.0333852724711403
0.019079221463377552,0.006181048770618369,0.03175712647596185,0.03820755463672477,-0.0041486633210143925,0.01252530616202466,-0.0004165952595038911,0.02994012387446249,0.007786305725715165,0.0013479605451178888,1.0366820446168843
0.007637186320664341,0.01867052947893392,0.00779435357594663,0.007957158768440477,0.008521705060557442,0.01632192602660104,0.01526368370247207,0.0016788715221441918,-0.011512318787685324,-0.0068767268237645805,1.009523352804452
0.02846425539330844,0.03382619540590245,0.036018763137872084,0.033386399199109726,0.003107821790393789,0.01443400714066349,0.028753750425300963,0.00481507358196329,0.022747529638556703,0.02504485542075046,1.0436451361443577
-0.014612726162468961,0.014523418167346685,0.007761862798712949,-0.002437905715742421,0.015923502102572994,0.01761870273360365,0.00080539195984048,0.009939108831239015,0.01305042466208395,-0.004355957606142897,1.0118207167003141
-0.0018522362497812549,0.004728539447049254,0.024018458345814155,0.005488721461221045,0.00689782476434869,0.023454105440575225,0.013967845691348726,0.007571126093851388,0.02634889682321062,-0.01619018717428767,1.0106938217993802
-0.0016776963308999734,0.03599371079447276,0.004886448841402286,0.02602920098044373,0.022293910429204065,0.025715917706693736,0.025855989053650656,0.025745164063434925,0.01131642699552864,0.021833035201570497,1.0501781646935302
0.01068908792581894,0.0480777057297975,0.026370246458337413,0.02756640671232653,0.024076468363521106,0.011026497019122365,0.002570359506823619,0.03091091209186458,0.026801660915965766,0.019004765325178908,1.0527043384243946
0.012207671317698928,0.02338143974771182,0.0227577754762504,0.03120982610246277,0.016439285418195025,0.01505782842724207,0.003038155833510357,0.021940869705068797,0.02169179498372092,-0.0043570949070479825,1.0363744586103665
0.010860799069845797,0.034578484544581636,0.02814974950723248,0.04362817224767286,0.028769369191136897,0.03246466054419217,0.01016994175128385,0.019181167663444597,0.03853681148627524,0.018720138981664493,1.0635998488856186
0.005373464511882182,0.03330054209293262,0.04470403296268606,0.03764911759342092,0.03133173931743592,0.007480680827540817,0.019151369284690512,0.005523322497606859,0.028344726393997568,0.0077119107765943155,1.0420651222902173
0.009814488665042548,0.024603103548969465,0.01888881605976655,0.02307421146261395,0.01718267398684669,0.004192879269435446,0.016407469391499382,0.006041985356780681,0.0034260101727770966,0.0026834571911592293,1.0242545893006851
-0.0013811066396778064,0.028346580201430806,0.016156540899013857,0.022152157404334995,-0.01850415081838993,0.004238452945987613,-0.01340008981694461,-0.002954187296050263,0.015423814508858482,0.007722640296180306,1.0129327709425755
-0.003967109085291602,0.013373775138273255,0.01245268790509288,0.0055094629865318195,0.008021380935752337,-0.002016601426816556,0.008387735929368496,0.0021791223358002985,0.00989141118770473,0.004746827956909257,1.0093524352767818
0.023722272290561258,0.023468775417017283,0.01686528434538242,0.032162897108775325,0.015848405278676574,0.019494742120965143,0.01803633888631987,0.010971805896186787,0.03143515781404793,0.011446262476761171,1.043447602672271
-0.001595830609890908,0.030693960436140377,0.011575162473772507,0.03017475243464873,0.010383378588789353,0.025163663095893372,-0.00422116860265348,0.009733462114246924,0.021311032423379915,-0.002476201798885318,1.0320376697615825
-0.001688263007243099,0.0323422353382879,0.02242360762263616,0.028444166336534356,0.004542470144256459,0.02790790371539277,0.01795519241015004,0.017854112087836285,0.044596923280267285,0.032908956002607424,1.0532228762505018
-0.01454365355809216,0.02015593067335875,0.009613946043088087,0.03135412640357685,-0.00857174994853313,0.017471713212836554,-0.006638253580823447,0.019376678670765497,0.028941677359510205,0.015050547466798962,1.0351986729119418
0.015875554482740403,0.028431858808591066,-0.011633032103897042,0.009979016897914235,0.007093784886632959,0.020510808151132584,0.0004037268032208016,0.009008462360166091,0.013593513978408902,-0.0037084841995982335,1.0198273703260852
-0.002556645488527658,0.00265855300196295,0.008729647013761688,0.03271978546337038,0.00913619727113306,-0.0063995090713184904,0.004730021978771945,-0.0005825381129528472,0.02081497009122389,-0.0008872729186875216,1.017517024753007
0.001922793708497285,0.045559988201204236,0.018524292478593652,0.030385086972393883,0.007517462678689166,0.01093909285605947,-0.000812097593457811,0.0009563989718903631,0.015456154369894826,0.010997165994012514,1.0310595195877823
0.022849260161694942,0.03348501571048079,0.016656387724421556,0.02496549774762144,0.02043797989456434,0.018613893285059697,-0.004431323923994957,0.0084447574031719,0.009398231462928501,0.0011991171523780802,1.0337527220273155
0.01138568762621322,0.04546477491715492,0.02058723362363428,0.022985744686129413,0.017213282155395082,0.03028945734755126,0.02949243738407476,0.025015134404345576,0.03702373658497499,0.02816583828191211,1.0571602773647777
0.015181145460250503,0.010976987755983254,0.006664439910943677,-0.003021632195929448,-0.004016651089788286,0.010335783368455616,0.00517399236891954,-0.003993647180467,0.011372501685585354,0.011043093704947608,1.0084296259857453
-0.0011716661920704915,0.0400396049582439,0.010509795067073996,0.015862174261960564,0.024255147127574483,0.010388126567150373,0.003709647634366462,0.012614870757116859,-0.0025016043762518918,-0.003102837375043183,1.0237825253103052
0.017055932483510693,0.008316467501619533,0.0015941070988232282,0.02613313803485367,0.00558587139508994,-0.0004849734857227759,0.004060105821819317,0.0106688634208628,0.010620827756984596,0.00815717160764118,1.025222380054555
0.0029356620407976503,0.010070820383823061,0.012465931109141931,0.02773456065602859,0.01215385810003541,0.03736045261179287,0.003054001204034903,0.01826200022370497,0.00016985190491212998,0.00617854807089014,1.0389481809458587
0.0016193611207229903,0.018006923518911717,-0.003117371303962734,0.03460166624499388,0.011238124715038723,0.014448580304501503,0.014008058128533483,0.007604586447184335,0.009456419111139381,0.009799144496695,1.0334059629123187
0.011591714193935518,0.029685537291860534,0.006021170351251878,0.03665114669974947,0.004954128232521619,0.04041166582188273,0.00857265177747755,0.03031694164085664,0.020623613916709107,0.020323605487173442,1.0578081770023222
0.010879069268222182,0.029776779443311065,0.039114985258555016,0.04352852016311372,0.005517625818060599,0.029947277379757352,0.008935363399695969,0.02789350924802999,-0.007278670004396564,0.005610833984252691,1.04768732215106
-0.003586180068340497,0.024237786748964776,0.04665807443278285,0.012995882902951474,0.005992381949578778,0.024913497162205825,-0.009425616771060246,-0.0033625446201708455,0.011242974360806055,0.014316757078639934,1.0250786729699473
0.017032702244678774,0.0370285495265241,0.0356294064030779,0.03820566041311725,0.027828533641817747,0.026460104483311566,0.0018569795488730043,0.0023948366383647994,0.03543743232012636,0.01570030975213876,1.0520575320392116
0.01461625833778548,0.022606691241287835,0.01335744183704244,0.024662870524031093,-0.004139254542315635,0.031295576479364616,0.022571000800340593,-0.0015815496856338169,-0.0025423590237395217,-0.0009886265267936168,1.0217648287999013
-0.0024487559426718958,0.018656529208543875,0.03506151862130428,0.007976975511827519,0.02395364824627542,0.014187030765780033,0.006980702166175471,0.012812505718068534,0.0015447781870354081,0.035469728380822324,1.0390715526169416
0.0074946893881792775,0.03204329729837875,0.01858722132496649,0.023413745463529263,0.014066210776283608,0.015232493744725035,0.020153141638402886,0.02382168220783687,0.009189701978791867,0.0288019560081779,1.0469812823838358
-0.0011358662974109866,0.027033743969956912,0.024396710361734696,0.028098300005573496,0.021207629799884643,0.03823746328248266,-0.007028618336361817,0.01963439948291354,0.02167101879588671,0.012235679374830452,1.0492729268288445
0.02566777261148039,0.025086024820740804,0.03330884530039656,0.004025223098920571,-0.001633306571154989,0.01792311552145014,0.008324954842238217,0.01838043294404723,0.01989753973553131,0.03483222152190414,1.038621834642542
0.022855017386865663,0.036144075452168044,0.028409816165814825,0.03929472594713923,0.016151466505823785,0.014077008685893084,0.019469294119536025,0.01140185902647231,0.02714144033334752,0.01926291753759702,1.0497213296652832
0.010191893356782781,0.037473815763903504,0.0011462978135665953,0.031235572451994154,0.0029255485849314757,0.015604990826076082,0.002943522517151755,0.005678933437490017,0.011035289118562455,0.0066956640628611334,1.0305290259066096
0.017261008309715074,0.02261198676187164,0.02561881521404402,-0.0027258707139501386,0.02915906312313057,0.013007645066060312,0.011381023599435203,-0.002906776045984755,0.019605397310748247,0.025492272657878547,1.0290321541698735
0.014248468231206984,0.02716595778328529,0.024431429220654458,0.02338206091860322,0.015253247382866302,0.03728154634718819,0.017466188590394446,0.01590933278754871,0.019252314739546902,0.032523054338065537,1.0545736290214165
0.016064083800309294,0.028654395602934608,0.019905142252967533,0.020459252335687184,0.02525613346144944,0.0228222605391994,0.0067157873720358405,0.025154315509304286,0.004999755462830749,0.01126402007602523,1.0438656595676719
-0.009280968767798162,0.0034062566637417524,0.015361709924135032,-0.0018425035907883268,0.00499856342086945,0.005008268461236404,0.0030864699538941066,0.02391885578865867,0.0026996360044490887,0.016804440513822703,1.0192190174789237
0.002142284227321601,0.02966742420314359,0.0023220628528127403,0.03219713876050814,0.010668894779511055,-0.0025810908980969938,0.009420368720738951,0.006757191473428627,0.03506969462939792,0.015177721917380607,1.0333819054047781
0.015254983164209092,0.024669596412245514,0.011771767910603791,0.02491141014859776,-0.007894652232655086,0.01241960286424578,-0.006929323892393561,0.02132623318785106,0.008971224160037875,0.010641633136118753,1.031184159363238
0.003505917510298435,-0.00724602010378316,0.02528691885244828,0.013401327959732184,0.04151974026352531,0.021585177976867,0.008407705065332052,0.013771311323996614,0.012691863347210033,-0.0019618604449481627,1.0312289205083895
0.0038672627224523434,0.031774422997482454,0.03134535703153932,0.03970731459335323,0.02603567764407041,0.01647702650498878,0.006780630816358137,0.018688415059268396,0.02313819348481666,0.01292629622102215,1.050505701198847
-0.008382332021636577,0.018146282395655338,0.014960781241590062,0.022610712526511575,-0.0033470773150318153,-0.004299205424783962,0.006856321374072416,0.01926120616867062,0.021656075936480813,0.00878663646561528,1.0228616288463213
0.011211662575488704,0.0008893231303347161,-0.003115635292636941,0.017820403148898385,0.010648279980056134,0.024497823516135133,0.0039479688877872,-0.022500549498514124,0.02001450606379787,0.015552042960120999,1.021041210893957
0.015713308966616504,0.013385403431542672,0.014350897786143606,0.029828687266967052,0.014065251643874566,0.010124643466670852,0.009201597390381566,0.011849134049052034,0.026724035078771996,0.017760244501262477,1.0400925675730215
0.01027244083528009,0.02498333594619475,0.011586559000312743,0.03432897625270687,0.003752587542773361,0.013435797720071557,0.04102824631510448,0.012456295107833242,0.01910254961527945,0.032505202308326195,1.0462674729972583
0.008241606180980918,0.008474213951130403,0.019282911472760296,0.009914943962481097,7.635699928492702e-05,0.010836012295087861,-0.0022704316039449945,0.0008288924985532832,0.0023418110115447912,0.011178991535570296,1.015976263645836
0.01731260518531421,0.013639800558519724,0.018480740659200807,0.01992634059671407,0.017053705947343706,0.020538026591714977,0.005879145494203458,0.019633085611645073,0.016132899354109696,0.0055916714867006775,1.035973661855767
0.0006320062433349607,0.022428617850050236,0.03493061442926077,0.021027349904722416,0.029268543951999196,0.026773414510922282,0.027601989453168635,0.015084328422466882,0.03616409758757841,0.008679550550342335,1.0430152208077759
-0.006249339984627952,0.01665764236264317,0.029780340086029387,0.006768533116088473,-0.0010910595606616552,0.007514743446640009,0.008223436552680586,0.015735959736807307,-0.0020315424753912324,0.013546419465834302,1.0186438546320653
0.03368556278596289,0.041245347017181654,0.04359983751562446,0.04997696389687307,0.007741299249506098,0.03304346381607366,0.01489209513528813,0.0006207424322826807,0.03945433021494011,-0.001037899399989689,1.0477454284876244
0.0032296307352885504,0.02098976736579654,0.018079111376512937,0.01435889033350509,-0.005806351045335428,-0.00040544962771277455,-0.0022189978944636346,-0.0020074929126201544,0.004524984530291591,-0.0011257552056274343,1.0065091834172963
0.028376319481638185,0.025987143885823343,0.029332842762955946,0.029964824306137686,0.02859728049291944,0.02477590989437374,0.017243466007439534,0.03889548211959208,0.02871093314316066,0.015575263329579432,1.0612715596038715
-0.011695192747640255,0.008047571506350635,0.012510484810870701,0.00828458831409992,0.00910517679924303,0.02798101570514508,-0.002888422510209694,0.005962709260693732,0.017347630002204267,0.0038514017582073545,1.020752985955147
0.0029865462504316278,0.005762083577690303,-0.000808551533878368,-0.014713342651444054,-0.004617429607393593,0.012825693854553469,0.004174196002768295,0.009449354146653918,0.014019250533268255,0.028207735779236957,1.015241534993918
0.0074759972382887774,0.007133502847220141,0.014656425797579753,0.021354250588080964,0.011841535588709165,0.01851586308482754,0.009745445766194776,-0.0005446365577383445,0.02425108989379949,0.011391866135849329,1.0286347607364152
0.020620326707346724,0.0432491472545592,0.05329314514489604,0.040974921529993366,0.025155950194875897,0.025962628818425974,0.006419913917340264,0.029316793728090287,0.0269483905853186,0.023817308027873983,1.0669478756397925
0.031934122307600434,0.02678358674215544,0.02674206118422199,0.048199298679181206,0.02159943556207726,0.01706670989746112,0.010582723983154697,0.013292710543204751,0.008225167773412593,0.016215554092291015,1.0537304671236276
0.009114571623532583,0.027199824154134324,0.03197297777130651,0.030040440654514874,0.02415558996118239,0.03623656429755788,0.022985524634449056,0.03640797205177798,0.03469681719143421,0.009483625844473957,1.058181568823644
0.023584475246458056,0.009272925217603523,0.019001038011797547,0.029748137240905213,0.02764366912029972,0.0054050260948698085,0.0009034413424104512,0.00841070228027699,0.024011151040908056,0.0010008783368263448,1.0338673183525304
0.010604145841432242,0.0040065525780915105,0.01942949506602066,0.02318220481488107,0.01335164336000128,-0.018518111384115445,0.011974683298748384,0.00844559911880497,0.010213171150298985,-0.0013921470021058084,1.014625265545673
-0.002996750965738525,0.0306091600171551,0.012404197156721678,0.007458972437527696,-0.0002344332246909022,0.01616610730233236,0.0032517070182771883,0.024656529760825704,0.029193656913208313,0.007481791471514143,1.0270023966942963
0.02169733777502469,0.017496362220710625,0.029978429384420784,0.0288172418250189,-0.00777721349707588,0.015346235179357225,-0.0020247940172495715,0.022355130393603387,0.04653334761860108,0.01903294372211651,1.043389475689404
0.004496160830749671,0.032746132419943265,0.05236954427835554,0.02387521334864596,0.012804899886844376,0.020251064806535202,0.011355472154861433,0.00811647868486219,0.01795050492462749,0.030203278602237222,1.0448855595374384
0.012350704990943288,-0.007170728866892706,0.03370062939421009,0.002982223839490499,-0.0019590912086495885,-0.0014095145660220788,-0.004526616627630182,0.030694801779531378,0.0275483363416052,0.018258878528998636,1.026010563399822
0.008796032308551735,0.026684950629491073,0.04393784217205448,0.043005024541986694,0.0071154963462433975,0.042073399763678174,0.020112577508308065,0.020102270390514217,0.02122349783760581,0.011940489162371289,1.0545153522981923
0.007757637420558112,0.03642254017486644,0.04850669591832303,0.030378325001576965,0.0020050592866770467,0.0447993242308804,0.01735524759999727,0.006674338098010692,0.023903468916111177,0.036382134305648836,1.0556918507402513
0.008810020607995126,0.01604762779413636,0.029596357055559255,0.00673864338256637,0.019016402866107725,0.006004959887345057,0.007014394868355589,-0.00017579377575966185,0.026919248369926596,0.022942640645404726,1.0275827639221364
0.009208585282938143,0.017913975264889942,0.0037484066025423556,0.047406955786714854,0.017887838612001217,0.02200315378291913,0.007019108068814725,0.020766032460363577,0.01585192248029251,0.02467715069961878,1.0575048792047295
0.004163294448676188,0.023207634580437737,0.015017020121498102,0.04816077894540763,0.009840926512419797,0.017418479756656873,0.005208368544218188,0.01642667269218267,0.001014841165901545,0.0015846680271614216,1.0399091172232715
-0.011408446514980108,0.03375373869796317,0.040931963577781005,0.046605130115123516,0.009282215422655391,0.04047733658657654,0.010505601888855536,0.020485464799738402,0.011186357562395012,0.007105062869437663,1.051145613496244
0.007483429738336237,0.02666861924283651,0.023697993647469974,0.02792775913069061,-0.013071848567331418,0.011222659457181112,0.016229919304845585,0.018364048483646204,0.0180510135695509,0.024953524642223238,1.0367511492025414
0.02055798811032352,0.029152189632003094,0.025381710018044252,0.025026472250207415,0.0035625616282049253,0.013880126510103378,0.024819624172964516,0.02152633949555493,0.033830793586632844,-0.0025204804167948056,1.0328348048459552
0.014961332008466936,0.027387000078032717,0.02994973472858864,0.035022681241187945,0.008108534608888229,0.022410770559798805,0.011787533212543336,0.013550448312771492,0.02619798000930425,0.010331362850818478,1.0429497218035675
0.018051855977649793,0.018840162339031283,0.014298175635787135,0.020295176577288382,0.008587547517703206,0.020154814650349066,-0.0006867270148567164,0.003706294173012008,0.017903828076473147,0.008096638939404077,1.0292686301772718
0.011795267010056492,0.03956705892482738,0.023431114691421562,0.03057563888692279,-0.008958869041890936,0.009795698800495257,0.023322209079181817,0.009205982671081437,0.022733661440974204,0.01191285072868553,1.0309954088177324
0.010101195030015615,0.04184944688969589,0.03186597182077131,0.02127131903734554,0.010597476415299338,0.012099035212097401,0.013406843427132758,0.003178101977781964,0.00414134467608262,0.015274867671274901,1.0306750774817623
0.0030194259222073696,0.0029461359606388036,0.005203567844652202,0.02913742119706785,0.008508904163340771,0.0264892071309491,0.01125611695073348,0.016394495008405216,-0.00014324531949618316,0.011842806898682261,1.0362899642794094
0.005574219053238939,0.018292096878910452,0.008389171286667028,0.025404385351237582,0.022440739360448686,-0.013436718246517881,0.003976662289852007,0.01756153569889657,0.007164642164776201,0.0014190195883054257,1.0245638568829374
0.02499575963853906,0.020675846199359367,0.02882108337624355,0.04144614928799028,0.015943174274636793,0.023590143085974527,0.011151758315646323,0.01727075780174097,0.018779526175344396,0.010271392080320147,1.0496920499081184
0.022388347205765755,0.0027993227359367594,0.03071299754796478,0.015211576342528505,0.009016116135629427,0.01766478454251536,0.004502345664020149,0.024365715648050835,0.01141471064416695,0.012930069735021019,1.0355041274011743
0.0038697380770783014,0.010630226264062001,0.01595714260144131,0.002236386558588547,0.015067928459003775,0.017054834894652322,0.010086489840010128,0.006768898348244394,0.010006672243599971,0.004058372022497397,1.0179835771902157
-0.00358090628744661,0.028091541025226922,0.019552459679002737,0.002595299266732881,0.022553873037405144,0.016342651207021643,0.012092299144915117,0.01729348106016257,0.021877831780751842,0.01697675275039045,1.0322386313844891
0.020615078413392718,0.02003091960326963,0.007001628606220077,0.01609491713401513,0.004175414952247108,0.02564373395219898,0.005266935044317218,0.031152968291025433,0.010556098564545181,0.023256533428576493,1.044675385410759
0.003549528236961706,0.06621639191135464,0.01872819235633546,0.039296595479366626,0.015683662917573532,0.003724440970513547,0.009983113726044475,0.01649304572344377,0.014528417370118736,0.03332585821873287,1.0534220229890348
0.02234241782804952,0.03848700699494773,0.026441332177958847,0.03666440645686769,0.017942903618979326,0.010189476193035785,0.017055575550422503,0.0061851823625875164,0.00972041559980385,0.018865566228346665,1.0437284285656803
0.012996452214639383,0.011716870553038179,0.03838267388646756,0.026292092785421717,0.02951799402539882,0.010403464792294103,0.023553901099811342,0.011984062630852261,0.014433231082418915,0.0009681760665852194,1.0338938178149066
0.0043953813279616364,0.016213688563132142,0.01188093801611217,0.01626249395045261,0.007030265221857178,0.016468396610618517,0.008782306794658289,0.021260093754129586,0.017437181640596967,0.015404635042500016,1.0339971838232445
0.018187498698288007,0.01739514561943827,0.015082619685413334,0.03271968208582573,0.000502315819759006,0.013898707072996211,0.0008236972650506567,-0.002077694536575681,0.004338528117758924,0.015052023210532334,1.0300453152957865
0.018504831487289194,0.02793014207873047,0.03654330011263266,0.0332157027858845,0.010367271210410438,0.022518450172903753,-0.016077304604231905,0.013750693558776443,0.01575876989254962,0.014786538818150823,1.0447684572697105
0.018982597681068386,0.029083835724609493,0.03103304694042107,0.029207290568878698,0.022546902516431988,0.035948378443597925,-0.0009617808403028644,0.03824674586008634,0.0027896507204938237,0.003227657903800257,1.0527807200476433
0.004561582108280386,0.024698322908332918,0.02768237250872642,0.021509927864274716,0.005933541823453799,-0.005154046930190942,-0.00630538227781262,0.017257735136415143,0.0070048136417610865,0.0387641107548974,1.0391564200801058
0.005254144979991313,0.020940223815659013,0.003504284213725518,0.02671107767803583,0.0017967168388059469,0.025159632883017362,0.001418262335244432,0.017438534687193082,0.006859779072230662,0.014737920293322307,1.0371123914346303
0.0061810399179562155,0.013217874824446176,0.032837147238729096,0.003485105609080391,-0.004516232809766936,0.018575277469329885,-0.004634986545904195,0.02382400762921895,0.03953502304273962,0.007417157524821944,1.026007964196906
0.006106725443155901,0.018093139061674743,0.023700884723363517,0.028735365023665256,0.028547188535134292,0.02513769226162335,0.0021075992898408474,0.03512223387664338,0.02123114170656895,0.01891263903072425,1.0568251449664157
0.014799428691046463,0.026872340483667646,0.04840389833492785,0.006126514527571727,0.0133229399742757,-0.011716109448936916,0.017264301081160033,0.01701828795639793,0.004817593238758701,-0.001546901867200922,1.0146218883561495
0.023073512014743384,0.030556671874926153,0.0114793142229672,0.037309079874077916,-0.007058369777454851,-0.008899337122544789,-0.008177371430159026,0.018549396487250618,-0.003125558605676792,0.02135541489867391,1.0345653380039552
0.0076828741948183725,0.015422899566088367,0.019632651897507628,-0.00868718168683388,0.02154555012354191,0.020082205798213994,-0.0059813843754342715,0.01764021884450155,0.018916550897480754,0.004190876105944789,1.0222261402226902
-0.0012866018089409464,0.024062109312594282,0.019299969834197166,0.009070839543734536,0.016607405193827893,0.018664623528774155,-0.003585697295700817,0.0251169297734001,-0.0006557376103318874,0.037544316110995554,1.0443835900833576
-0.006270434832593409,0.030176488520639984,0.021276342742420313,0.020120219411353415,0.00807847692458857,0.01566428589685099,0.00758174606732595,0.028057193401573578,0.011743062188176705,0.00461082215481503,1.0327446909046225
0.007894257543558594,0.008373658242081842,0.024704315871748903,0.020754469673207345,-0.002907955422577338,-0.015784121515733905,5.859878318162457e-05,0.022981380311909473,-0.0012295033272415566,0.013747365127820946,1.0213019605030778
0.007047273852615445,0.011910628449356767,0.026582244718669823,-0.007768829012225883,0.020258426220685563,0.025053764461896336,0.024121711847917043,0.02332989990281437,0.016418195169315492,0.016919696393561456,1.0312462463611822
-0.016389345700102684,0.032472671421715275,0.012877683696162061,0.03352744080160976,0.006417179158560911,0.009844598598730428,0.00583503859250568,0.02254982670164423,0.019712633097731327,0.02200189933915682,1.0423982822919495
0.018884247583511857,0.029344803054767592,0.015144750113945891,0.038699939503852435,0.023312751638980955,0.030413525304980264,0.0019463950470295932,0.031229344157955485,0.03477546342782521,0.024851047072067874,1.0664434992368734
9.459156634955036e-05,0.021199065888743186,0.010223230556196021,0.022263415604732564,0.010511882399877494,0.009387390697718934,0.02222176650339936,0.005868441140298407,0.013423015463997259,-0.0027066052367483197,1.0203063578472462
0.030992109913143308,0.01983789271231087,0.014719010609623391,0.020377341378902347,0.008790839267926356,0.022237086700692285,-0.006465389175186607,0.004566766243936137,0.013595998848488786,0.01668907590151582,1.0355851926109625
0.006734998734417548,0.02786165420925746,0.0427194362151027,0.025299995507169836,0.01083735586378342,0.01936315446341749,0.01420508037291138,0.034039998586477334,0.029796116043195025,0.012621277527607399,1.0471990874099721
0.0006016598277594175,0.02284107910234503,0.004713840290371604,0.014206942956083853,-0.0003231184959453315,0.0010396592568433817,0.01342650652731961,0.011847424708064054,-0.0009702988450957881,0.021618688371410975,1.023189208955058
0.0151231460111644,0.03829271936268963,0.022306834698039842,0.031016432073492403,0.016419850756972193,0.013249574031740227,0.008021589855784628,-4.070791271754137e-05,0.0182367507271005,0.019051218153835436,1.0394530096476806
0.018341458569513334,0.01391102397983484,0.00013622708854029233,0.016528204037646217,0.004640274548261235,0.008150701291700979,0.03622683956500365,0.017080650540695463,0.007829646590267789,0.0005815655372136842,1.0219199604814149
-0.00841123806144125,0.028994131383420076,0.013503725163211525,0.034968841411096976,0.02646332325716169,0.021887632855276767,-0.00822572165871326,0.014892099809911699,0.013919907246296461,0.009760533912436737,1.0440296615624425
0.018012085505652798,0.0190793023359434,0.021166015546377863,0.012711066275748807,0.007805485735468522,0.03668649905877867,0.002574120414737117,0.02306277809026891,0.026108387358374143,0.008644681050947772,1.0394447507317541
0.02259579182061037,0.02915367687742356,0.000906493089215421,0.014045220186012758,0.01828475018431889,0.008873719183646147,0.008056637304633798,0.03903548113086902,0.01589142239031944,0.012204422818347533,1.0418980887031424
-0.0023920184297609526,-0.0013048303437672853,0.02024926705618249,0.02038455202791605,0.002885624362906166,0.007061678997397057,0.0006558177791439416,0.008931008873767956,0.022948410059657177,0.00656799467293928,1.0217242471125139
0.019688770022297516,0.00501005812641598,0.03621681507500961,0.011589176550865601,-0.0010967425504886438,0.03294912744175442,0.0018227169010180252,0.019662719430415553,0.013771175369096219,0.02627390111445993,1.0404027751870004
0.006728912355360304,0.0449527153600561,0.033552813369405556,0.0510322103702245,0.015598121213966313,0.035661406320518896,0.018604952889909918,0.02046112449822129,0.019274753194953156,0.012263588878929683,1.059618681906666
-0.0037828663571679074,0.016304187904184787,0.006860736114565473,0.02818439875982514,0.014386179486751811,0.017203545207768046,0.01784254787009906,0.010471195293971496,0.022198372215656452,0.007107644908236529,1.0330685809397175
0.0025429244287844995,0.021464954887215663,0.02835432302111509,0.014579123272769017,0.012543194401418947,0.005994367389799479,0.01881838450788987,0.001872620691689076,-0.016116144161527582,0.0022481922542866867,1.0146586401480275
0.009500203237877439,0.050700283622097456,0.05399843540254749,0.04424421919367534,0.03378615808223439,0.02193464636893213,0.036448412978377774,0.019269138171516903,0.002075508369303397,0.016358359306445653,1.0583914722552241
0.016146234718321394,0.01748640328877196,0.004548763961099933,0.019332842543702267,0.028598707337942408,0.013160834950005026,0.01400365693861295,0.02827042260683573,0.03249623888252883,0.02295096508050275,1.0499509919497523
0.01721120493136,0.03710565564746657,0.035962547705675814,0.03554395180614998,0.008609743903675965,0.014564772439906984,-0.008779609641642223,0.016798087765985802,0.031053562270804372,0.02116534951940377,1.0493344176660049
0.003619167369245645,0.021109137664682122,0.02735317812444981,0.027822613343502618,0.015451507920463525,0.01343881320610955,0.012815570855126697,0.03365187395724059,0.03491541419211187,0.019784880724668656,1.0503970819875725
0.01989897169429559,0.02157038944132368,0.019216079482892473,0.043498969478106345,0.019450669150246246,0.0065649234217244196,0.0218657554629001,0.020729227218423126,0.02385762663061263,0.027206514464891605,1.0554857974598668
0.01857569734173859,0.031164942968766943,0.00945988789690704,0.0231651450504399,0.0029163434916596297,0.010021823493646342,0.01796597612345486,0.00929815829134372,0.010735523222559119,0.006802151637457319,1.0271633150470603
0.01826576134993953,0.011055846401041035,0.014216881849878158,0.02110549439834942,0.02398923378544679,0.021017442337063787,0.005292999296002828,0.02990853985095209,0.015456155887133215,0.021499344923771313,1.049885523895749
0.015978888817946083,0.03259708257655128,0.015942935118119107,0.006092319056505832,0.0022263401563505005,0.01501418526323515,-0.0014062757683870018,0.0009950409147954,0.02188890315351366,0.010808947387647806,1.0209788731952572
0.0226694540287812,0.015400785973109215,0.024319988393509198,0.04007607681022676,0.021252357111140076,0.02188379164852202,0.006745869419421576,0.02230760478448142,0.018216744699455882,0.005181144118001404,1.0487814290484772
0.007313683266468422,0.014657579466133348,0.0248928719477527,0.041834878526262914,-0.0031292840818663275,0.01946300390005301,0.02230477841992911,0.010856826952906644,0.00960058314581504,0.007741006047125422,1.0354811237258401
0.0060932464758866635,0.02461682959158871,0.02173038674181798,0.02451850843841223,0.005897093018260474,0.025566674318608266,0.020648476324598986,0.0441030101904335,0.0291465913413914,0.0038726752285870893,1.0458445643223544
0.0027014624382006996,-0.005839932596735209,0.025056536431744235,0.025813283223446067,0.0188749911347019,0.01646874508737596,0.004916271228094487,0.022399284717169562,0.01341059867891965,0.0006695628830533876,1.0333382029650597
0.004351444503578963,0.02517807277311761,0.013731898152977134,0.008158613228357738,-0.004280366731787692,0.017130635527248472,0.018095730761999437,0.022811698269546616,-0.013228869312313261,0.009996638150491944,1.0222673679080372
0.013493963346525226,0.03451020235907626,0.029115489590028756,0.03943631411850433,0.028766560340237633,0.025907826208017903,0.019857273841804485,0.021721730282951452,0.017487240984818887,0.008834688812254814,1.0537411791046267
-0.006666519046366738,0.007744450409739865,0.018355727260597417,0.015052337712232475,0.01819001860164659,0.010595740157214905,0.01038164274918139,-0.005938714777583566,0.024168758329946437,0.009848281421465932,1.020908612790219
0.018425949739717996,0.03941257134774993,0.02754445157860301,0.02013140619316685,0.013967630264017188,0.0086463191722383,0.026462524941034182,0.017317147692106735,0.04224857790157929,0.012310112685091728,1.0390834870058647
0.008522128242459858,0.024009023719452776,0.016580299918553372,0.019334808956009367,0.0026221252327217072,0.00454770364376942,0.024235542494420333,-0.0012540221163355675,0.008164319938203775,-0.0004673615094845304,1.0142970658573869
0.006290091466065586,0.017921679047923515,-0.0054036352790641454,0.020189897227434753,0.011974521856737553,0.011068135211015595,0.017437327886065335,0.0034277926176667726,0.017316019335988145,0.0008853126045081979,1.0215750236822556
-0.01776423216253581,0.009242189829623014,-0.0025801879725295077,0.01749000459632769,0.008351404053184653,0.002725993488057363,0.004784597923531837,0.021602821220031328,0.02185772892217213,0.012827175694510569,1.0266261339903828
0.01346325717071308,0.0070763851706367,0.021828228491341337,0.027004337069003622,0.014019493307985029,0.010772513088313299,-0.008675540175857319,-0.001025096732811424,-0.003650515743760494,0.004461700573419392,1.0238711121081412
0.011200539428631666,0.027809576547312677,0.024067633470548088,0.03321313905458281,0.0070761193241876495,0.01304900469947323,0.015020536298480058,0.016364836439688783,0.021169749618282656,0.022976606063994404,1.0448386178332438
0.004080387380106728,0.019609015236544836,0.016221210282091565,0.005957207547154968,-0.003806328265746407,0.018396069285347528,-0.021126765049542792,-0.009987195674718253,0.013356782724926346,-0.0007943075036450928,1.0072816981142663
0.015886444638395725,0.01910394772501008,0.007764750950800559,0.02912738952563749,0.008821365083668195,-0.004155057929182363,0.024661838259104722,0.008025752198688797,0.02987237123855706,0.018725370224537873,1.033339354139218
0.016873233366300644,0.012420565624862222,0.015244093486937444,0.014516261618794293,0.026030498009984138,0.009570565129903275,0.004320439807097349,-0.00958576029135956,0.005176693616416971,0.01852229210284296,1.0262624294562173
0.021742589368685387,0.02216080715493135,0.0044357325402019886,0.016088907583205365,-0.010912308747755409,0.025766189745461035,-0.0016096272078871283,0.008588852757832678,0.01617000462164918,-0.023173779120267,1.010545099630953
0.004618354744371126,0.05096822070807529,0.005291793926556234,0.040555414854618374,0.0008913072406743737,0.016533686565700388,-0.0037125738565649095,0.022129390975350674,0.02142304790775666,0.021651919294899652,1.0496464927106919
0.005242446718980001,0.02319072059233909,0.013196367523975865,0.030144011522222975,0.0164464878089002,0.04070115198374972,0.03259875779598903,0.014890376570659817,0.020333856312936747,0.01442809629378191,1.0482898050884697
0.0044562572649280464,0.02479203384696224,0.0266394406746308,0.03042923971712192,0.004624424672008607,0.022158888701038392,0.004664211481545716,0.015155886209115477,-0.008391775801208961,0.014916139669255818,1.037034840033317
0.016539211936289776,0.016931234842203054,0.034557322345192064,0.026727983495736348,0.012642236013407809,0.004981475266477197,0.012382350273511976,0.029853224878084457,0.020180714420190832,0.024388749670216033,1.046942908514597
0.023977785641123545,0.019820909095850332,0.019392400429243214,0.044769963143693824,0.009773002656370834,0.022996996091555304,0.023112023588545652,0.010684386465861258,0.026523871863018765,0.016326829713575873,1.0498574877731779
-0.002775130916113446,0.030607553713692892,0.019801519417359144,0.0418454851246501,0.003513547851668979,0.024642430880801675,-0.0027790596313247463,-0.005191736483822703,0.027132119105300036,0.012575672005268847,1.037375513553802
0.010309397714773736,0.020324215194182888,0.002186404909747792,0.008261365405594287,-0.0007690928072514955,0.004135377404910776,0.002820723331946974,0.02113957671217317,0.04042357121646589,0.003114965712722263,1.0219114710954924
0.012288623610536117,0.038282868786527334,0.0011766664867935046,0.013943050162555712,0.017420127412057746,0.014322225359478741,0.0007726921628208368,0.027357634983223134,0.008612636853759143,0.041374085352940036,1.0513586017148904
0.0030365348076555783,0.015413350933065017,0.002379896601275971,0.0033652365806819077,0.0059216483943873984,0.0019080152889502325,-0.003936060182633068,0.024745000169071683,0.007753914396076519,0.009331518986392735,1.0203218252608603
0.015801906655974543,0.03588039051723954,0.021381610553942478,0.019900338270967675,0.015436837262478457,0.0115761734976386,0.030340508323583412,0.017022633156610737,0.024999617283365565,0.04047547628611675,1.0507229581911062
0.019400077391905586,0.0459817606881138,0.019514810881690436,0.03296168884768574,0.03208490659106251,0.053216856370751825,-0.004953078804631543,0.03896010350078586,0.012026438784111386,0.007350750708024501,1.066885512256061
0.0016175627705237536,0.022349807071492794,0.017734793044537647,0.024197722516375024,0.028569674528045354,0.02156197063786447,0.017037008253457796,0.0004573140677733619,0.018992373460859826,0.02819979798564416,1.0440109803127104
0.0033910446452122055,0.028441514171988737,0.003957623689587162,0.03405834258411619,0.016461790665187603,0.0032224718797859327,-0.002487748569545297,0.013001348108035868,0.020654917290208717,0.01752089155939219,1.0397418180042783
-0.002443506863125413,0.0009111357568942942,0.00729426824178386,0.013032200967461249,0.01512730850637311,0.0073688872905446285,-0.00859941687453284,0.004138822698711804,0.00800810863637234,-0.001109129910177047,1.0147039983276926
0.002538079221060905,0.01789738059457081,0.0017037008617177274,0.017604875578405975,0.002997196806514657,0.01269153080962753,0.004277422817293208,0.0028674320843899218,0.012080809384342264,1.3951459972618048e-05,1.0169390405661922
-0.009433663660373954,0.008941517455739284,0.031295680135620785,0.01285078102552343,0.008571888438479721,0.010151428042594226,0.014922123626858127,0.005717793080474916,0.021878976865461964,0.0163846294292519,1.0243662378647382
0.012153199324152953,0.03401747953466085,0.014480595263258827,0.023953177767496378,0.01714904853466028,0.038946290556187,0.015906984282133142,0.02057774883635791,0.03710777574419868,0.013787413748763536,1.0508641901698972
-0.015859956915015717,0.02740581180850292,0.011272288975033299,0.013673387365434608,0.01977120727776062,0.012719843441700168,0.0071720121607667855,0.011611597352362887,0.026026043405551993,0.009564887733558375,1.0284343504734665
0.011473068041548124,0.02581859968493326,0.024241556620210235,0.03769153767577265,0.013753101831278116,0.022562283526411316,0.023748622918016295,0.013611438365423209,0.00920424021732361,0.022147314238043635,1.048664298936785
0.008437468040512063,0.0311784078802537,0.030136577356716612,0.03859189172270753,0.023714012272045087,0.022609287926253538,-8.903491082988546e-05,0.04390610644139758,0.01837497671863865,0.011671733057328148,1.0602102302953678
0.002557924572726353,0.014706083948820357,0.017841820840186585,0.03373299282335832,0.027558218471325502,0.01566423626090204,0.0037287953871854747,0.020734741116802367,0.0052666799189909266,0.025229001929622435,1.0506636970989631
0.010521672485726982,0.010042309778668494,0.015318357908744588,0.013356966881594184,0.014262930376605459,0.023521563048775944,0.025620059154596267,0.005577822619184343,0.004928516075260001,0.006907141381323931,1.0256140417361244
0.014407499852934864,0.01034393860304186,0.014156914858433461,0.01340227531703071,0.0015751698020769738,0.03352886008745752,0.005792123869810116,0.027208445608818913,0.007500786583467975,0.006980068744543536,1.0342292652064105
0.020989606359951986,0.04414073411129515,0.015733828929072137,0.052915027161648004,0.007202024341587651,0.012226398086944321,0.008330045187008632,0.01615910843614459,0.029717611426299646,0.037368403909713216,1.0635560544744866
0.008233581968825893,0.031182970280782513,0.022541680154859297,0.020411035044258348,-0.003352421765650008,0.009161513950470929,-0.005958280173821965,0.0022762223548357984,0.023404751034400935,0.02408442040241496,1.0302687769885914
0.0025948404411932345,0.007237784786665019,0.003358646604706781,0.02463588641673898,0.017744892374844747,0.0016411682726916055,0.00703799627759335,0.005181584113302754,0.014950515509799357,0.008400130646445843,1.0255154335692718
0.0021877087376330154,0.041567612734612625,-0.01086463780065423,0.012810277479726203,0.007891730794393162,0.016850201251909655,0.0015432748829871112,0.013607292227508486,0.0011395881979628219,0.011516447577772171,1.027171217033422
0.003549397557042654,0.016434314469983315,0.017808128252221948,0.014638068121537517,0.004957059328503341,0.015281049375075437,0.007716544696692685,0.006798994247855771,-0.0007182221479575292,-0.009026156661823116,1.0131404068446836
0.032226646101468914,0.024602099455438835,0.031532252808568216,0.03854168719749272,-0.007070145947503256,0.015918655782093505,0.02817776605611523,0.014240666281565548,0.020465480646335035,0.0006187497141333584,1.0347879695863438
0.012161303546499712,0.011609266195166976,0.027111169270193865,0.022172778864121254,0.0227196278107517,0.02740354496602765,0.0053455245471500145,0.02059689951723551,0.008183819934929306,0.0225999294702846,1.0477715019116223
0.001863870187566786,0.037269550790574625,0.013087693411706089,0.02375890957800609,0.004922779019025859,0.006705108290736421,0.01889946330690481,0.02090755508268031,-0.0005217188670406814,0.029655423750355007,1.0395896763283945
-0.00521432888815279,0.03722596955944801,0.021518554165329943,0.003078974665659498,-0.010901681538261852,0.04311866770807202,0.012589213265245541,0.024773418569969702,0.030168234404390204,0.009141846808067584,1.0314535604838253
0.02760482468098597,0.024074366592583298,0.03034973678027221,0.022589237376619775,0.0037747239369867597,0.01207549327826763,-0.009110781016283983,0.026609654818332124,0.0056005598073835565,0.010800642239510347,1.037174639690666
0.003538507377686165,0.04370045784047768,0.035428864391358304,0.021705688131555368,0.021254993005023884,0.015229728110654562,0.010520397539455119,0.02669341805408909,0.0029610052193912786,0.009728020224989344,1.0406932275279979
0.02002605513417058,0.030826552393119405,0.043321878088897536,0.016444618520413533,0.010855376119509243,0.05092881252205628,0.02061639101178369,0.008933573318311619,0.03473346017760637,0.04146523635247859,1.0591947649923235
-0.0083187019284296,0.03604634202102328,0.0007750072968525975,0.008104209307657881,0.023272585772088752,0.022865582865153104,0.010799723436343278,0.0187429892506676,0.024051524242471777,0.009697198786950542,1.0337659954417635
0.0028980538464992225,0.03916387323564545,0.011785288594240816,0.037978581903462,0.014979162417832207,0.03313466386883003,0.017555716374266544,0.01864851792684613,0.02594063914985151,0.015525284188286326,1.0528074872856632
0.008942112923116013,0.010134194488127201,0.024928954683045224,0.029900804213355968,0.010307632024688646,0.02390572490558159,0.017522965397159904,-0.0008158325270509869,0.014786804967846616,0.01426346158939005,1.0344954490132792
0.012132293190165842,0.03885328015263313,0.029043200871219425,0.04799401791180197,0.00817912141603997,0.01684614201752402,0.017934936120177734,0.014511333617621858,0.019988838440580185,0.01517553271501055,1.0495619618332102
0.0009237075493339682,0.017091186047267237,0.02128240970321232,0.020962198030278247,0.006158701702576504,0.007580951880394548,0.016903802084531936,-0.0037717020320052266,0.007592671998330563,0.015277960225504272,1.0222420670734544
0.01890443316597392,0.02116161796296127,0.002348019926058674,0.015315713413477353,0.01239436543714276,0.016072131737668933,0.017169486741977255,0.027199082720082673,0.010181519233436347,0.012409333245296366,1.0367250425054997
0.015215506227360131,0.0215736537302502,0.02148806322211139,0.020561580521339377,-0.00320529917268447,0.014845237706685978,0.008253803675886295,0.004596670211066271,-0.0029753770590101244,0.012504358418701567,1.0242997707586963
0.008555927073465478,0.023240330355857635,0.03801907171474716,0.009232616785188871,0.01868820183409303,0.02575500017230973,0.023404134367882412,0.007279918172450824,0.046834814381212675,0.023620751774863218,1.0407418710990164
0.024097887551661038,0.04345765937249967,0.02145651919806109,0.036375518826973964,0.009592989493577796,0.03823298439545199,0.015249980016869495,-0.005528671739335297,0.022944643205673947,0.0036987683434245543,1.0399906498727616
0.007093027692606576,0.02524413725539276,0.02453810345532788,0.023014319864499023,0.02857095046968143,0.0126013698574979,0.00047744784763008134,0.02978849585288084,0.027005382746515004,0.005687414731501506,1.0434889940571472
0.022337509674251802,0.019179423633023582,0.031925541974751566,0.021113558507554246,0.0032084614721405585,0.027999492892533222,0.007223463206010476,0.010732102830542732,0.019964714770207972,0.017944096923811617,1.039050192155844
0.02414181686266094,0.013098257203305166,0.01870482907373424,0.0032075135113907895,0.0033034179096890076,0.016753174439178044,0.005754456955153933,0.00030235335453793373,0.009886651134721737,0.007472126341640568,1.0167271357408687
0.009162695408527724,0.04310925732289464,0.019937334261955493,0.01799995978508505,-0.0008970926402645848,0.024747116097623173,0.00013398680024188404,0.004608444167082799,0.030256320405500196,0.012934534248699803,1.031914721399643
0.006075396402427626,-0.005358841185127245,0.004570178529260409,0.028757830542588285,0.025294952629210374,0.011832117901845024,-0.01690451826206282,0.01978742908855658,0.006125903127454575,0.023737544729871836,1.0442853615156966
0.01947652556957374,0.02118458232445548,0.032849792161886764,0.01970029008640577,0.02430002633065754,-0.008003437643385979,-0.004511990581935842,0.010885011254042138,0.016305175510541798,0.006254959584431924,1.0277101623507097
0.013432647754996384,0.010762664537934584,0.0259778604816831,0.014226726227014472,-0.003486892546566516,0.018978579249441227,0.010127295574962052,0.025954028810267833,-0.005136478029352213,0.013662505098823809,1.0301442710432824
0.0012799589301552786,0.02426614603439961,0.031613718397598724,0.03830573918097999,0.02254843947480046,0.03178932259077755,0.013030932777472484,0.01515332438069748,0.03339008588134168,-0.004211064099908578,1.0442676213222062
0.018092729772413968,0.040985337566081706,0.01918253329462223,0.0405555283055674,0.010103408971427244,0.018148874287416558,0.0071542628712308355,0.014862503319443093,0.01083577809099546,0.008724370826179578,1.0438209031558654
-0.0048552265061256854,0.03220242566218059,0.008437663403639658,0.02143889750497975,0.01866976613740563,0.011230033537199032,0.021085957094365587,-0.00681317060516954,0.03039149274780609,0.01238457828410195,1.0274102178291846
0.016227446543063715,0.040119474187280006,0.006712886998153436,0.041725053820435516,0.027738903304823776,0.03000521685976083,0.021629580822200255,0.029809804925990474,0.01748546357677454,0.030545092349636517,1.0691614950190755
0.019076254255567162,0.01522546132441724,-0.001929370304712779,0.021214110883778718,0.001700572118161197,0.012960174085394937,0.016270988881078554,0.02688343283652424,0.0031056331234317978,0.011677843092882998,1.0334572322210385
0.004825619661261426,0.009166929426774703,0.012765530463792979,0.021877158867634607,0.007804637067050144,0.017032196785503953,-0.005718109103687751,0.0080046903987062,0.009755070268361699,0.01128261530983157,1.0287108430151528
0.006315874778411222,0.028286255150592965,0.01883208911652443,0.008963924947385012,0.004127661666376146,0.003965821655885427,0.0021268445026576656,0.010572116104966148,0.016894009193776274,0.020041880635997964,1.0255245503535482
0.013414126674962402,0.024879886666399897,0.03168227208912336,0.04993756191540184,0.03278254635226118,0.0346008701266144,0.02115886415759039,0.01811626346214061,0.04633884935993343,0.01153567637588519,1.064933065615624
0.013043515141423979,0.03241801332644194,0.03489668832922658,0.01285068089291463,0.0025306968123468172,0.024107768725029486,0.00982197506780704,0.017597939154180915,0.03897620985866938,0.016867159991578975,1.0382468979808688
-0.007578789235972357,0.027995259124653334,0.024125639426963386,0.04348318002684297,0.03705650123343826,0.02960655815513125,-0.006330964289957625,0.020532388151219178,0.026349386588995244,-0.008962823487913692,1.0484134322698102
0.028557609229092937,0.04290114427625075,0.039713814683705634,0.04885311314813677,0.013668922532295708,0.02540622333725975,0.006271636470467528,0.04714220528299225,0.03588477325798864,0.021180353827523316,1.0740852458209706
0.01942817193802443,0.030252373661925406,0.02170559485856798,0.02081394469946255,0.014053127226563034,0.015171873259532944,0.016926206440960337,0.006840662033183146,0.023235514656748918,0.013167947358286067,1.0349068270676607
-0.007873797819660137,0.013999494632024757,0.02803825231377485,0.040657554964218245,0.01960554929683419,0.023905140701192613,0.0027327304428028474,0.027202400722657824,0.0006999463693541479,-9.99132254540791e-05,1.0429348979355046
0.018785098384252262,0.020342304951324004,0.0388095427935454,0.030728763653547157,0.00857684531322117,0.038326859900265055,0.007213341575786397,0.008497233263339333,0.012318286368902047,0.02080268193035266,1.0476259818061138
-0.0023062544408104808,0.011508309871156253,0.010053503496698516,0.0069790520094469895,0.021478182705987788,0.011494605571296826,0.023220404642528412,0.01198570709096846,0.006993950572939182,-0.004918807731177975,1.0167181761395427
-0.008088677111965311,0.009720067912188407,0.01729927272234169,0.030810525865608996,0.0056117550510303375,-0.0019442710786865963,0.0016956713132613944,0.00830312525251211,0.005714094932010648,0.021743274625642565,1.0295392472724705
0.015141561474444277,0.038131316051250565,0.025956369987960023,0.03199092043353667,0.0123224040003921,0.01004024081374963,0.014614530802575867,0.004931784553815536,0.013387005168065924,-0.0033693919774460124,1.028435287562099
0.032255760565860714,0.004028500378680681,0.04730930814125109,0.03949550990151301,0.00816101121947553,0.01151069943414917,0.005532669292922234,0.01829375183893152,0.031015884579250873,-0.007229570100332363,1.0365796821005475
0.02781515738107973,0.017123225665905545,-0.008678480697827987,0.02303805905369124,0.009672854399926593,-0.00019987999435774027,-0.013975194390376873,-0.0033533514736787395,0.010287509591825138,0.003364334589663769,1.0192481119888714
0.01214769588587538,0.009017225298809009,0.006465274852603916,0.012402111386913918,0.014011154354397194,0.02095525961965897,0.009538173000466943,0.014554359123980759,0.011299580597517307,0.0185318073228313,1.034041122810251
0.014523669271173188,0.007524754760948998,0.010014172591112442,0.018711797899179566,0.0027546286890518367,0.013288147845682156,-0.01501763725117427,0.014105233383726693,0.019896361395882772,0.01738689885036475,1.032108619633173
0.014052822804432112,0.04058357078233922,0.025041305556198542,0.020046983917442494,0.0023859908616635107,0.013473671138107969,0.008267240184661238,0.02984894156702041,0.0210973856721914,0.009791652366985568,1.0379275308817186
0.009636825426800853,0.008803085834360019,-0.0007622237052193909,0.009673708023094014,-0.004164839093729164,0.006525001055439043,-0.01772404648577744,0.005038843223244635,0.02156140184362821,0.0035405782083312368,1.0132785564452658
0.010793333649840411,0.00948770000753043,-0.014449653326168134,0.017320718221229752,0.016974669176450477,0.011435732345017229,0.0003289643623793142,0.0181034555691827,0.003518666691441511,0.008309229401217205,1.0291640565187385
0.00775832550615459,0.03793731437610095,0.03484844524193992,0.04933275049297627,0.028513177237123266,0.02186010903029778,0.018633069940929413,0.01619482293246169,0.016238294963886797,0.010401668612056356,1.0551927572201045
0.010845447205452826,0.03146385254653475,0.026977282588459738,0.028980655072301433,0.03280053959768615,0.0064031759888157815,-0.0011292150497515339,0.016931198400078513,0.018656871338816175,0.02347750612863412,1.0491212420249558
0.037010193934408686,0.02603268159486402,0.028438745187766512,0.0329767421864688,0.01581837734385373,-0.008351345190028243,0.02459978979074494,0.0090916868682853,0.018158367460811533,0.0030992443321359517,1.0311586313192214
-0.0021274525079977777,0.008232972041991388,0.007526525262242151,0.018158440111191623,0.005028955047444657,0.010304596914596372,0.015600606316165652,0.0024812637938433192,0.025413884963830888,0.011031137507757154,1.0224708142236807
-0.0033035175837809946,0.029024919393562346,0.025004056040203115,0.03296042864714338,0.015440660240917682,0.03804155426872739,0.00816308812264975,0.012935189111598907,0.032931087770843755,0.02938755928382565,1.056377148661106
0.013068484626934485,0.018610322515075124,0.022988933897474112,0.039636722130574585,0.0251544941015827,0.03467552816636259,0.018721153079450506,0.01728000676105812,0.01843993761713295,0.017894085594349504,1.0566964685391629
0.005067832798982161,0.02652095627498473,0.043111225858488374,0.038761012013801686,0.011723903475144973,0.029648697375852743,0.012699033036045722,0.01937720849807493,0.017987140682672067,0.0125056498360661,1.0493781783403422
0.010751713097403245,0.025520389982008326,0.021172847052126822,0.020044325716729573,0.016723737100168508,0.009160662654827937,0.024779561712734786,0.019227731316843518,0.025790696250210184,0.025994600427710603,1.043152599090757
0.02685224353326683,0.03149628856734863,0.02308574694532691,0.02231241433040745,0.027025090488784632,0.02140518145903924,0.019976289211196374,0.015383585696130984,0.027071112788701394,0.005806145068020974,1.0424985000180844
0.024045397255804724,0.02699757571210782,0.0389131495211492,0.02038794320555905,-0.00028827623358398946,0.03364297957825284,0.027220069543947012,0.026684273906642842,0.025377823701466067,0.009723579348573859,1.0430478883473506
0.0001305472677995724,0.02216191572801196,0.036810721340599054,0.014762595367662137,-0.00010787697115927607,0.028494076566490688,-0.0029873163978795126,0.01047672061442407,0.0016780675674551264,0.02367904253902689,1.0336976548058687
-0.004272745591961967,0.040249682852794434,0.02485802828838571,0.026869899370058174,0.023626528971299306,0.019232449578071006,0.014969855612278033,0.02641049515148132,0.01664735523997986,0.015864283720180786,1.0477932777526582
-0.0022702364266007115,0.016237389814055748,0.017639313628366928,0.008694914222290455,0.009604450923126576,0.007306663751039335,-0.005454052192308244,0.00972265109089751,0.029140432580308993,0.0016022254366984713,1.018485594128002
0.012552615259597256,0.0027102580243485892,0.030783360676246086,0.02038805552665475,0.01728114932483572,0.025229213748950454,0.02107650000454816,0.017340537962057243,-0.007189845058389309,0.007370094433157837,1.0337242662714015
0.022358280794710642,0.03147669307300956,0.02380850742643223,0.03889294304327174,0.031008415745684376,0.0053589679705476,0.015244589489374797,0.014855192199125206,0.02432233408423199,0.016375725430324888,1.0503563059303573
0.006160790129096858,0.017135869604210884,0.018331578929951353,0.01616663058099274,0.00026696218066416325,0.004663415773802912,0.02491268249115317,0.014879254570901976,0.01594454251818302,0.032691906895955414,1.034273393939226
0.005512549319661255,0.016585900726412466,0.042782320521443984,0.035525477787354744,0.019666587948048174,0.01725656054092064,0.0070252812419329515,0.02318926199191487,0.01986882882227805,0.039150831069352646,1.0601457132796746
0.012742064968563786,0.013119909172147285,0.04039366188422626,0.036583172397834735,0.038310312911715695,-0.010660329283843731,0.014120570192047155,0.005983222422442426,0.010008839821794844,0.024351858260124027,1.0432790222748793
0.013577529589296889,0.016218106094964876,0.026791060901796965,0.021912017016168378,0.01948173404019923,0.026117897706182974,0.012081242321233993,0.015568791831354883,0.019632586482166724,0.0032101366262520595,1.0369591628286334
-0.00019592710196227048,0.017986819374377558,0.011612828251757327,0.018653252005708908,0.020076847800853902,0.01331969696806354,0.0029393716785921266,0.012591779244412871,0.002198688814888843,0.00916407427696465,1.0295411774185186
0.011965525124226186,0.015074928992046398,0.01667033909403802,-0.00667183923769217,-0.002217685845004506,0.008950502610753724,0.014937163084505444,0.008570818893327874,0.012922753094862247,0.007572940254343831,1.0103636879645856
0.0188218396103354,0.038929768429836246,0.03346202375432783,0.03999030097091648,0.01979295380820675,0.016510635132412525,0.012938210658503202,0.03764702002702171,0.027103187213704322,0.03152548933112815,1.0676784631142955
0.003875648822343967,0.028333712439800776,0.015731526408132013,0.00021769150040732224,0.008486868330373924,0.006268323295108945,0.01311933133599251,0.013990168598866697,0.024117971999677218,0.008930439673519438,1.0199087669990523
0.0261970427802464,0.011890723713096144,0.02384447766144723,0.031241762590948803,0.00047172974381815697,0.014041239757032259,0.007629327906569768,0.010132089417114892,0.0045542688445863976,0.008489005939627167,1.0317116446800987
0.0005432555705837672,0.0322088834322091,0.03789639565650993,0.028915879085442454,0.01901814424275404,0.005566951613140667,0.013260454140590542,0.033694544156781345,0.018474325136423227,0.022858037258133398,1.049913553648692
0.01958929477324416,0.03164036281662184,0.040578203053409284,0.033397968105971926,0.011269290044024955,0.02437562686566716,0.006376798430905554,0.029489379941312947,0.027477455001945577,0.0032396165889092667,1.0478873483430153
0.027504091418710113,0.022291523516674492,0.01398776550578262,0.03881592769935395,-0.009623081671856555,0.01479300775309273,0.017242248631627655,0.017303521017402252,0.02236711657317114,0.015925668168949865,1.041318621883363
-0.00425147693139603,0.02877774491775369,0.022353708825134277,0.025917959971276418,0.027592253314092176,0.032027733193765215,-0.006898324267197808,0.016270590424526322,0.012732307136753749,0.012358744112267221,1.0456941499339176
0.01208854040092053,0.0017650930532722882,0.01417564534211122,0.01428438544656865,0.0041355304137163755,0.021121715014091172,-0.002235977883862714,0.01654585430700754,0.016592640637782697,0.011101723505029823,1.029706233658624
0.0075052887355686205,0.01881869883862214,0.03154564205198441,0.04948800855285278,0.021715346526732373,0.03272156079048534,0.024835773916561416,0.024992062003337326,0.000892019890953652,0.022645572477034727,1.0622766165619222
-0.005610614128313065,0.019574600080324533,0.025793823965638816,0.015995949049254957,0.02209298448860163,0.017797936183823575,0.018931741006392284,0.011217125501122869,0.017459229601645906,0.02310995511806179,1.0379250965181048
-0.0021137189182025007,0.016595431205832834,0.005925645509832584,0.02580941906243819,-0.004882188545350033,0.011264503170552179,0.004429261904872323,0.012046810780181112,0.0087755006858162,0.00600829620030023,1.0233696803712244
-0.0008593415861831528,0.02725061327853131,0.02783036001532423,0.027892574372555302,0.0013266385075160671,0.025693172624414305,0.006815928559242609,0.0018682160881635284,0.006516424917545987,-0.005786212123816444,1.0223957734537374
0.016685665532174553,0.01673841041322472,0.011741890724532864,0.021702038078785804,0.008227796037744513,0.024418172993536227,-0.006708828257560177,-0.0010716426127085968,0.016476986536776095,0.0012699917122081673,1.0255237528380485
0.00530351272594002,0.00767587026152282,0.0167870329333967,0.01362352998539126,-0.010110518643962944,0.03703873812650905,-0.0018268497658716762,0.004434026779284981,0.014399936584145888,0.022964803794590007,1.0305339685009247
0.025358606782255162,0.030727714312614476,0.017504275106506068,0.02499068174757469,0.008298891018868238,0.013105545411833775,0.02997316273701208,0.03955672270994355,-0.013919502650820339,0.019827452250237854,1.0462734137415823
0.017493287004581616,0.018807195993993508,0.004802955173984894,0.0371794813415498,0.013106723581280632,0.010562928357455644,0.017513703554133096,0.01257195078366782,0.020587924724315906,0.018292964689982195,1.0433291881335816
0.0009350282401992989,0.020018561181210457,0.0008156156123808062,0.004177927752556987,0.004894417451531975,-0.008859386896931328,0.011349331366270428,-0.004499157909231664,0.023370246590061518,0.01350404497491177,1.009624024649211
0.009598457016868303,0.021302854445651786,0.01862201466428165,0.03127890835492375,0.009686332197922596,0.010832874636661055,0.017754563846332526,0.017173919105685775,0.024452503479654775,0.014061588255836548,1.039622781395484
0.008185173321239681,0.04746749752806306,0.047867561227129984,0.03203938305346522,0.005779193557877316,0.026162818756913796,0.020648544299144114,0.021510474238329857,0.024589549442856854,0.0178693468903477,1.0496998326432345
0.02123103429221107,0.033572240194434444,0.0005041948226871852,0.03602585737294933,0.021169166576794737,0.02522324347131051,0.007958260100584593,0.005900357700109175,0.009294545049917861,0.02975482381048406,1.0527463276236564
0.009998354624997432,0.05227497019230404,0.03585356066125109,0.03722907666833798,0.025904179958177065,0.02413044514684442,0.015225448315985646,0.02861440064406596,0.016151428465155212,0.035357525359934465,1.0676515398192792
0.0062492750306943085,0.001308318573083769,0.018333313336348543,0.03154914417328566,0.016328144146570047,-0.006841667040950343,0.010355260244691949,0.010889548437331779,0.008964441278708258,0.018029728104867852,1.0321228932662554
0.017874019148267705,0.025284989969483095,0.044350167477524106,-0.002192982168889506,-0.0016695075994904024,0.004198129476637862,-0.010027846721707815,0.006690300850268251,0.02380934636455775,-0.003798214481262615,1.0088983928691886
0.014279606568506919,0.028131298054589214,0.008154511300485088,0.0034549717131785902,0.025546566274232917,0.008817185786257307,0.003122901061404752,0.01091568944259379,0.0015890130306098187,0.014909574024663363,1.0272723569583095
0.012161827015650203,0.029989497881918386,0.005314918932646639,0.02037165813508354,0.006311710599081945,0.009303647126102248,0.005327334148431445,0.010872368341235648,0.03187691540341372,0.00698072643729349,1.029000788789208
-0.003085529339363992,-0.006577822839989551,0.018049001479370053,0.010877219944592268,0.016658776940333887,0.021553096440218224,0.008116666117264318,0.014669648045728775,-0.0004445038661924673,0.005517454602963988,1.0241748086261897
0.008144291245776994,0.04626270036799879,0.04238732275378317,0.056551328813223084,0.012352356292593198,0.04734748275963101,0.019102177443114612,0.023272107055338387,0.010723363459698562,0.01448368199705196,1.0663924151240194
0.035475337133742194,0.061844576711086945,0.04163964810392049,0.04525635529919249,0.04125385773236812,0.0441607026217154,0.001606363725034473,0.03392036996997836,0.031703474081658044,0.010557255343155497,1.0780507963263877
0.02360668156569274,0.013512279833600226,0.01512236510496963,0.025116066564216912,-0.010435056810410041,0.018446619319945495,0.00687574547080522,-0.0016968510817259724,0.00020903233762329006,0.018185300383020207,1.0261872777286103
-0.011668639774981872,0.023979892745158264,0.025052354853465207,0.031592333627302606,0.03362819762653389,0.022566347079920397,0.01897345053885362,0.011946438119186081,0.019403702301860993,0.004599305376825211,1.0411634577256512
-0.006729128367123271,0.02106822880755268,0.025418663334141313,0.0035295267381472845,0.0033791340506829663,0.00048750994088504404,-0.01553618445571027,-6.116206397107152e-05,0.0034372323102754235,-0.007266446282618846,1.0014697607598826
0.0071522390507843415,0.014743194201399518,0.02169346597879571,0.03384382478706424,-0.0037026363822637853,0.009326751526913545,0.008974379730440865,-0.011017889154420844,0.0012694219783983794,0.010738093763594454,1.0207108482820157
-0.0004067473511995094,0.030610151433275876,0.008737895620546202,0.019564003631208204,0.0020199078847170926,0.0013988742563625194,0.0037030118228341107,0.015996764919451057,0.007506044856965061,0.006055874214142758,1.0223237076798435
0.004361803519922441,0.03712262148302011,0.03518955952257599,0.02589570136243899,0.018020960732179313,0.008943028594194356,0.008326199834483251,0.019138715832849235,0.016267925249223106,0.014755522016986725,1.0403977542002871
0.029818617071875646,0.03820270850470684,0.03312127004393645,0.03874353336298183,0.02064073447289999,0.041159686956706035,0.011262529546712412,-0.0024430708895068556,0.01813890255350431,0.015389645157449379,1.0520511068829106
0.019175279624768483,0.04664270244035852,0.026234225886960165,0.04139899004822472,0.025943071613675144,0.014486743186831757,-0.0016910799319800485,0.02927905717421909,0.008174342854065163,0.012035441025895044,1.0554032346644018
0.015377800053784672,0.016716605688574464,0.01995713906185338,0.013492914541500017,0.010797873480452093,0.01762818590663925,0.007008369322455244,0.012148222275820336,0.012568399160651476,0.014782665554510278,1.0314541525724958
0.029967631766175718,0.027033572000426633,0.03002802483125202,0.021776801819124877,0.018980174968816082,0.04106225064288732,0.020878930020655988,0.00937180503216156,0.0023154113749474688,0.02160257195139667,1.0483998325402162
0.006014155123394917,0.031557478581561216,0.0014365940134719417,0.021863289162073238,0.023235846434475585,0.01902003497689251,0.010065700240908559,0.018813804985864692,0.01998454039573732,0.0075969393508577565,1.0387627578644878
0.010565253179201945,0.011820194943739128,0.008316770793641976,0.020250380145173517,-0.0021251204715705624,0.004898542990741539,0.008553536581978178,0.018045486025081447,0.012831764061803752,0.008915367790943644,1.0250298683147467
-0.0005964098115775977,0.013513933890727973,0.03572323344950332,0.03710244693409239,0.00759565869727104,-0.007255373199544252,0.0002003758515956083,0.005717523218034175,0.03058102683901781,0.006497216977069167,1.0278215712359464
0.01154448300851568,0.010511554125574262,0.021921436193965117,0.013448184523463606,0.006067620023138212,0.007720550554308633,0.011309375227144473,0.013702364589335742,0.018122578098844704,0.011571898967719188,1.0258364553121437
0.015156613103067923,0.019736677673456618,-0.006739211217771858,0.018648785166565405,0.006166228190654134,0.006040879492294739,0.011813055336639445,0.009107284974265203,0.013618001259172424,-0.008100303005355695,1.0163203191299117
0.012450615841164513,0.01748580806301242,0.019872628736794455,0.016573474147498362,-0.013171598449739495,0.008550028700355723,0.0029367406632099468,-0.004347114616092355,0.006915351759859926,0.017102005883763885,1.0169333985739009
0.004922024637608574,0.004020844370455086,-0.007515380741269555,0.010803918529158251,0.005811623904740276,-0.0018081028538425824,-0.0037850902320924786,0.009684035597128125,0.01953374143631789,0.003255813169028365,1.0143025219239323
0.003694774364105341,0.04468203183144983,0.025724491845913883,0.034251133062847335,0.007823187755614957,0.03469507694868357,0.0023683583725597496,0.0063344990869752885,0.008695528973497967,0.02686760239249161,1.0492631238631183
0.001292483179806252,0.013116512165303107,0.01276099196166093,0.03322342714267954,0.01439634867363901,0.009174332482785538,0.0049034733861679225,0.006052421150791579,0.017583539779744247,0.001917705560631729,1.0289035250261118
0.010669218594958257,0.027754771139181816,0.038509956525052375,0.04944463886542958,0.00610982339638576,0.01616713878205451,-0.0012358889039931435,0.012160416748155383,0.01078863700735209,0.021217563168319617,1.0497783483315741
0.009650321250754944,0.023619523355653788,0.010519740918813495,0.03341097198858648,0.0017679546711693818,0.007776923086428789,0.019349980360157077,0.005335620472147817,-0.0017102529057335877,0.00023159479866259776,1.0230835976984969
0.025661289719797552,0.01119373898474183,0.01087706538782834,0.015374107311121238,0.01146293382245899,0.005046749383450261,0.0017249299626400667,0.022550787681265026,0.01713757137675599,0.0071371962853120875,1.0301265034605982
0.03147066855257592,-0.010642570262074557,0.0012662668688002542,0.016247141438778298,0.010572224446860104,0.014056222741454263,0.008704899423095755,0.03599865828381477,0.027546283986680634,0.007513044693804349,1.038171649382515
0.0026977549547203637,0.0313769249573229,0.03182215091302058,0.04169190507828377,0.02426410981889198,0.023773448135125396,0.00507666382872049,0.03770940461062187,0.021527001458758785,0.008829297140491837,1.0581152790465063
0.0090466627952327,0.0031798949008290667,0.03444897722703279,0.022728642588908374,0.03167313257793036,0.009054088231927562,0.017478887393774938,0.017667685325518018,0.010305386547065943,0.016481636045608292,1.0403760358701541
0.007552319568319289,0.039425819875409565,0.004368467345937462,0.03721560446838227,0.02089612336442716,0.01177865321561509,0.0051856416635657375,0.022658968294437802,0.006842711031798454,0.006364838001578783,1.0431247808748827
0.02367328415286726,0.04805827007351803,0.04792015551583893,0.041565910924233195,0.03107050501898704,0.044547769445768375,0.02342684364789635,0.033910711244515876,0.0356782044260373,0.01825363169316121,1.0751191136506733
0.03779193106972463,0.017986693008597537,0.035745003623710414,0.046269733570957365,0.005888748006396205,0.021151855334441555,0.017298959193345505,0.027177836170444315,0.007130855066293174,0.00798476922533666,1.0509810607128391
0.00029066706235039534,-0.0010963298358374306,0.01903754611654228,0.02590204287965297,0.021909842035594883,0.016496261926883523,0.0035259215361752604,0.012385829897004891,0.02060060595273542,0.004291831404583531,1.0329162816799597
0.011590945456490259,0.04735575365673017,0.04267646379131719,0.023125262792781747,0.03336420111844467,0.014605600332888654,0.020168667626447707,0.011668832954204022,0.03578773080716532,0.014158197684290993,1.0462604239584326
-0.010491801375983194,0.026124814145915845,0.033970144883461006,0.021085395727444296,0.010368951747914447,0.006013803098942605,-0.004824200985273316,0.013712091852615113,0.011170418091032518,0.00863111990954386,1.0269980538828656
0.002916871143522318,0.016066102122445403,0.013810186351882407,0.00840360958170748,0.01364257853927623,0.0133750321333072,-0.010942893106378603,0.014688333195371661,0.02323097433882762,0.01894104966193097,1.0313656946254213
-0.01326782884093378,0.01893227808932991,0.016217001455331864,0.025968302348324472,0.0008616072669120414,0.023602392026979835,-0.000448003109911296,0.013233424676221085,0.02458749827559783,0.01356879646159119,1.0340182903516915
0.03286315011966271,0.03209155699718534,0.0073079429782294085,0.019760336754864473,0.019920733133094733,0.025446153771888316,0.008972879822445594,0.030320830324198897,0.004544292304513392,0.008814479587154235,1.0453677051592103
-0.0014725041788426294,0.004381549447917715,0.00039351586544107524,-0.0017425527010086726,0.0004311347146957103,0.010243759960948364,0.01196753154028559,-0.0027699448969838083,0.021893729039660248,0.017474534231682375,1.0122985839193968
0.005815001201251625,0.03745329304253969,0.02758308390597778,0.017209339908677547,0.012153073079846104,0.0009057893530046435,0.011082269262389397,0.0026064339699122113,0.007919276870725099,0.019045734462976204,1.0269450538109262
0.012983523785970955,0.0012735773999027512,0.016443725971045153,-0.007783252948042449,-7.775441775414397e-05,0.020891498452595886,0.007526223720466588,0.009732498810234356,0.002971514610788154,0.027034630559180102,1.021770147789855
0.010157201872732084,0.017074335040974897,0.01749234921412883,0.007891938301745892,0.004880940177217349,-0.005493064256174231,0.011294884786431694,0.01985679578625609,0.016057102091078156,-0.008689145993565473,1.0116414499253517
0.011399968582040131,0.029427634321586862,0.04942505700262725,0.02936978668135837,0.023262755526421416,0.040109572610413056,0.017357932667047767,0.028319677013196078,0.011399866371950038,0.013976919536684815,1.0561508912873196
0.009755024471081869,0.03193379761415152,0.0013104404332533962,0.0032581450041054474,0.008697241974492254,0.00836798071839114,-0.003261092255635592,0.013131101370352425,0.01405121538285935,0.016769707976560622,1.02490324217532
0.015543216359493755,0.01762935685966871,0.009560175027751135,0.035684155548483816,0.005154038104830138,0.024218182846445543,0.013529677720902522,0.01617310860153725,0.012060002625287211,0.023579529912062493,1.0472274328416429
0.01476096507613312,0.027167410987687744,0.02897152822154038,0.03181512892222613,0.037796356609122644,0.03702013274797288,0.006673732927206345,0.02413746036653468,0.04431643309059231,0.00908712371226529,1.0602261705715639
0.0027128003177062394,0.02228502681257651,0.041400148423335725,0.044600566234712764,0.014298095293369947,0.029291164262901716,0.012042858067902997,0.019806347858464277,0.03194050312636212,0.030151204806272484,1.0622058875451166
0.005152925148548118,0.01788892249949784,0.021488705578971014,0.015553088674844421,0.015685669071511713,0.007821784681786799,0.0010674698997855713,0.01246521718172669,0.005592292907718946,0.013113420090206487,1.0283510046231168
-0.0025910949258686825,0.021584879675609233,0.017621989267289796,0.02745070353676044,-0.0022739763257689687,0.0020108963023029256,0.008392293470799374,-0.00356788066966505,0.04102251017561426,0.02330792437766581,1.0287379391524505
0.02276867956948964,0.011198985770012517,0.02252734514731469,0.0005819140004153234,0.029084411203887654,0.023113453260549074,0.009199504402546493,0.021567000328100237,0.01431297297107324,0.02960715307624799,1.0439834889128763
0.028547461138036127,0.013450700982049455,0.024651765122252863,0.02198669697952926,-0.004498397520501416,0.003266560910951009,0.011052941491893264,0.014482800136102536,0.027549633130060786,0.009336992234368647,1.0279209781327858
-0.004188106692325734,0.019921026497035713,0.02068089467764433,0.015433438846492644,0.026299003826702222,0.0223094099035755,0.0014766469048181144,0.014336471319347418,0.018965223719766913,-0.004294341609522004,1.0288608103692565
0.0003077541654633968,0.032390155988940426,0.046766105649267725,0.007790999887289353,0.007952245510332284,0.008943056632826053,0.026660713364295405,0.03819474020700043,0.01939591224406996,0.0076225267289173,1.0328083377073263
0.008773599102716152,0.03644356298159231,0.01734408342031643,0.03652355503126662,-0.010184579510737287,0.014410334627099983,0.02019636541958362,0.0232980680806543,0.021316667822138112,0.014597009470128838,1.0404873547434321
0.014408713268782947,0.04372857922300577,0.018704582232469864,0.024153522834165324,0.012329830515806026,0.004304915909700908,0.004500019325704584,0.014420852075116881,0.024234433340585844,0.02351828016026821,1.0410340142843406
-0.002145484880224144,0.012795199322471484,0.021858692306178984,0.014750452485631761,-0.004286282144437934,0.01640270082155342,-0.0025912046393496667,-0.0009484907789088955,0.008229245795819384,-0.006720287819110575,1.009284251750293
0.029467007329985168,0.041124577106522675,0.026079549902851818,0.03584309295215971,0.00875563417958012,0.023878130950294407,0.015009530575762646,0.020564556568450687,0.017590966023351657,0.02202843571587385,1.0538023570760504
0.0027296083024428326,-0.019747371803843804,0.006432040481677487,-0.0009251094668640773,-0.01117490846104551,0.009591855511045527,0.004939042382827253,-0.0038839814659388777,0.008200945368194794,0.008648875796132063,1.0017446503280365
0.0014745053323537635,0.023314932008656447,0.030413437853342558,0.037087139073616736,0.02217579157686856,0.022700001215540354,0.0040349652815604795,0.017289785001352736,0.011853888454960267,0.019533658639507206,1.050420746642904
0.013817417702393382,0.016448625548457465,0.013138126347921891,0.002729950443651312,-0.01541748167572019,0.02351478336908871,0.008745351990512814,0.011299331022510939,0.010051346834472522,0.024346887236085423,1.0241394385411788
0.016159380918311674,0.029620147126777338,0.01766902028240585,0.008691758213562911,-0.0056120046442721125,0.0017478505820916939,0.015209094138480124,0.0077810202539131375,0.020427385547716375,0.009958977297075641,1.017507766393495
-0.00233323770765383,0.02168578717602794,0.01706783435982038,0.041262303216945996,0.02380255483174465,0.013183227587611143,0.004891494790433906,0.013846942000568175,0.02740686422876611,0.008159214952307965,1.0440017986734027
0.011403656661445744,0.011723007220453703,0.014208560878522222,0.023949127701204182,0.017098453897188413,0.007671185448739451,0.008789652985554126,0.016671556600100675,0.015636893901383165,0.023646102247548977,1.0402714638854977
0.011220382684329224,0.022038456052000596,0.014494367786233258,0.02566488661572562,0.0017424383771963928,0.014259074186234781,0.01591174190556771,0.0025831605376506056,0.014349126155275511,0.0028611534588307277,1.0238336532010364
-0.002127028092207193,0.02334872105052904,0.004760830867988959,0.022234311193647875,0.0022907648064508426,0.014833849373173474,-0.0015073464408585854,0.007174116719093036,-0.005231640322021619,0.005910171046753892,1.0219326739061656
-0.00425422663841862,0.02617441425452214,0.03745017418655939,0.04352429029383848,-0.004542582027663158,0.03989065584514697,0.009479131969464899,0.027627350777034716,0.028428156196632467,0.02141317099167832,1.0572190126137717
0.023914985723182486,0.04354242709074032,0.030220980227475637,0.025999734578606208,0.02276792923365324,0.024153205092373065,0.024809731611402285,0.02603851728032235,0.023286293419691018,0.025098454116844682,1.0573048196113697
0.00939933503045285,0.006251480445839921,0.008946220900292276,0.027973854217277702,-0.0026841415867102387,0.011077136677571358,-0.004064721204816232,0.002916491348939526,0.007099390291617754,0.007885375293897325,1.0228932592010411
0.025555115067294555,-0.002772510702530453,0.008689354607097435,0.016662748435604762,-0.0008280030659506311,0.0034319302689192668,0.014797742245329917,0.03923870101734252,0.02129499884378688,0.007482678208045475,1.0323470508997663
0.010060586013586314,0.03919400903248414,-0.0036935512084937186,0.02014242193964877,0.00018605639820766517,0.002182931465590208,-0.005614928059324036,0.00286931766191049,0.00807807403157976,0.0006901079795681043,1.016391090330499
0.022817136771252494,0.012667157957467413,-0.0035898125887369407,0.005045893366863898,0.021235737250043588,0.026019703842060607,0.015491208874970661,0.010630486245370337,0.010916937818712287,0.01125653044123655,1.0305211602899957
-0.002433678003764544,0.00796675521822103,0.006094451099462071,0.025287366536338562,0.007253618445238657,0.01260272367792738,0.021702095472951235,0.01453195369057202,0.0005587269567629803,0.01237977597592908,1.0292302021093835
0.015639490075719763,0.02885747453848302,0.016694572536476576,0.028417387673585322,0.002330028768980622,0.009429908913294798,0.02903512565728869,0.016460970386369116,0.005540741459390109,0.006297378792646927,1.0306692885476503
0.012679166058664395,-0.0010732762927558957,0.015365827781427347,0.016231428191231287,7.994146343635877e-05,0.007794221261406301,0.005110683477017323,0.011174572235029422,0.019793777015792664,0.025555531167225448,1.0303371728184767
0.01952605018523034,0.013823915383137689,0.013802735966495228,0.007413882571704422,0.008069080476651716,0.009532059369311424,0.001100120410089586,0.021152811982392238,0.013787740924193534,-0.0034345563493553546,1.0205074976022372
0.0013404353590935527,0.006615552062383808,0.008619472030705391,0.029212929960950908,0.002368120462821473,0.0024522398634614644,0.0032277528677764366,-0.004370195697767825,-0.009041004304804659,0.03173599198008856,1.0279482301319558
0.01617730606101668,0.0196004612236934,0.021054766454346455,-0.0010051014185837835,0.008843499872575496,0.011692634472052241,0.0023349384232649,0.022968868435714072,0.023231868936180594,0.004418184495637633,1.023363209457678
0.015248639063623337,0.030860308138686197,0.022040846083848237,0.03254123063595355,0.025470007009582823,0.027316040504980252,0.022493890541344173,0.019289748004921687,0.006631036741537633,0.0017897011925376242,1.0441960373780867
0.015089038962342743,0.022449172297697304,-0.008316201607022827,0.03701461190852076,0.004045487991830711,-0.0025622144291325543,0.006647637267835375,0.013288961422445775,0.004102278568790675,0.012139092555834678,1.0317259666551957
0.026739100201631304,0.03442008793476823,0.05523841189244838,0.057364521256560996,0.03695353810978198,0.037035026640144686,0.012195290540003189,0.03921829489960799,0.02601438748198013,0.01104744877549758,1.0788788981199584
0.019388602030215394,0.02891430523245797,0.025072773632361534,0.030030950686463505,0.02384720950021171,0.021630848451058265,-0.01057556751169414,0.028285798854731793,0.049645659097779085,0.02744484432826937,1.0623175260803284
-0.006145570840835933,0.023603683811878627,0.010016058210751706,0.0255410509625919,0.005041400648304405,0.01729835238836666,-0.003069139130990845,-0.0018577842407992706,0.010910389478927904,2.2366791033023165e-05,1.020358822954969
0.030073360939976004,0.02364997321329123,0.02099321770709207,0.008578273096105394,0.01630835590286482,0.0030027968736634422,0.0160570047208538,0.020207848692412222,-0.0005497181817054088,0.003216573807005815,1.0246500058913002
0.007413859381629223,0.016341652147947312,0.035245619070413806,0.024887636626606,0.008561506715161826,0.013115949807148808,0.004025054191484301,0.013038221269254356,0.013482963248625027,0.020192881112929828,1.0371600830277323
0.020505677328340084,0.0308553427526562,0.01442840752410142,0.03035086963610481,0.004572846735489409,0.0011177368153840322,0.006683097332697329,0.014220921050052706,0.0018344787991439633,-0.0031018706118095783,1.024827481767116
0.01378186527958911,0.014580707498424016,0.020941343543441526,0.04051742759327116,0.003515253953361594,0.010638302656196072,0.004807614279287998,0.021366138339748313,0.0007278052028252338,0.023343138792628698,1.0453688788766966
0.004609223803415513,0.010911633534806335,0.0055641050785804926,0.009445108648108571,0.015493005652119564,0.001621177084024204,0.0024052776729526423,-0.0037143926735798485,0.0006567411529681474,0.0045164389081146054,1.011666167702579
0.025778550230697257,0.022110339017965365,0.023757163949833505,0.03448394695411714,-0.0069863118252352086,0.02215886664232612,0.0027709461371968995,0.0027630215598845216,0.028270862907846448,-0.0028018045671347486,1.0288486003833992
0.006110986174748936,0.018956282532016373,0.017170643866461135,0.010359930603249138,-0.004941686245041741,0.00874664022126832,0.006924439374421852,0.026420022889633653,0.01759160582157894,0.024735465871648425,1.0324759170633584
0.018080262518863244,0.01600589997384541,0.00034292772400866534,0.023438360895826446,0.02060598857468539,0.01978024792139577,0.004877220231333421,0.01741425323902802,0.018246165780426093,0.00689369127331663,1.0381132655881786
0.006983049891368772,0.02376386345397742,0.027339113154200907,0.033625465807725255,0.011693593984193864,0.032762423851794856,0.010948622087550104,0.024234143214779163,0.02036950603746914,0.013948458278531538,1.0503452936784492
0.010015261951478288,0.012631807574569262,0.030766557479737312,0.024146688312681838,0.01587695769517936,0.013786549724003895,-0.007362344417570258,-0.004663246955526838,0.020358637153667643,0.007899296880537195,1.0273767847365503
-0.006459364022513327,0.03986958524590696,0.021251694605658386,0.060116083257110944,0.024151818977870207,0.011882820159624424,0.033642927150521446,0.019045737649311178,0.01825300928964129,0.033581226244428344,1.0659868108886947
0.009002937941267029,0.019970030308099504,0.030115387397466498,0.040044423156761,0.024797944231394215,0.01601727497477136,0.03526281625030627,0.0136442193406216,-0.0025388014721493025,0.022328212813184613,1.049024015192749
0.015465716532959549,0.027947956117706584,0.03850955261099944,0.022325615309471514,0.009298660591406419,0.01727596392114335,0.015430531321706476,0.03861603840377471,0.03191448579253747,0.013487735602473218,1.0480646839379295
0.00035318543203580535,0.03173518967181784,0.018239571784878214,0.025899672135931993,0.006992998741835037,0.012764639776361922,0.011445192584870652,0.006060959153497334,0.011777308761197858,0.009989573447755971,1.029073138201796
0.006795223678374854,0.033514255261642006,0.004547407919112859,0.013502343149256461,0.0069835034769771594,0.007051883973837431,0.011997242940009752,-0.008088713180147242,0.003946130561429808,0.008403776702279781,1.0150790997649706
0.0066566870696635,0.012761857237837796,0.02748899674658633,0.01220564379189279,0.023729324623345177,0.02628108787488207,0.002379049083777185,0.01804355163791023,0.01395232866263589,0.02221360950722452,1.042199429692826
0.01352263860879287,0.012765943952706664,0.015825872265011573,0.042525195482573,-0.005191063760616052,0.017075830307545038,0.0018260777127970893,0.016470612523152836,0.022126418369837923,0.001921486234673449,1.0358452616070122
0.0011511450017283459,0.019311107900646322,0.008513397271218569,0.02962779584854444,0.01026040881619196,0.02468428837911476,0.005939752749594287,0.012852186141474879,0.01478498429682398,0.025928573438941702,1.0447638006818656
0.026191276004647587,0.026558925464514428,0.02434609892561614,0.03142921276974737,0.01221433186933616,0.014794025164634433,0.02611823498866006,0.016014191880478777,0.011678484568845425,0.022065615452354206,1.0459491345713825
0.011878764550574836,0.015513772533273264,0.022092220967132287,0.01908756765327297,0.030483939400475085,0.012268336483414974,-0.009264958026579702,0.016779110823156418,0.005130466441179838,0.0158233305365635,1.039283002422205
-0.011197611116596229,0.030276706548408885,0.0029098283605290334,0.013788070261586353,0.01548441450153107,0.0263542634638815,0.006641646971714651,0.018413194398180347,0.010555834710291926,0.017490209799884276,1.0364411560364029
0.001516201321556561,0.027963826526786584,0.016544977016458226,0.02972628963770183,0.0292354355196556,0.027669474914098508,0.006065288759780447,0.017576680473392916,0.021120272065635156,0.014695171021877708,1.0494667106784659
-0.0060405936260791325,0.024312746389984756,-0.0003655879964670067,0.01051355070659342,0.002614702663338727,0.003944909102515943,0.029608011332376206,0.013734696368547504,0.0189370590049798,0.006191124425904146,1.017979378337125
0.008789460228074189,0.01846793899161326,0.03753868896906355,0.03310841674226597,0.006106773975675595,0.03818089701208286,0.022443195810567057,0.012839735180576147,0.02983436458598889,0.02048092878491314,1.049966537792291
-0.002107196728727407,0.026759580533218797,0.027387510719885756,0.027275228720354382,0.021487618317652106,0.02944841797385552,0.012854564551455597,0.017357561649735235,0.036600191939658216,0.023314601307378287,1.0521872080277408
0.005173577316947972,0.016357982622512535,0.03421373048760507,0.039277581229052866,0.02293278345153582,0.012055966422037098,-0.00722186750305772,0.025123060561253803,0.010657622290277438,0.02215930185364804,1.0526500423966219
0.005781461699472122,0.02405342166015617,0.020727223798433184,0.015941314911580438,-0.013937507281044297,0.020717357469028523,-0.008161609626315633,0.012788575792673205,0.011931736319812305,0.021065900978955988,1.029016993418553
0.02171950275177541,0.018210697313188508,0.02028479678176433,0.01702300527867277,0.0018761218701808403,0.018755116515277368,0.003365363750086343,0.0059648661142642076,0.014021636270243198,-0.01104987438345783,1.0172305866462288
0.019669974346683647,0.03431576498483452,0.03650896984496406,0.03228317770489264,0.01884242832925274,0.03468429761038079,0.01857614134661318,0.024672407981109777,0.011475246222810343,0.031544955426457084,1.0624154883449533
0.006451007302872113,0.005529323293303358,0.007884922596859375,0.005821314241121728,-0.003171257480375743,0.016571007966706033,0.019786628509501303,0.007168993563547994,0.013295648141838267,0.014937265614947437,1.0193629990978532
0.01912845355721126,0.039487962879755326,0.019859492659941858,0.07055751659184556,0.017982170087882665,0.05711031161672363,0.004596133710562646,0.02585836284729471,0.013983919222429388,0.014873312014000153,1.0791607752931986
0.019367599672035947,0.0037708467762892373,0.001580396609687524,-0.004268851634280691,-0.0020453923848316284,0.017846566592611194,0.003641368273874879,0.0012789503340662235,0.013151404075194393,-0.006712649774064736,1.0043176618348535
0.0067797953109043916,0.033457982621839515,0.012601943310183116,0.015720165675935004,6.755280439522775e-05,0.011589520497825466,0.001908063466980775,0.017913353604304974,0.0262263510931922,0.02886538987814852,1.0380717681045166
0.01907322594603706,0.00923403071395721,0.025311378475292547,0.00714595053424839,0.007453782280224156,0.02066040214429156,0.01406104360960062,0.001962663354915054,0.008267145461755346,0.0022515652182402883,1.0181089725270167
0.021186206227552865,0.01128791000239966,-0.009913675142323441,0.014097522441392396,0.0015003741196358191,0.02243407251442916,0.010700905526638809,-0.0025065837265611773,0.022494219000606774,-0.0011502397797864394,1.0177378243878392
0.0048034641531916784,0.019384771012050713,0.03012219437941057,0.031118010785591017,0.013501269938870913,0.016678740183792392,0.01466831284775548,0.0060988616990973205,0.021286515585794374,-0.010705325554544176,1.0257584278738117
0.0005564995178119238,0.03748894266552536,0.02364146103022084,0.010887316672670453,0.019559933125310566,0.024554523083316144,-0.005374903682019278,0.014388812573502758,0.02672301033968015,0.02088441532116226,1.0404671527646732
0.021869217451724755,0.015066799548436987,0.013528782903816395,0.01592238552254485,0.017248379204343148,0.01210667294287568,0.023478612496333106,0.009162526682116208,0.03267441529141964,0.017964630142254558,1.0357546049206319
0.013338941364296263,0.01961950522703172,0.009138265443105205,0.023822671667093842,-0.0001697694845268112,0.00591361911913086,0.007770346468050593,0.02484809126754714,0.026403048027179177,0.019082362873412282,1.0375200328915795
0.014078406984051835,0.04240105325415203,0.014763590110900636,0.03834022846256743,0.006223848483647,0.024853350455577357,0.019063855397948026,0.010265794179133592,0.014441366157327482,0.023322941133655586,1.0486747464780939
0.03357600428322641,0.030093230673819513,0.04573181664623581,0.035913353029113054,0.03000269965970369,0.030605390916863984,0.008497413626069553,0.03126169469706543,0.03795755055736167,0.015221095699342707,1.065693987927991
0.005925904679794643,0.014558254855392597,0.009292127036406249,-0.009020856314892163,0.026735129359120844,0.00775406317881855,-0.0036434674670948576,0.0021361546010729626,0.011968344877857369,-0.00023440983876755073,1.0103766341634908
-0.0020311956970834565,0.016198403087931162,0.006563325263694132,0.023171600920595736,0.007320676153449706,-0.00643516391695703,0.003343713807254323,0.005890873322761804,0.015688349665474298,0.011363930138805753,1.0213830906213817
0.008656543756303136,0.013428982406779751,0.004742442569508128,0.0029725746490053863,0.0035647520973381866,0.02197945705995572,0.00473872814364402,0.011850958685156914,0.0012442440591317189,-0.00794768816834661,1.0121407091595693
0.013654869688322012,0.019043918942773908,0.039645663966772764,0.03046309575208791,0.017934071178561394,0.03967877862835145,0.012718302318287562,0.02628691987801931,0.011978077611857908,0.013789204836093437,1.0533626378806595
0.012710934244266527,0.015146759002917395,0.018924483312818926,0.02044256072828986,0.010810389297154657,0.027154210494995605,0.02188764549290475,0.03265995218212574,0.019192103240307134,0.012938806452358873,1.0446288789121059
0.01282051652660815,0.04411350724521622,0.03594360525306923,0.030261319965041097,0.012333258135452383,0.021196533839801968,0.010580588709994454,0.03056678790898784,0.020881753535119132,0.024541921632925866,1.0555332147969192
0.019906463253842287,0.02500123235100366,0.043926121162030374,0.031210976347386524,0.004259801683065553,0.04065652684140904,0.011474046512667289,0.026996407017516915,0.03678845550219275,-0.011069115008363975,1.0427034641355046
0.014123748031886775,0.05034349574083141,0.019095968641137436,0.02726467893279163,0.020447942075187568,0.029648635952345466,0.0037153753028639266,0.008749113692830074,0.016316854822590217,0.011630998500610577,1.0442912210850939
0.008954000455609807,0.03293688650889268,0.011745222869242972,0.022316174887879268,0.024390469281303236,0.014519912832174898,0.012812947643021294,0.005187024646647047,0.019396624411192033,0.004957483176029399,1.0321484392506386
0.012320056134431174,0.0013991375749309951,0.007936657852455346,0.016192859428268553,0.020276942233219332,0.0018705880875436193,0.031748976760957115,0.008006153074136898,0.01574406896245287,0.0007209594543458346,1.0205919041408498
0.022455400999211974,0.027711255439529854,0.027319279361808134,0.03464265233277053,0.019623456839921904,0.03914323084066063,0.014717879599881563,0.034239226249806506,0.011219234777071378,0.012021997174795726,1.0590071930146532
0.00852738089505584,0.036020731127827575,0.03523504216595113,0.030393935980289645,0.010473560496380176,0.02458092832133224,0.019706337024273962,0.004053949514010249,0.01302554373805079,0.016053602472952594,1.039724840078583
0.017634086814915826,0.021102505810390512,0.030826867170786587,0.017934231837385434,0.027899663821835573,0.02691813477630159,0.01265113958882834,0.03374752864687328,0.019660565955956787,0.011849893682182104,1.049907426223341
-0.0028261606126483135,0.015013370681841208,0.0342508275827096,0.027461605167906595,-0.0022995551968475695,-0.010457962880326601,-0.01051476052453976,0.018147763692731335,0.025985082875659427,0.019895401455135547,1.030067743095638
0.008853263536570514,0.03583583337686363,0.03701348581059036,0.043746854823681396,0.013172474468658615,0.030760101670760088,0.01417291536058275,0.01966652826154161,0.02487913557298011,0.03296561645174179,1.0639970017676579
-0.014954131575035829,0.008691087308832616,0.015489660243529609,0.009178092434010849,0.017957557437158968,0.00254691101392736,0.014403861851635119,0.006084426725564956,0.009838909978906143,0.015263812072213685,1.0201783067582844
0.007539699778479406,0.04375121762002016,0.018283488225242728,0.032851062210444155,0.014443518277625893,0.040834697102740555,-0.001637652408697574,0.0015707271324120545,0.03137470237480052,0.025330295767191688,1.0527374488299255
0.015670736450379946,0.011529959327127885,0.013604613924444505,0.006634324498271853,0.022615809844522845,0.023065606424848235,0.004839747494671662,0.011353555513436975,-0.004701992907538078,0.018034443312227356,1.0321396104123626
0.0012017870054125222,0.030072875492172326,0.02695779140488575,0.019007483012877913,0.006415906949182917,0.015412791966546102,0.012149383766655876,0.005686828033047604,0.02081504995588432,0.006454283087145449,1.0260544133754517
0.004928891133675068,0.013691866162080946,0.01999754441467206,-0.009410894896054008,0.015236634104678702,0.01111332520536354,0.012284088135561491,0.030626118109618357,-0.008405380399740064,0.0070325490046929204,1.0197847245409823
0.018986462509079927,0.016382815268537278,0.02226818254005851,0.01563040247606126,0.014774315668750402,0.0062075622460771,-0.00752131017718738,-0.0005335612160962087,0.01419218625142077,-0.005816567302631829,1.0163085444357738
0.010722394701078067,0.013170761545886448,0.021614481754569263,-0.0008689460457222443,0.004384640134688737,0.006991756875953845,0.011108625250258505,-0.008682818657948519,0.01351615734239736,0.0184976435526252,1.0129009695290498
0.019336683382552212,0.026379091168157953,0.01551433139188537,0.0374437363645391,0.028311033359077985,0.031425633468811304,0.02397289355065684,0.03571384847945233,0.027672559559525783,-0.006490516636461649,1.0532432064881028
0.0027733124977400696,0.03440789212258919,0.02093392612121772,0.029628666134565093,0.0005120398009263311,0.0400561927146396,0.029021272975255117,0.0309395820616028,0.026237513532932386,0.0181272536511057,1.0526243165559277
0.019247585278931646,0.02072853835699277,0.020969186527293307,0.004957282407759528,-0.0047833174261698716,0.0116641072785801,0.0206822657398785,0.005440961230695962,-0.006790625306866232,0.004042947421719177,1.0118980840372969
0.015565202218700024,0.011913675285689766,0.027730769885087058,0.027421822377622754,0.015236016234952032,0.003086994186523851,0.007949066341021759,0.02733045983599447,0.019415936262854996,0.03772690930624731,1.0520557815919644
-0.0003523026816796889,0.03703438162749514,0.022158539360889677,0.03989482542170144,0.03864404651652739,0.019525982328567955,0.018118240091465464,0.014980522361866557,0.021519671381032588,0.030516375240674076,1.0614593203425005
0.00044173570380310646,0.00857103554702391,0.01593159883149984,0.01677803542044092,0.014927696259135157,0.009965529653622062,0.011244662149929384,-0.005855973971867261,0.01708606416133511,0.012080491697973629,1.0216211702538183
0.017451176295715062,0.031540582810094496,0.02141476325334746,0.04100741074639768,0.000261064185226605,0.01733581155406893,0.011311319802888098,0.01964907026004635,0.007948291104465295,0.024988253331746355,1.049325171837297
0.009473321319616772,0.019176828743577085,0.01666306528103696,0.00020584519818175537,-0.012714979492477229,0.007567386797797924,-0.0008869529370740467,-0.006791738242285846,0.011359627408553646,0.0024403137737261087,1.0016790573062164
0.02573758942702005,0.034124443564329206,0.024205678701338926,0.03410538648826327,0.01593070411524266,0.018371273534450835,0.031222342441380058,0.01889975994179433,-0.002153242084228159,0.05036796393668153,1.0627349439308205
-0.002031371638393358,0.03066940750290924,0.015821389213882806,0.0370908025275869,-0.0024491468404834373,0.015873632521641413,-0.005276817743541409,0.018901825442643235,0.007922490669412852,0.00305721364395935,1.0332424471505908
0.023278167945310478,0.01929581678625626,0.03613977201316663,0.04282537597111738,0.012460382022280506,0.026123490662013537,0.03248996486667084,0.026842784794752144,0.027657635443261275,0.006305989413648799,1.0525717289226335
0.018928248181913635,0.029344225619265665,0.023048485181618478,0.011762603911467294,-0.004891383926697624,0.037009060528805364,0.006124850349128391,0.03085922858397175,0.04043997959363767,0.010776129606142583,1.0419770048524908
0.010595179893206588,0.018621625937905444,0.03632322748832442,0.01440471429722601,0.008972643705165342,0.017538566912436816,0.03297759277408316,0.020506591758622315,0.023700539240576534,0.013670993721648629,1.0350896678566697
0.0017705302915911568,0.04429705073840888,0.033837387059219834,0.05420560203072904,0.027491410110801535,0.03279617546523645,0.02432296312378309,0.015935285444444558,0.03009547849640767,0.016902668997966795,1.0647313784145582
0.00723764872527516,0.029928817762152594,0.020203191894769566,0.029756952814672746,0.014302964905373385,0.02298101258207422,0.012778921087289402,0.009890099199214743,0.020670565540956413,0.011001965569108159,1.0397880761230434
0.018653384766044716,0.03453722866926051,0.017712139559353836,0.013834769488319302,0.018220924437289156,0.012532810834141487,0.020402106190020884,0.014493503993149148,0.03634491146521699,0.007264312116804824,1.0338961819166228
0.004229824851949324,0.02372313990825254,0.004709646406223173,0.023522840540361516,0.008755483826737574,9.75233762702081e-05,0.009646023989178625,-0.004176678456042429,0.00892510218409333,0.015392227138605927,1.022408867979845
0.018032811973926997,0.014058390135423818,0.00437368686806262,0.006275838456870686,0.021688970455676353,0.005130527118958571,-0.0033765642279446843,0.0005669560345554145,0.016824327903075722,0.03623729027857042,1.0335647974008981
0.012449333901899229,0.01370702814062448,0.02689658846899196,0.03935859489475418,0.022662145742736353,0.044457445112973074,0.010864618229589295,0.02427391336758396,0.025475308612733828,0.031206714224564287,1.068394050020731
0.0021617008592999323,0.005744099654737726,0.00280232429785981,0.00445464187428336,0.015440322663595962,-0.011295245989059538,-0.0035316368976402055,0.011562660320564083,0.014455861230242643,-0.0070400464153321475,1.006725046305765
0.020523722331592144,0.04166370088837264,0.017268787436279177,0.024446425870368646,0.017729783654758725,-0.0018787156711613535,-0.002306325588423929,-0.00021070223116072262,0.010908583258817321,0.01026948940647285,1.0280129818515489
0.015546096118832876,0.04817437630291997,0.015470917970760585,0.02756579201228447,-0.0032782699840262688,0.03528305984193998,0.003198784082773314,0.019380701625516174,0.02113187171134005,0.012931030119958612,1.044315085947973
0.015293230504484345,0.01985236431604761,0.016163137850706694,0.027208952594953657,0.021642283430083932,0.024701243684609603,0.005919504210283196,0.02811986862547703,0.017852705435577224,0.021056517586684417,1.0528547958133445
0.009761902328016308,0.04194789812634226,0.022352479980900772,0.03564968311035957,0.038309608058488556,0.026705044446818132,0.015167785625270233,0.02829932728078772,0.026350155330928132,0.021992061438368293,1.0648431296025669
0.01350313003266978,0.03117298038513443,0.008974605507494193,0.007606974869982047,0.027409857180491826,0.028513994671634155,0.0026446993188957053,0.024674060716570093,0.018254215390576332,0.0060957986507022225,1.038901793650444
-0.012276281363500754,0.014040164214177801,0.027384568366076438,0.0024639484768132058,0.004318531392133499,0.01310180160011442,0.00946564193147142,0.028941546545442474,0.0033995569443744655,0.020671442815701192,1.028048747550037
0.00202828114850441,0.032615082023824835,0.018702182003967137,0.016183898373496437,0.024945820420845338,0.014996030669411575,0.013676557723791078,0.009570259373051292,0.02249737217444316,0.009235263571825515,1.0331100518577663
0.023499169909076037,0.028671568612759102,0.018862585396061303,0.015890345488298527,0.002812266297291862,0.02338803018587229,0.018434914796236816,0.0034407382200790596,0.007420800868078602,0.02008883317894931,1.032251799222753
0.018694712996116133,0.04039178340462299,0.03353140671528059,0.02178401065089508,0.010545715814758298,0.03152582236664023,0.02359063926464488,0.029164336162435245,0.023764660385006534,0.01082730353056189,1.0477756843066375
-0.005478879669066294,0.018540223241632778,0.02865266884594256,0.017564062259672872,-0.012300837350711049,0.013336449614411425,0.008430251721225869,0.020759696349728955,0.028829867271802423,0.009435819300968814,1.0258104416887661
0.009155545964989945,0.03569795945515468,0.017831769666915572,0.00914726719842193,0.011723075649516121,0.0009788068605538214,-0.003395603720143258,0.01959932297508509,0.011574365903757194,0.024866032589994286,1.0329883179692814
0.026012838921122862,0.0327847439507651,0.015714216619043545,0.0306824117688332,-0.013289922355347518,0.024533779340559,0.005047541664622453,0.019207889965344293,0.023557228197459427,-0.0034952827621809977,1.0319766499823153
-0.004173448647242568,0.005734864897120986,0.009903151092820117,0.01690465334930808,-0.0018011674570232294,0.01603970256099014,0.017736269931283244,0.0199959388347267,0.0043543644403650356,0.03205956093811978,1.0354758737827896
0.011589127663726231,0.009420852922670609,0.01910334909728356,0.019509806874312887,0.0014606015872251814,0.025869990229913202,-0.002150601997201116,0.0003726844812600369,0.018887619180427466,0.0072192581473352665,1.0256575488617026
0.0010029887329787608,-0.002003583294314302,0.014210467366790217,0.004448732417887125,0.004211286777180861,0.02338361536740167,0.006995414364373717,0.018991516007309014,-0.004050939621756195,-0.0010386454133291256,1.0170006381710741
0.0047166155054594126,-9.026564991630043e-05,0.02052466553812499,0.018012409235582484,-0.005491976335906274,0.02099168250914569,0.0031012080260913646,0.02128933862860559,0.019558843533452844,0.010804780767026867,1.0296806201409512
0.012325769352470347,0.01516240437417761,0.015838052782347282,0.042631603315011174,0.02293823397024046,0.04418234324899934,0.013474919339296884,0.006689814410122379,0.024748073892192454,0.013587650298958403,1.0544181628772247
0.02426346496096977,0.019558898723534897,0.028127075830136763,0.047079099421510034,0.03618528737810334,0.025895677052983387,0.022653682963809568,0.03161872702317287,0.02945268231691167,0.020869395644564498,1.0703508648533466
-0.0124138556849758,0.009566204907199184,0.04078877970311243,0.02861072603923898,0.013977317299838903,0.021558257799286752,-0.004803154808314801,0.013285488069111267,0.014924186676718436,0.023789834956228884,1.0423887067102777
0.007248159594056668,0.0268236124967805,0.027797199418753697,0.040921923729725314,0.015811805921175634,0.0006263444443440833,0.036842795268456845,0.014225679593615684,0.032822140646940084,0.00208050084158962,1.0370861029366518
0.02482565023611703,0.03872977210471784,0.03434712292232803,0.033155632864684315,0.025087473347635766,0.03566236426032227,0.013495477010927681,0.013231837831073135,0.03520056013767321,-0.0005315435599491936,1.0490514497943846
0.011775254489550772,0.035647535280909116,0.055372114990673835,0.052891834513627084,0.033178605486629716,0.018822889598042493,0.005337707503523117,0.017158924861212194,0.028774191122102947,0.010828875804896478,1.0603859510622295
0.008268392422854869,0.011300773788873501,0.01706329215614613,0.04342223073462974,0.019280254113763703,0.015785634250595326,0.00042944639226729156,0.03148784787580965,0.01021161894717235,0.016539650532206053,1.0536617373661756
-0.013163639370475877,0.03768989871139551,0.02510270081718981,0.03910192014845791,0.023755460359100658,0.011078603270691247,0.026824711894433365,0.029297378640193626,0.033708234504113505,0.01990229998940634,1.054558781437998
0.018508523105901106,0.02943054782545707,0.027187541734660085,0.027139141286202116,0.027084811672313247,0.03664373522050576,0.0009039890584786932,0.025313592782812328,0.00804785974050181,0.0029471522585593195,1.0487490880593933
0.0008372445431935396,0.04085654659837626,0.01621325285888224,0.04717147584784717,0.018289422849515773,0.010504647060681011,0.03480460441830847,0.03611495776212009,0.019675921774109734,0.013078712618501298,1.0556972217506608
0.011417727483033952,0.014894817950379804,0.030494783370745925,0.021489071725026135,0.01000989309099277,0.02308823806319401,0.007401584369386198,-2.0451675136538144e-05,0.010364150013537366,0.006781855049991415,1.0275179409366497
0.019834536913460717,0.019627021743801615,0.01563020570983326,0.009786236008808659,0.023906627221032054,0.007352132009709286,-0.00331123757114272,0.00901933054492986,0.017197221000499918,0.015038544694638478,1.0306920009162357
0.005628708652450889,0.027786681664470472,0.016854736496398907,0.0022697586450572994,0.00939512432891364,0.021890612580940015,0.018068781091641603,0.021002887898821387,0.002303085498110348,0.0016773612104123165,1.022685660204343
-0.003055616929356098,0.02520217629092936,0.02518334372920693,0.04358919467645812,0.01506182622054126,0.01882606588356589,0.02363521461194345,0.012563142040026738,0.024832034985406943,-0.008379793064084085,1.0357932364325562
0.0036295577015686108,0.03031933417408033,0.03412196463920976,0.01599176638739764,-0.006851839121689586,0.014867052846323107,0.029457644261532245,0.02481531845551367,0.03166864877487292,0.04233317818604381,1.0465915028283324
0.015481534236118439,0.030378930105795496,0.04454990548222144,0.030607297690340853,0.019178950101212688,0.02291428208874183,0.009097868025030816,0.016707939434614863,0.02645142170448751,0.01094290951115276,1.0466577767106842
0.015800811424188647,0.04078501956743095,0.037511059478572646,0.025107020592178207,0.02460151777210487,0.030906899210639813,-0.0018122921630795985,0.019530713682497373,0.03346282431814379,-0.0009414543058604286,1.045180643493794
0.012079730395829005,0.013314606689484811,0.001174313639099752,0.049408198317613054,0.0014125242594177547,0.021817811031750407,0.01065151814656003,0.020047147758359914,0.020132771165747795,0.004114818530483344,1.043844063960624
0.020949940977890914,0.012694723002390353,0.022988573144243636,0.04455438794604335,0.021313503887912453,0.026613967898916444,0.021523929550516456,0.015441017598816685,0.006637365044622484,0.016202002890800538,1.0529033041580735
0.00627847318160084,0.020597268372060495,0.032203238377386645,0.013868957341777823,0.013309001543849586,0.03938651666306786,-0.00673015389970524,-0.0005217628864170355,0.013653979445157982,-0.008010414382949613,1.02319388997834
0.008678244051439216,0.003933969887500286,0.011987824022328635,0.021851748650348474,0.012284395108553671,0.02219676926564155,-0.0022238534202728907,0.028989906318328464,0.015002495606230598,-0.009160884420489818,1.0305129249915266
0.01312250709455118,0.022357703437688177,0.006946602131091582,0.04060301898105184,0.0321646686719346,0.021944569074294474,0.02650805000970219,0.01492944369358789,0.018820719271316427,0.02402386801839175,1.0570848909130677
0.012512258406288262,0.018953408542623073,0.024018134473899666,0.030023706177250163,0.004529366872929047,0.026663723779635256,-0.009121499977921065,0.027665220350271656,0.019592995428107222,0.032314942426373144,1.0550939467870168
0.003557639283322994,0.03181947021175117,0.012601044319391378,0.03460547700590101,0.002327507416093933,0.015242381434538325,-0.010324616152826843,-0.005379972149636154,0.02433812208562714,0.01272692654757674,1.0312515907783593
0.01807766039375196,0.03814674205899451,0.043748925428529234,0.056614902197046624,0.014404703474570329,0.024835607015273375,0.015089843487575277,0.015227969656012363,0.0274133345182148,0.034958289166895085,1.0694142654937535
0.01651725089932712,0.026654175367724152,0.025207305919362967,0.02968728497472484,0.007433343794353353,0.011348513689799309,-0.00511282002116197,0.021734802437182316,0.01762452368552975,0.009768928113911224,1.0389896608431775
0.0179049738066415,0.03766480441538798,0.02365556618456124,0.05873489671449537,0.007538528369899079,0.02363940001756549,-0.005339091284919724,0.0173408098281677,0.023157390830853664,0.03319737521493692,1.0670072143467895
0.02150632055533157,0.01878962734931898,0.03967710678929813,0.0230823032951033,0.02112952087805007,0.023135657001558337,-0.005237054107160582,0.0065486551373548935,0.015383544102731045,0.02196330079985437,1.0437526173487313
0.01280304033543286,0.023842306698420548,0.01842589541184383,0.023369528575962643,0.004852800924000896,0.012744768732144408,0.003826399075330064,0.030188026463777877,0.02034827085415226,-0.0014677079779095228,1.0330390750907295
0.010643527011386638,0.01985375590963594,0.025008487936929277,0.00879600688033891,0.025635379686643377,0.013998422228321811,0.0011180082304090384,0.012972448800699239,0.005584433350004589,-0.01034977913512633,1.0200442639338094
0.006165369301010895,0.0226882473036343,0.010081737913806255,0.013706476796649172,0.015464615019957786,0.018415814993332086,0.009240772210794057,0.01388975596550621,0.03397330008306117,0.0039047424875182472,1.0302092604865873
0.0009143088421147598,0.012358489593201977,0.020347679245917703,0.016669691364951975,-0.00018588069874814206,0.008607757125594008,0.024666919656103015,0.023008326977899413,0.028920197279659228,0.020875111149813455,1.033667449266974
0.011580162725217724,0.019264088345857678,0.020302167795171765,0.027426962142397426,0.010094766786449367,0.023828836684372086,0.01012292020749482,0.014887557018612014,0.00767567167720219,0.010990282554661859,1.03785906217794
0.006046240785332719,0.01847890591550537,0.03520247141074308,0.020520513144674728,0.03250532935191472,0.01521221460306047,0.013359655972476615,0.000938984577876719,0.02688580376902838,0.010170678599728849,1.0349280968114376
0.005602720266899064,0.014223201015179796,0.03453905810789398,0.010879691815156639,0.03202516327910227,0.023180375209177373,-0.002049189093511549,0.014855245368210267,0.01629172920632858,0.028494004672291684,1.0453858905493743
0.014855767467285364,0.030333450632597753,0.03952895769540717,0.038475346075185546,0.01145725645696941,0.03699689615600202,0.018136357629360417,0.022042940834758138,0.02534472526023676,0.019089742404256135,1.0576907861264038
0.011439579011981742,0.02196656236250854,0.026466860614543525,0.030682292271597186,0.003997907110476992,0.01267189514109413,0.012975479468432576,0.0179856317263673,0.031455606267276545,0.0173649684692788,1.041507737244055
0.004016759101634226,0.03199951052281025,0.038057470120481884,0.026748807807982597,0.019192274528294154,0.01485515650442741,0.00561542481333905,-0.0028226281585694204,0.013121204988152113,0.00647881563492809,1.0299077215914343
0.016793416311622494,0.011504138203746848,0.015657066270862614,0.002688970268394335,0.03723063573574878,0.03168155687388901,0.004817985020389983,-0.006383313319380324,0.025456379777716615,0.021328532096484484,1.0357677932927918
-0.01006136619719931,0.02167978342009975,0.013442222089675776,0.022140693752966845,-0.006898519558531789,0.025433756421784942,0.008689482003905777,0.006061053460143691,0.01032088152544744,0.018118129248626793,1.028702798874711
0.01691950932698493,0.01792087278683794,0.03477707847767145,0.03446745473216025,0.029423595581362927,0.015299917337173093,-0.0036993613077551998,0.027260288587583087,0.0263221672855975,0.029623885880334946,1.0610437533058918
0.028819125475958385,0.03072228612324969,0.013478466495991675,0.023884392554512975,0.0025654105677437207,0.02175527160089092,0.010288383944460723,0.011847140895026358,0.024878969881591276,0.009001700278744402,1.036018972540827
0.002148929029334586,0.015113511404927341,0.03865112287455194,0.036145072459430695,0.02105334523259296,0.029262250880045138,0.001558419778023401,0.02786104872065657,0.046436876366808044,0.01444455042234586,1.0570754551252077
0.02584448396969479,0.03528659914005175,0.03215501915500531,0.04918138605797953,0.025124941392519244,0.02058202657690115,0.017009872642862862,0.020240423851028467,0.02511999551694183,0.014273228426512019,1.0600328437282223
0.01653630514174973,0.004933320430365852,0.0013598267810910423,0.026302825880254274,0.005549126520368193,0.010246510835840012,0.004744035594327347,0.03841267143072819,0.0049943663434078925,0.001963401831408077,1.035231891630412
0.010948277508963225,0.03434111795091453,0.022373291466849035,0.0217606645909965,0.02669651409236305,0.037901535670910196,-0.0055521158834778515,0.004723587316931097,0.028995849429193428,0.017453482867190836,1.0474449908909307
0.022301999765929295,0.02737287065614606,0.021329837933687076,0.024195061798937226,0.00832668268775824,0.02322300581055494,-0.0003614056679782044,0.011931718475547722,0.023730912194685712,0.006849293510893665,1.0365107611213848
0.011506442088559825,0.03463152177811742,0.037582968593347796,0.03988675104927915,0.023552895780805532,0.0123371098275253,0.026423595498762248,0.01773264490842888,0.017950499000730993,0.014677166251248094,1.0495576270957554
0.004175551128700169,0.007569395855777096,0.013467423108670792,0.011597660508708755,0.011962054017610451,0.015231684141478127,0.006069261497507381,0.00452609160588857,0.009599369138964739,0.011076065372612087,1.0229609749527722
0.0012580848331948183,0.0328908632589825,0.01150693582907089,0.012336554510004056,0.006633381634676445,0.010108434830038614,0.027384858825145048,0.026166419382988887,0.02144563753592927,0.01831556703345437,1.0345906972336014
0.018289579066510006,0.03719458319616513,0.016068669181477313,0.020579218595143885,0.0022474726699134293,-0.011215270966261784,0.007663710485185328,-0.00315479015008389,0.01789988701189007,0.020478463558123272,1.0226548841878507
-0.009134175647202175,0.005733125261159799,0.0025584981100239008,0.024800991613887137,0.024563384257860206,0.02002294381750106,0.008459503107471046,0.01617937033672352,0.009315109745965739,0.01048782380149636,1.0361808191005568
0.006476938463272164,0.043089378110448384,0.01745236585483776,0.029325967127005182,0.01731171893383412,0.013363346568925178,0.011830657582108732,0.02556546730759572,0.012209859235341892,0.00821494325197319,1.042083325065494
0.014756985344909577,0.010302187190412239,-0.007601895122029141,0.011661417000801646,0.017093070419195236,0.020896327362961514,0.009123098525629772,0.015000051487088762,0.0046719843708672975,0.024955211199042218,1.0370062764434043
-0.002268835329163571,-0.01997883244528857,-0.006285219458217337,0.019910567161768315,-0.004400909817098246,0.008530620337151221,0.013907767171355435,0.001986845638579991,0.011636539999651575,0.010162716276125614,1.0151361275193704
0.026668615652907866,0.03397226049231546,0.0353247915590724,0.01865833547325715,0.016837678058608654,0.02954424637879951,0.019132375814129618,0.018791092434274626,0.02803287156429065,0.02221595932794198,1.0500930774429573
0.01184838199587568,0.04003733560433489,0.004251435885282755,0.04193490454653582,-0.0019362290578253897,0.005221307765864358,0.032501551226788085,0.030704281274544217,0.01905521705794688,0.020018235000377176,1.0478104251280396
0.01618294125319722,0.020941337526748465,0.014556011153879427,0.02763768334205302,0.004266404390380645,0.006119278866897209,0.019823663960669043,-0.0009759295659604681,0.01386474371182708,-0.0031297802301678643,1.0191923451132716
0.025365663900558312,0.01684482838642287,0.02878542221338025,0.013120531499858274,-0.016804825169242033,0.001581577587515575,0.006384726047393336,0.01651113238899356,0.024489911941017496,0.02885197656286593,1.0295187311227731
-0.0012210477946890865,0.005918976997419835,0.01148308907757541,0.012498211995355184,0.005333034649692229,0.01442809411875691,0.004019920339396124,0.01793162571326968,0.01897174887185582,0.008779091903622561,1.0255125785356853
0.01557458630031648,0.025899403095293913,0.024291461778376714,0.030085360750479594,0.010059496106846423,0.003885078669710435,0.017789700169523304,0.019416572968264774,0.005918880111523809,0.01253409139382446,1.0362752066167729
0.005481416551089169,0.02006189869427185,0.0097107101382553,0.013909634855241954,0.02277314474864514,-0.0071464986072246935,0.017764460778245665,0.02278818304162878,0.01296685718393371,0.015858416231670523,1.030906038317315
0.008368221014431116,0.02023248271835601,0.0053118644201302495,0.01770185050803288,0.003078554386369453,0.007548748298504253,0.009526655169266414,0.013480222379669197,0.0049619142517307695,-0.0026559896314287106,1.0183259124130533
-0.007395129566038813,0.004651523686937142,0.01956946267914736,0.008351674868359572,0.0054931429570650985,0.015362417904879288,-0.011244425735520936,0.002270663237421424,0.037813562901232486,0.03297588606117002,1.0312616147894411
0.010945035442536123,-0.0004500949885913007,0.03697252607342995,0.017810553923094195,0.009349704036777607,0.025677022093227492,-0.0033987637171553394,0.012127210068220626,0.014940724935115848,0.02095330987007148,1.037440394379594
0.01595027075837475,0.011377724801851122,0.0063491128282989456,0.019791722462534123,0.0126564199684266,0.017872599505941236,0.01067863532048684,0.0021852434027154737,0.033023000449121515,0.019183075097403905,1.034798306416739
0.004890664972105095,0.01849458975011616,0.02090187966359646,0.007921966294876882,0.011599921990872978,0.007072522936388282,0.015561855529386092,0.011708414668505257,-0.0010129014319359905,-0.0023329246669245227,1.0148960128159907
0.005523737720530136,0.019196994261193142,0.014651672892605324,0.005267582348196288,-0.011143588387667923,0.017062611226910336,-0.0049035331875336395,0.0029396215856216917,0.00581653585573939,0.028068619176381742,1.0220873707659697
-0.0007205403623794593,0.009958935450468921,0.004928453993672975,0.002865502849758589,0.007593532354828715,0.009696076137322799,-0.012805496391050854,0.011039551958535499,-0.0004489348946398993,0.01795074075526281,1.0201545377772039
0.013819724855564774,0.008389309088109016,0.01868723467942012,0.030521697420822447,0.01844812713182217,0.017541389605696695,-0.00021754337188352978,0.02173164772512045,0.014554645679704914,0.02173972607445839,1.0478268243242976
0.030141979170480185,0.037435539115337736,0.03637018562942112,0.032160665904514836,-0.007051589052504352,0.017206367252267003,-0.01484673789021575,0.016128910238527444,0.012298771418129564,0.022405972960430568,1.0437672483334248
0.01736883035326111,0.023088152511763695,0.010338765089920402,0.04465144734154397,0.019696639621662043,0.017630993124163993,0.020352758605556645,0.008574243473792077,0.004419993925446536,0.018660822830413572,1.0480142716801715
0.011173838551920858,0.024341075451475055,0.014381045597307351,0.03333772901709596,0.004765616060380893,0.017978297241649416,-0.0012848806311819786,0.02669479276248843,0.012200865718002836,0.00032486951604308433,1.0374664573442978
0.02632986232975491,0.033634347304252056,0.006312312150198351,0.022134439334944377,0.004306890348661687,0.03051135987798826,0.02805718282089784,0.03443710177816627,0.0032982202561393156,0.015817517126750544,1.047259812039077
0.019326008545238894,0.029896106204143066,0.049656639463285246,0.03726425097105336,0.019993086851934717,0.014333326298798747,0.013244633437023463,0.019891201251725325,0.03321338623833673,0.03138981340694898,1.0595624079536716
-0.0008372173645115749,0.014289459006011033,0.005037777901333286,0.0027705887209541515,0.010050495507289292,0.023146943759103103,0.029079620821165848,0.016462435020636438,0.004825244223124128,0.018629943169242387,1.0278004871812678
0.021308421682719528,0.04128172466924728,0.03140859008793944,0.03393388191407579,0.01219826922911324,0.044067536013636346,0.0014158989564670085,0.036692765553060024,0.010133235572119394,0.004926555623529446,1.056628700132574
0.016247999376794678,0.03170378470545496,0.0434440867472525,0.022653284570031462,0.03248316198511235,0.03991302546272751,0.009086255203202543,0.0064071055665471215,0.031562929544869715,0.00022692496019222075,1.0438490912468128
0.018770954875722883,0.04344299589711915,0.022355954158996928,0.03416599705984595,0.01591377604834308,0.016004010026269867,0.01917751299818532,0.025385648461923396,0.03196779458385076,-0.0023837747596770556,1.0434397237970892
0.020158119116049616,0.03501886157067466,0.025030162811608005,0.03308204377991649,0.03151139676034065,0.0025834252025565933,0.017725796785269744,0.023897385606961166,0.012006354344187429,0.009926733669440248,1.0459995071975223
0.003875922253201107,0.006164377890950597,0.01047062108948008,0.009993680833525372,-0.00021037222387357453,0.0010624298539072714,0.02058962870362258,-0.0029036677329919505,0.009077421860719406,0.015961153757132092,1.0133657156766736
-0.0006887075188156452,0.0051515463803482285,0.015062405190006123,0.0358878956411636,0.033435417909438846,0.03471635303460836,0.01824060608466218,0.029904810531112224,0.02428984381777146,0.021079791149115318,1.0615645637541709
0.01903947219600924,0.03468149180570375,0.015039517751505253,0.01613228993350378,0.021826764432647236,0.01105357090014045,-0.0031654261570660544,-0.0025116280926551077,0.002388409701418003,0.010568399523622082,1.026862327265625
0.006454162043224883,0.02093938080104539,0.007383964666947882,0.026556228945602302,0.0031452109435736704,0.01463862929818991,0.009739264160044364,0.006157154005414208,0.016433764706768682,0.015628136956591016,1.0316381803479722
0.0007950548959509123,0.01749314087668942,0.005561066605021724,0.022037122364743197,0.020983757389533918,0.049635300121913084,0.009305021412532881,0.022300680746280242,0.00946677527270856,0.02427572190169279,1.0539495358926387
0.027620379073383362,0.009287714258416398,0.013142851399951097,0.023036834432198228,0.026528962805496256,0.0315189694363742,0.0006450426747649863,-0.002685861618396502,-0.002594128233818967,-0.005389285446722731,1.028329563375478
0.007501669846872762,0.032500206022295225,0.010597610318196123,0.02162025726663431,-0.0038515456280595606,0.03159608417436295,0.021178722491173287,0.010127908963633043,0.02475107878252332,0.0004877477329688056,1.0287914653335581
0.012136325133679963,0.029038341996519675,0.011741978482036558,0.022427587221874434,0.005959268223138157,0.01496141265648358,-0.008745466311378982,0.015218051427505666,0.009962085134013365,0.008517595686983495,1.0316559113679205
0.009498225515848821,0.017861355642937764,0.033895227077990815,0.01251824049748877,0.0122251722474866,0.03882266782765503,0.0069428986231523555,0.012114696610820645,0.02678897990360577,0.011828016204163426,1.037958693638549
0.005072390914119732,0.01599055937536851,0.009956120471968493,0.018556086369372254,-0.006892953274435857,0.01597841580856235,0.0024334830565788225,0.013692732909875684,0.002403338136059821,0.0034517053592975147,1.0205378343310498
0.02079448307382412,0.02173674726500857,0.025841252175616964,0.04452846099969971,0.012543859092921793,0.00839471070064136,0.01820176991442203,0.02237375130976681,0.03038224511011179,0.01081892783899207,1.0484600585110384
0.00713439611877964,0.014486337117109541,0.012252935838627308,0.028619087132722147,0.011258083171020958,-9.302468877561698e-05,-0.004220374761090315,0.008571744321947055,0.01377079289650973,0.022613391225188642,1.0342976009422513
0.017202840290338254,0.04276506581471855,0.03504129641079659,0.03331058671238654,0.030335057311913414,0.02492807625020542,0.028055580940563908,0.030896320377342495,0.01729654871540519,0.016459515188298673,1.0594009239314968
0.010818679852376025,0.03179418363685533,0.014352309312911598,0.029505642876313465,0.014773672120243525,0.03043746396362338,0.023474430216582506,0.02905435416540822,0.024164730933216857,0.01474972823831317,1.0518679770998662
-0.01826899653093486,0.01875816527195918,0.01715637778554981,0.034447587320497075,0.015538751383163588,0.012269933283487104,0.024032775835505102,0.028820341611635825,0.025277700772960557,0.014300275371768924,1.0442832061350864
0.007822046089181597,0.017194339457189046,0.038642931340383796,0.01277298171429292,0.008513976835444644,0.016766826332071706,0.011735562291802509,0.030171040890141464,0.004655572890339679,-0.0017999003498971565,1.0279685106212686
0.003510910643623957,0.03134936563897353,0.010754131227510632,0.017324610602092318,0.011728133213000473,0.019916200632182274,0.007615187494625745,0.006462178695513018,0.00828816481137678,0.015490129793691357,1.0312516401052017
0.023095158459978535,0.008972135632622046,0.021283567422409916,0.029921480802418913,0.008439842707515906,0.024229431304505507,0.018667174081007404,0.018439121259815436,0.01879723479504435,0.02102196074996872,1.04655771033757
-0.0013767894478609356,0.012676210775027463,0.02839720975528303,0.005082777778041576,0.002081249724270604,0.014359827153448457,0.0084232706938832,0.016968673987952355,0.019064964620535786,0.004730461515106571,1.0198731470631504
0.007396274343229807,0.028120834650816398,0.011807823518612579,0.016219463195435047,0.029017447692016803,0.008638713438963297,0.012376809963667797,0.01746563549263673,0.03388121800181645,0.007608624772720505,1.0360584555465713
0.004663323990896834,0.04062616619088415,0.015913754765147926,0.031066765780030686,0.004042833825809794,0.0031157182735580165,0.0022042064786903038,0.018996372506632192,0.03545091364527554,0.0059806721434210765,1.0346635947083846
0.00600208881982073,0.015239574638605232,-0.001177868435169295,0.010442956982699883,-0.003590013387325874,0.023695582405666767,-0.0016054011921804298,-0.002377873773333759,0.0022259356835629,0.002477525950695711,1.0132837947476865
0.011277875982615418,0.04328353013476933,0.01742203860821956,0.044781040684687835,0.023471890992003266,0.007610105734221717,0.027853647786651056,0.0091074550338548,0.020624027729069364,0.016008668364594504,1.04795486296322
0.01655174103201668,0.01457905888413606,0.01939355076321162,0.019257423990248497,-0.006306190049358652,0.033684047268509806,0.007199693065258931,0.006314570138245384,0.021247483307224122,0.011826889446502951,1.0312653619508119
0.028768368471050312,0.020777959509364258,0.021787175810688335,0.03396067797355251,0.013155661287956111,0.023952091737505406,0.0004961855397724122,0.020954794955661375,0.03835762056437167,0.011296649272230236,1.0501259402657301
0.003979796444664157,0.016983654493226915,0.05086701684802232,0.0406076158184317,0.012199593859114696,0.018281202926905216,0.02067828913988052,0.00783084564406708,0.03436005301275579,0.028000666514666185,1.0510507113050283
0.030627621829224398,0.025181239813669286,0.033201144193869325,0.04828824216341283,0.01866432347737313,0.03216260301523842,0.010927203043147368,0.04795581923097017,0.022528913638038637,0.007597110569684266,1.068270032333414
0.02406430471971494,0.02158036304619576,0.025621686308700983,0.03554566875502935,0.03640791006376944,0.03444238201927896,2.0493879779176494e-06,0.012148354101683351,0.03497006391749702,0.020269343218224524,1.060991476257521
0.024166636491075734,0.03808906778399866,0.04881988077781651,0.03829264167298253,0.009072079935011444,0.04988167992298204,0.020137427596238003,0.022832581786601917,0.018043209716460083,0.030264439852288154,1.067544121009422
0.011930452683989144,0.02462784009534104,0.02578873166803465,0.02630669217533647,0.002131671114766912,-0.008878395021941904,0.008060776138318348,0.00927327074353872,0.00899708961577806,0.018016144600593337,1.0270576346414435
0.008013617077522758,0.016075553653796117,0.024630029849079103,0.021910823090543395,0.02798129750866625,0.02799747229745169,0.020179588156448557,0.026229175550792058,0.026684775961155472,0.01883394240439551,1.0515273964949523
0.014960886311721312,0.03029998571888492,0.03263735633763964,0.06188003724552747,0.031221251097464566,0.032818741063566984,0.014368104871842329,0.027129577448817145,0.031926636171468424,0.014251866266102123,1.0731106481465538
0.010680451939727432,-0.0009806032203595345,0.003967149068303198,0.018397480024831797,0.018763211476130814,0.01617859326595748,0.011146862826542328,-0.009425237963527212,0.016625871451815447,0.026295613648652037,1.030801853266234
-0.0027174811826495334,0.0074187808787927615,0.024749282442148454,0.010921039047109858,-0.0017154960546872274,-0.003436525029585238,-0.011614876526429752,-0.006472589811894865,-0.004047959384149105,0.019886872355174754,1.0110578330581883
0.01526238630741143,0.020257474040068175,0.012761703141002804,0.0033574437525658897,-0.011473961732610406,-0.013115164163577086,0.009476462328476693,0.01845898956726751,-0.004923486530087692,0.0016574126922886175,1.0050986957872743
0.019966879892292476,0.048595677223355616,0.030507295699503365,0.023171658452134185,0.012355482904743429,0.01677806840501892,0.02518739290201858,0.004168483999709229,0.044785523145405084,0.018106718777575612,1.0414775067624262
-0.001034242806389779,0.015212475394518553,0.016516864251754058,0.02392600613388407,0.006099753919360836,0.014711192168667488,0.010387195280482958,0.0016319923779063786,0.024053944745249606,0.007195779828018563,1.0254450633205563
0.023361014332147476,0.03086566141764575,0.028969171239997725,0.029875769902474987,0.022017903998466953,0.01319297082013212,-0.0037576909534779174,0.008617189232252822,0.028922598662814533,0.026062218186022054,1.0491972626029757
-0.002102546425717374,-0.003125525190580944,0.009771439230732797,0.024090467792469168,0.01852994929275041,0.023163784454077418,0.009675003285114413,0.0027386049590473584,0.02620143383798188,0.0243213341957793,1.0388065650739975
0.020640454274056606,0.021620565778377628,0.023378451244182235,0.010606099365208718,0.0007793388705060935,0.0211696454895118,-0.007865657209623643,0.004227379046813152,0.005574554629317426,0.017378971898550408,1.0269294269088773
0.01995707900692295,0.025475679177547297,0.017861591963088494,0.025745219980547275,0.018571098186922347,0.04988496070053812,0.011025213565302033,0.023792478836257687,0.014752548385381951,0.0145574265183142,1.0548208212928414
0.007756368886366763,0.03131603722738031,0.02739351329487278,0.030139882879409486,0.007997077130544305,0.0253483147372199,0.010775657333518734,0.020133013861728947,0.026641016614739776,0.04450946185793668,1.0597766783254325
-0.0026382403781906975,0.036000131003138196,0.002553329415168004,0.015969237199297166,0.023568687385323653,0.007581586263247073,0.0006377296875903242,0.02715203269468952,0.017001154154421227,0.020633472597072877,1.0411971789340868
0.01795011692761056,0.01212550736400743,0.019291700822020353,0.01694549489852277,0.02370151289650927,0.018487302477378502,0.024730648571056318,0.007042261157844684,0.015086908169652472,0.02219595819195097,1.038668911534022
0.028970316537590655,0.04800035122153959,0.04066373077899711,0.03799246467183199,0.05219913447814224,0.04463532251961568,0.0071832767715852685,0.038260495480657145,0.03858983489201039,0.02214275494930147,1.084154786332528
0.0242387461070789,0.02451905615297632,0.034191433430855386,0.04705070307510025,0.0048214869253806174,0.0348907204591835,0.013898114410933476,0.01862250246168107,0.005230802778935671,0.02539008093419997,1.0588597047114054
0.006375809002785833,0.017702987328135057,0.02150443402439857,0.02178307388707436,0.027134531198005647,0.020668091228223946,-0.008027151028898935,-0.0030613556196494272,0.03304754062641003,0.004764958804676319,1.031992495568323
0.011177793713187492,0.012250800226131092,0.02835095696906994,0.02571690713591961,0.017672444339744433,0.028539852853268873,0.013870101183157707,0.032408650552231126,0.02831428408018153,0.020488393968635107,1.053999526772316
0.005413735777038701,0.014270094235120333,0.020147263477090005,0.016202529154360625,0.007574616679116469,-0.0046032022620417536,-0.003324667511275737,0.004525170976390805,0.004362637370830829,0.008951366903041953,1.017084363174532
0.02324872409782483,0.020225925792355045,0.04261841491238047,0.010771498624131775,0.015170982765964526,0.02484393012409984,0.023284815651959556,0.006847000454010701,0.025867356286206632,-0.004693381151828925,1.0257099377921732
0.009346160211328227,0.003540615162533279,0.020957289378026905,0.026903742708580557,0.018372503655655188,0.01820551509984803,0.0037617341641841143,0.005078451234487365,0.018728430880616466,0.008835514589367661,1.0334775035053256
0.00878076210075539,0.006167717689087688,0.03552335064683514,0.017064149852059177,0.022004139217942822,0.015681087858211876,0.019281668571406223,0.006123816597443295,0.003491805320886348,0.021299773115470558,1.0342624400669038
0.015540798977558778,0.00802425200834592,0.014782963643067248,0.030309935641556696,0.012518945642268495,0.0056677036538807166,0.010240148861654001,0.02334203144626086,0.0067082339067800895,0.013349560286836676,1.0380279630399194
0.015473949097594648,0.04481209256360627,0.022160898197593308,0.022181319846311456,0.028061803201156272,0.008526021670504492,0.00023863472523600118,0.027762708407743697,0.018911922715665372,0.012371739012063725,1.0455968201536125
0.015198271087808538,0.04067523036188412,0.032555735185544804,0.052384415670000566,0.011994226650315833,0.005022545461413319,0.023324558558943113,0.013159964224077749,0.026656778403884487,0.012394422240214528,1.0485780732321628
0.022281888457565173,0.04544265911161593,0.02447137175696918,0.04881877756445851,0.020643453173421988,0.030181821149837168,0.024086419564011766,0.03943922851186833,0.032856165598146386,0.014582552336704222,1.0699143919903078
-0.0017102040061659912,0.033454896995626454,0.03260934025880903,0.016606887165576803,0.019399459646238664,0.0294953380141146,0.004194630003131205,0.024219925318360487,0.038703904734009406,0.006236651289843876,1.0423284269948325
0.017606443459698137,0.013303550344434305,0.031060881124381084,0.020772707790111776,0.0008363017237908825,0.027462918150712487,0.011505128244067523,0.011816637408473784,0.02861989916005601,0.011266565576706217,1.0352085889411953
0.013229348671912129,0.02684672532194862,0.029932804540008844,0.027015513724218725,0.020704820029657917,0.02219952960535054,0.0319015457013158,0.03876387479978289,0.03430109119134836,0.025070617272932232,1.0600790704226513
0.022715593393530513,0.02833472807088343,0.022477423431161533,0.036525784267662204,0.02371448509068928,0.03281669319306109,0.02104974304169483,0.03006612614989945,0.028736095411422656,0.024934763110573806,1.0655854684986086
0.007292800577420062,0.03245617259682951,0.04475232963374217,0.028730513700444493,0.030374966564325992,0.01798653079984755,0.010591411639195115,0.02966875847617633,0.02773649497172059,0.023661163573697425,1.057929026163396
0.015709161120273103,0.03114229005946372,0.01433865555875741,0.029488510386896996,0.041252133430977986,0.0024873944445352285,0.021568230347951606,0.015180182236603654,0.038463369807556436,0.028715263943783525,1.0546852769969972
0.012536205395369504,0.009334904951222993,0.018884660499339682,0.025557019826108945,-0.0021882264914285313,0.003767493981652945,-0.0014674106454071485,0.0048128227559827205,-0.003035439041417681,0.003061212393325039,1.0178566190198897
0.009929570791870804,0.027907705524313625,0.03319529761022158,0.036491103196864653,0.02447747372979122,0.014739032919643577,0.015037137639217065,0.038591295857148045,0.017743254181938232,0.03824212369935499,1.0674499470195138
-0.006074704348352734,0.028748386637542284,0.01620922513592892,0.030302759871206487,0.0023665190359608047,0.0002946019795668081,0.003014666955076872,0.01183162451161143,0.005585485244718146,0.009119611828477482,1.026031545537668
0.022919313059738707,0.015009307670941871,0.013481918961978978,0.027144211676117115,0.011465821516414483,-0.006052111968819237,0.009638199202328054,0.010425435539327392,0.01831057662105844,0.031669883344446606,1.0392088419281729
-0.007155395519275854,0.03087649892520143,0.023239013519706704,0.020953236648299994,0.023206239063172138,0.0244156599119211,0.006773868702155662,0.0012112367311936552,0.024548432159743887,0.008961192711086498,1.0335407015680058
0.003320291511439716,0.023920239030642186,0.0034968595354062312,0.03352333350746712,0.003469246538732537,-0.016692308795665238,0.011106293520655036,0.00934726283930739,0.019307900995934046,0.0015881785878614496,1.0199834299196513
0.01721576528975763,0.028548315159524548,0.010129196994713333,0.007546537659837526,-0.004450329435660467,0.01614210276596084,0.046017286889406095,0.003804825716297521,0.011501944660468147,0.011356842094215724,1.0192674009229314
-0.0066822101894786585,0.035135253675309314,-0.0023930923723496575,0.03415090126627591,0.004647543916801849,0.002048115351134217,0.010979526470426732,-0.0008284379820814062,0.004247327474586515,0.001764888348779782,1.020236523307297
0.0047743951333113575,0.01550204881791943,0.03615311401675208,0.05847107386669148,0.002777403292235905,0.015860009734311373,0.021867966667169288,0.03620522432200705,0.019696626000898533,0.023085977780926303,1.0619700467839726
0.018022844877621718,0.044210094732771876,0.010152233870863947,0.046184076890890394,0.025803894940620346,0.029547818325871493,0.02332922738228791,0.030948397689620682,0.019996153095233057,0.011430338603746237,1.0627483347217748
-0.005666635002600024,0.019946153700822762,-0.00797534328919234,0.0030191771326452607,0.03122434904891242,0.0197654658176529,0.032106447162570675,0.006838906201975167,-0.006478050022758508,0.007960828775327566,1.0224542538210009
0.017413333113967686,0.016102064643093557,0.02016804655854401,0.018649891533449613,0.02099872287779111,0.03128241451941575,0.019213173238968442,0.039953178875452945,0.020182413716198624,0.003311486402342613,1.0470958156301846
0.0177800476957043,0.017535507931709896,0.005631942671347975,0.02054139010382175,-0.013178576658324469,0.010515139053076222,0.009397541122430894,0.020975977003651065,0.010161983717546888,0.03179213066495827,1.0364934271870507
0.009503102159466075,-0.0010973543817050634,0.020121885173670757,0.014054710129380902,0.020555973837946582,0.0024681458042812012,0.004466925019428292,-0.008019380353566351,0.029264318767564516,0.014505524143257936,1.0220407521167434
-0.00644391474013049,0.036784561060027865,0.02441910446319217,0.036839672189095306,0.010952558569630429,0.02176355248892873,0.022192756642254834,0.020959209002392322,0.007670498326833279,0.018452226654576555,1.046841149720938
0.033066337108505935,-0.0037401299518902108,0.01869365493714449,0.021032606952639445,0.0053045730283270255,0.01562904204745008,0.00845679064136538,0.01982860940181666,0.02334885073899674,0.010901771931356156,1.0354741897219912
0.009674278420945061,0.0340872103743138,0.030849901988173525,0.03773285780416397,0.008461212146053772,0.016925861756549376,0.003262369572220815,0.021546814867730166,0.04183353589225085,0.005265254109370232,1.0451176963239734
0.0011495518212320836,0.00759888847290315,0.010166350724101178,0.014912697451158089,-0.009607873726563904,-0.006904670436342224,0.007268152453062605,0.01967486201720719,0.005106064214153966,-0.006447270338526798,1.0078767808490694
0.0038989456616951622,0.013136338559870566,0.03356176039161956,0.0013379499052576516,-0.006059685560765931,0.017940488770421523,-0.0008718447675191403,0.015928549721272937,0.014011861174689683,-0.0073016122014674684,1.0110889473388365
-0.00037252431878640087,0.016432986525494107,0.018158315801549932,0.018518691127753985,0.013899499070816746,0.007466746421179856,0.012560885407143571,0.0173270726904133,0.01293199459330616,-0.0029172708053226736,1.02317786003388
0.005544758726684367,0.014054339129258728,0.014072250868853631,0.02228007741151426,0.00967663572536645,-0.014392033063172242,-3.9243720520634046e-05,-0.014233566962978995,0.013063826187225128,0.012644384658857883,1.0128518673651665
0.0040447864259993,0.01657651494956929,0.01648469600329035,0.02010712032383979,0.0026546772930149784,0.022368313080205756,0.0027605456374589854,0.00889425251263962,0.022182424475428404,0.001915779609832682,1.0258677368442692
0.025478832503113433,0.01101251961738815,0.028994197371467544,0.05932482225404,0.004729722502268479,0.026282308126908595,0.017864878093755587,0.03201449662533092,0.011285925754249962,0.019732491353129378,1.063836781822023
0.025742763492310413,0.029190372915655863,0.029588839263169006,0.034664191166301137,0.020676250740630217,0.02644255811474555,-0.005964170938621387,0.021470219499202553,0.011509359931324752,0.021944665323416296,1.056124932916406
0.010395743123101958,0.03330023752427947,0.027441215998251146,0.03669081308586462,0.021029985141281442,0.020682369496059214,0.037992619846661364,0.022606842001459085,0.02557853315719151,0.012929620915839516,1.0511529412260516
0.010521253814929906,0.015663696089560367,0.016180138749854,0.011652177263930575,0.012231668699099352,0.02448395232457993,0.0049900968723944825,0.010236181184065173,0.009307872153718507,0.019164598967869706,1.0333401490285665
0.02042816213913126,0.006773695214298546,0.03542527661719545,-0.0018927736285634586,0.015507259139852876,0.038494438983548325,0.00820230057597393,0.012222945428170678,0.0284598088812337,-0.0035316815227416417,1.0256928846327857
0.027170028383149004,0.03580851778308481,0.009338871649237301,0.024834633245464522,0.01260704497590956,0.022859113572678804,0.03912632406919749,0.012405412169855174,0.008992407838680829,0.030428488142122623,1.0480109608854309
-0.013386776479207895,0.026334902634357105,0.010264321862770927,0.03663047373671642,0.03324328141174708,0.010302859897891333,0.028188873712718387,0.02307096648344144,0.011235292446849936,0.02307667130135999,1.0510961431546222
0.015472539246337109,0.027231795135109826,0.04722763910026396,0.02194372988855293,0.02182497533298282,0.026584051749567073,0.027008260138513505,0.010514374980176157,0.026368997267158717,0.019893427182440512,1.0461298861505623
0.014233498076609518,0.016644598019991706,0.015504247541863785,0.04139095168607293,0.013125375247615437,0.010810048804880882,0.012907196281273322,0.005945606097267598,0.021743827143011974,0.019296948347550802,1.0432338167470834
0.0033934146288170063,0.02809311555038225,0.030048293170623196,0.03846707687652915,0.0010326382906268895,0.023764105530906132,0.04051654400153281,0.025641561576780714,0.014416723350933565,0.015454363206998067,1.0469004066321042
0.006983887234644429,0.01603845486183917,0.003443111924206958,0.012516175456345835,0.008500733141810666,0.01888885035177676,0.01774241941429502,0.008059466717813196,0.015729975730274647,0.011569294978491502,1.0263190681963434
0.018288010224587543,0.029090377379509362,0.03283914497134264,0.03983434738897482,-0.008541143583300687,0.01048196061643564,0.0015870053033913093,0.015390466386433111,0.00954377622910058,0.011061101592944052,1.0364423343800693
-0.0007547762533101701,0.03413715607242901,0.008190058974533596,0.03330117880354244,0.009886737932825903,0.0052228043896362115,0.014939157599971005,0.024504044953464615,0.010156467963701246,0.015110134718367762,1.039991125485924
0.03789189131826384,0.01253252876046304,0.03595139007144929,0.02486834322062758,0.017163408697193173,0.03401111118370378,0.004864457111153225,0.028485068372939203,0.023435905135403685,0.020999183095010962,1.0568114275291216
0.023468783282641657,0.029235767390478427,0.018497018784679395,0.025726855759506853,0.03204893709715331,0.025789621612432447,0.025835296311673465,0.024247647880364077,0.02099238961318381,0.0061746589086133525,1.048930492830126
0.012759265823127194,0.019438997103620813,0.00647335805702762,0.02020677004124402,-0.018440311731598116,0.027164894226672186,-0.006863031914989028,0.011161543606304008,0.014036029284446062,0.017938047870615162,1.0297375557344368
0.012781000151685245,0.03677285350223462,0.006719760084164304,0.03189348654999151,0.0031440917998241686,0.012989385186420996,0.029167469615534274,0.020274014119899705,0.012732620197995268,0.0019171174565239986,1.0337493170453558
0.0048042072854815486,0.03921000645407061,0.011858152528892671,0.017057620906220233,0.0034444945576685413,-0.003945523077947527,-0.0013889247549436663,0.0041470321260333705,0.016442415628512733,0.02140786527634756,1.0252133751026267
0.019067598997790588,0.02810123308474628,0.02216844125515582,0.02998256183239635,0.004594806441235302,0.0012958888921991603,0.016414589799873765,0.031687526608962555,0.02073764703163675,0.014478109574037768,1.041722966660464
-0.007558487293576555,0.015420809410028585,0.02725444558567016,0.037357586038410405,-0.0027587934743768146,0.025788567290351696,0.006724068241696653,0.020640813333841188,0.011510709253370725,0.018478867692719197,1.0430961478037404
-0.003563369709979362,0.0034506835545767105,0.020894809423066197,0.017284021636805733,0.00263612640327651,0.016075127622052973,0.013435245060994581,0.0004217923019231382,0.008974226135805962,0.02804186372256574,1.0283934758715776
0.02264738228258226,0.020848500817029263,0.011450628918820626,0.0028327112991330186,0.009589245571681735,0.016714473030550882,-0.0021101753066170726,0.008021770283494795,0.0060736485714292816,0.011629727815914393,1.023152771510989
-0.0007321765624956969,0.013207057958709842,0.005082307269618433,0.00960960645669124,-0.0053932204972153,0.008737873805553674,0.015560797370732977,0.023054400121843767,0.007303559141299595,0.01117602239417225,1.021341473151156
0.009448346953267956,0.03194747739820101,0.022670833498445904,0.02733593561881496,0.02762769508108122,0.03008157796727874,-0.0005322065128938371,0.027217779572140072,0.0282830928294323,0.007447725731241419,1.051238643511064
-0.0008461786574390428,0.012058375734558825,0.004248648579973119,0.0008103920276638955,-0.017867533068188314,0.006265636487592061,0.0036563430957454995,0.0003342109090151476,-0.00388910810966998,0.006254221911771217,1.0005884004439773
0.006087157960218873,0.019442762704829385,0.023425124942553,0.034936013028392866,0.013283814177123095,0.03884378840641924,0.006684962263203867,0.02142762282799232,0.021167968337889857,0.007638382695037768,1.0487655200250983
0.010423044296182762,0.03172768897647205,0.01071089275300319,0.02087254641088027,0.022374790615196136,0.03653519284902308,0.02408059877083576,0.01876802240126292,0.009456037180954027,0.007513080054139237,1.0427644287782276
0.021112315911995375,0.026807447842913206,0.03405045804119265,0.013076738810761481,0.009044221447764345,0.01527900647866107,0.010759468987088258,0.02969448345735652,0.004856475773587497,0.025073329459238576,1.0425884902440485
0.007720299043318026,0.0277900495588611,0.026501971907773036,0.014375813350732474,0.0030084516555897306,0.004533688055844937,0.02494378308294097,0.006107647770397346,0.008711404989071508,0.020865423037096154,1.02566596794984
0.009532247185496376,0.02391891683520147,0.00885180882455255,0.01901745770195025,-0.0064414276806371365,-0.004598747031215992,0.0003570328679758797,0.012755221706633551,0.014779401222208185,-0.003063142007909819,1.0137467782932517
0.019071674999128815,-0.004014013743265623,0.017201304098272436,0.01314430184381072,0.019450593526709078,0.015259444159994306,0.019161118616986442,0.036555527037715335,-0.009150809139495269,0.010027344411367326,1.036272781136832
0.009561997783971144,0.026876629473111677,0.035670032584583705,0.033492220438055505,0.004642035871274106,0.0033708345287500052,0.0026563020125624417,0.0022699667084586494,0.022255599836582294,0.00984525717274948,1.0300401179156073
0.02214066814177739,0.03214632950341711,0.026538558648509042,0.0338513639916538,0.010936778192392478,0.028023661272714887,-0.010460506281435446,0.03058954944086143,0.016407977287390463,0.026765703388649344,1.0594854291171565
-0.012507866231831866,0.020042321607520314,0.016868294716280326,0.04218185582298452,0.02710727409841486,0.039460224249098355,0.007479698252614367,0.008185312136671534,0.03057294757055181,0.028253461450325555,1.0597640504974837
0.01621015320750071,0.004839743842718203,0.03191630421089408,0.011577673300319127,0.019546553916086753,0.0224582391598478,0.007852039088887285,0.013845067323335833,0.021833636653827173,0.016886778707444317,1.0369071830455117
0.0218530751551691,0.033187318943473466,0.04003942809969225,0.03724067701399892,0.013198546453957422,0.03448518128453057,0.019904706547826966,0.027895968472737585,0.03335784470888769,0.011251557467417827,1.0573776330151161
0.012639462116359863,0.02281723002965657,0.015326425947829465,0.013154357876307688,0.00214392053062119,-0.0015845739281709521,-0.013258389653692538,0.013401412748384337,0.006940731530186499,0.009330426343145636,1.0203717841332243
0.006057224539818492,0.013381853922247769,0.03497189265351993,0.005187495669594752,0.006454697677160087,-0.002473394477348274,-0.003519511721707098,0.007349663910125217,0.011935109814744395,-0.0012189837032296957,1.0100148139142149
0.02610324348471205,0.029899988879452048,0.01814258107356833,0.03136190519826743,0.024149627557897034,0.005950207614221714,0.027057882072673976,0.006851782301050601,0.020639082883372066,0.007918414236138108,1.0376031754242463
0.01811611778095736,0.0299113659969062,0.03898692715414344,0.04334121793698596,0.022336895368142772,0.02427334572656496,0.01691342560382859,0.020613293308234724,0.03006565094248385,0.01733707018793181,1.0587503807498257
-0.001544212441566331,0.030689280152378137,0.01625692724933369,0.013289536232477904,-0.0022107474593797173,0.013126532011889527,0.008057262820589769,0.002920813271759583,0.006315410345212165,0.02558758254535952,1.0259885098757726
-0.006237874626893226,0.01606679884959736,0.014204880313583326,-0.0026278415966809153,0.014718677481431613,0.012881138771642769,0.01735708446608005,0.015207638752831402,0.020701716856599578,0.007941387771070903,1.0198200621821325
0.007780868988654687,0.01677208469309597,0.008098193995238393,0.0241667000360459,0.011001062899606699,0.018808164846709163,0.013999020299114623,0.027710454083167576,0.018711663612965113,-0.002516024926998754,1.0338391710594756
0.01540570420815923,0.022685773936087058,0.029891432900757534,0.021844856065994366,0.010476062493628209,0.011356305792025168,-0.01560298378918277,0.020042864075724157,0.02497405621790631,0.025385153162995135,1.043779840348158
0.02218427960492983,0.011939839080649476,0.023167751520205167,0.018578725573710674,0.0021394843867521968,-0.0019043116879947624,0.017307208624735046,0.016154014280737303,0.014853772693277114,0.020980331470903644,1.0304478461365791
0.0063023037964088455,0.005277610331509242,0.031679373916224364,0.024791469668214786,-0.0046414845109952535,-0.007689177118720964,0.013198722006840947,-0.005037041344198629,0.034891826277228095,0.004944207543505054,1.0140663132590007
0.030372640789418856,0.004450953986203498,0.01529423565989814,0.0211387388691252,0.007182867502745251,0.022571822369064173,-0.0036983821799736437,-0.009620493048469098,0.014783330303516333,0.001667308451289081,1.0218660712375318
0.010564084583273289,0.013726153097338947,0.022636462856162193,0.013631224708806663,-0.013934484642874709,0.012019004570596094,0.01339600752962691,-0.0032456981520190553,0.012302743450207376,0.020250320016101934,1.0184350655329801
0.008989895468688293,0.02505007037724214,0.0037079408598265414,0.013103059039178985,0.02468217320114758,0.013106556329071133,0.0038404090610115746,0.016281618563037628,0.02737730047707903,0.03565227757004462,1.0466213741796702
-0.007835549769791566,0.017646757227005372,0.026528487104692227,0.027470113312700387,0.023882283302784586,0.04948787713293715,-0.0025901990129083997,0.006954339012907898,0.019326757905040813,0.002253469426168982,1.0418304785480892
-0.0029698206848460546,0.026525176267914598,0.021021883139483263,0.030727154870604883,0.012270197836967141,0.02200533061762423,0.005935827501017399,0.015318758501260405,0.011493209092250753,-0.0028394821746287272,1.0323975342587588
0.012593812263795657,0.015587948628048123,0.03773732131850563,0.01989808481208879,0.020753890031208595,0.02637734953794911,0.010399684423059675,0.02260004388716914,0.0299242102323983,0.018187714509080057,1.0477041467191794
-0.018837452011751476,0.021888565272136593,0.014171129122490179,0.006033451839223283,-0.00415780342708749,0.002311266665685728,0.0010422846816282782,0.01046416363862973,-0.000615657717683623,0.001219660920765235,1.0066277429306933
0.01473780208937406,0.02158159784443309,0.021957080060727396,0.0310302130479098,0.005433832408336943,0.03142951800626481,0.007499353566730128,0.01769916687314367,-0.00388235084465678,0.021610376559827386,1.0458338871856419
0.003737338298606269,0.007457799603400601,0.004942367947029649,0.012141732570023503,0.018246286441178074,0.017991918389913507,0.025391809768769966,0.012775137920664351,0.005897369920976227,0.016069754185443184,1.0304466105318433
0.022541524656476956,0.009170402685331553,0.011149652817734943,0.024910480617947206,0.007858805893430187,-0.005045731424166938,0.0025181844085387707,0.004164527747638598,0.019420522141543956,0.019517960259779837,1.0289155045625225
0.0040149339301540025,0.022880734309260346,0.017334029588620237,0.03169733930850774,0.017699051365990127,0.02526724300010859,-0.004198026036994041,0.010662015115453524,0.023690766702025228,0.03628071792808954,1.0541893710982797
0.017680904491495703,-0.008755841513619538,0.011282913482094346,0.024772239794337042,-0.002897174335853619,-0.0022378555303015236,-0.011086393920360267,0.0089889578392537,0.012892856672771957,-0.0006051910403590413,1.0162720010264041
0.0025362669061501347,0.028839114716032295,0.03130246759830993,0.010103961478186603,0.011958590696317887,0.02838129189765677,0.00859129816632529,0.023730716863420653,0.014707776366816246,0.022352086835427817,1.0415596493693349
0.01769827320265451,0.02322115317646118,0.027276985012616974,0.030231150663622638,0.015896564508391536,0.01522542229571295,0.030392328679113494,0.019808293398547464,0.023024059715545254,0.015506271009657438,1.0450699763593447
0.016249083698667822,0.030742093898691793,0.01629990226929105,0.03711539832739906,0.0027965010805928447,0.03780586485510777,0.017989669291016558,0.004593881949583767,0.011378661905093122,0.014601003799342004,1.0437973091349677
0.012413323666571257,0.02510842071288654,0.024097894475712135,0.03364486764187745,0.029642406817676954,0.02976173595823269,0.01493150556301781,0.022623770437656527,0.003402417161636778,0.007108482836709768,1.0494598848358816
-0.0031887176052924904,0.016903703353935835,0.031978027657864685,0.027085332712131694,-0.011834199204128662,0.025521141584698433,0.0013355632990718486,0.02169635120239477,0.00954032229754147,0.024461479588298016,1.0395358376703343
0.004381908479358478,0.01277134332419014,0.02152952689397846,0.014265582151453127,0.01603059368681694,0.017393492045567487,-0.008593960346947614,0.015592667282296746,0.010152645431454017,0.013995057095778958,1.032550999078007
0.008722221660919145,0.020451527387623618,0.014808244450367046,0.02061406308419748,0.01670292184861902,0.029730798132282552,0.0002704996360931595,0.01741944200064742,0.026835696864982838,0.007581771553764723,1.0397876806243005
-0.009456763198146364,0.029952096265656862,0.024194318186396807,0.03995237930401759,0.002104679586479181,0.023525985836719915,-0.0017568437192400019,0.021135674310038592,0.014518224964936488,0.02000748287271511,1.0471755670071543
0.012597104345699245,0.029693455225065987,0.03201352178865305,0.0308617522241641,0.01074993474375616,0.0005210723882020478,0.00573203225293112,-0.003067194357607359,0.015881117909150377,0.00522902217214765,1.025217978893107
0.012113260559208104,0.0010371040063825079,0.012707069539834788,0.019447695561955716,0.008670773412532458,0.013551327064724396,0.017172726036954508,0.013476234828814701,0.020341946973081615,-0.0058706866680197384,1.021973048587749
0.01698394282696774,0.018330395723783935,0.019890624766879594,0.026022736999665435,0.0056900256575488535,0.025478802225756738,0.018548829034558033,0.02789286237022733,0.02165612751423331,0.010316367573135686,1.043185503940976
0.009800060458103079,0.030434045948480613,0.017991065138693117,0.0065018031727332014,0.018613242896719416,0.00888215629580767,0.006041721852692161,0.018576506609583956,0.013594242735807841,0.005677207199223034,1.0265189774334387
0.016790704341923344,0.009406893773477783,0.004809123832034393,0.023224505712599333,0.0008268141328267673,0.02436227813210299,-0.001935351951332244,0.019944163299450098,-0.001931876317178411,0.0023927983401734656,1.0296196316702673
0.01648760179311995,0.020098883819099928,0.018118249309216176,0.002160283747702725,0.014837499933703226,0.005791366191598464,0.004652169148546631,0.009208171997086071,0.012537261135594648,0.007608099040454357,1.0197191274008899
0.03407634340580261,0.01727754728303009,0.051434613260639785,0.03795978418818926,0.020096401201307318,0.02825498511610028,0.010790312313222427,0.022376194746195267,0.017425796643689057,0.023934883134672128,1.0605548347516596
0.011143560676677159,0.0026090465704758405,0.030815616333687873,0.026064789614731524,0.009043509045913554,0.01589736359013593,0.018873695197653324,0.0060433647303961375,0.02445560956133662,0.009542704752784546,1.0313138380915188
0.008423350187511388,0.017821158938797668,0.014365426544398749,0.02356552477250453,0.00027244422290536446,0.01698347956627284,0.0003972328555020147,0.027695111835678212,0.02249096658032297,-0.012276129029246963,1.026165631463637
0.0072096662120710395,0.01823158340466606,0.04290002596891242,0.03136274932219662,0.020336996878276226,0.02196628784287608,0.019578346172294078,0.02546418054897604,0.004924721974159121,0.02595065850251571,1.05292720960335
0.01640397304605143,0.027494972890115384,-0.0038718728835429976,0.03282123322370862,0.019886738320399527,0.029831878074326256,-0.0015470011787230512,-0.004400189641636874,0.026406926906598325,0.0041397591827005056,1.0371455030427263
0.005984718540351611,0.019372377485153795,-0.0029659844045625966,0.01160184904105084,-0.008086592130039066,-0.012892299641664988,-0.004486198207701495,0.028524371581806464,0.006885866134720995,0.005251803765610494,1.0153455944174192
0.016904855964798526,0.02416850053884029,0.055740289572074046,0.028066624282349323,0.005353626387553399,0.016689286038900283,0.008719534864914965,0.02725654056796488,0.029510206748860675,0.02242417172598402,1.0494425766012194
0.02127315262542223,0.015897272440250163,0.01590951539551057,0.01853954600988289,0.019011467178658096,0.01318775192242385,-0.0010597773484077597,-0.013073216141546051,0.01768775852588244,0.020627753620273238,1.0291269102744949
0.013109920500989178,0.0015339276398348492,0.020433896606630662,0.02151045479665498,0.023162201835254536,0.004475164215733815,0.02444527529003682,0.00309165174135931,0.017524145262355774,0.020269909919016303,1.0328336420310604
0.02943010408789258,0.020213960180261423,-0.01575993586155598,0.032943685909367165,0.005545274042271905,-0.0034980112987733573,0.0036384043135725096,0.03145621464447484,0.00429164925664708,0.02434732613050277,1.0441262422418895
0.019249661285452278,0.05091631970363189,0.015024086439366154,0.0466139968623603,0.008262202557845266,0.007547172672836468,0.01788028384433933,0.0017734554966287348,0.03589315667342961,0.012661569245938002,1.0432580562907203
-0.0007847362534246149,0.016516293276605302,0.01920863023326396,0.022614870777623232,0.012100491869132842,0.01202747857163727,0.00038919102671933084,0.0063182904087900485,0.03688135478921898,0.007903781755473216,1.0297543137219887
0.01610444305555681,0.03408181543989674,0.03347919319382213,0.022931254523076518,0.027840294917581346,0.04564238838230857,-0.015007079363296446,0.027713879049679285,0.03034945608812818,0.0017585582073711553,1.0532122357881906
0.01608278227417645,0.03870551924811318,0.03770014767396051,0.01355962767795428,0.003114443677146077,0.030656407180364404,0.031334512493917,0.032123086222744276,0.00566386299632687,0.016854158638321563,1.0430729510636723
0.0034772252006168586,0.027629235472642618,-0.005876958683023497,-0.008942172304254477,-0.004783893935179124,0.016953083623482964,-0.006335658688357836,0.013164443685849646,0.021150800101784592,-0.022222387825696188,0.9990778991647801
-0.001580305431843218,-0.00249398380595231,0.020535543278438886,0.039527151170864444,0.013599047187635849,0.010680063936763922,0.03145751516894782,0.032328365338648586,0.004604069624043241,0.01989677698750418,1.0474712457880941
0.01449579090391848,0.0052972938585744145,0.028878807552870738,0.013080154080346393,0.004381783357462829,0.029712952837732027,0.006966241176315261,0.030526055759878434,0.02421013376531147,0.02125654524848672,1.043825624447285
0.015130562049053166,-0.0046851712081548424,0.0157260611499119,0.023061607513866288,0.015571063844763942,0.03270701961269767,0.009538455472914495,0.024240852377237027,0.023236472494738786,0.009855019823115775,1.0434870460878503
0.0005072536032442072,0.02706820571215996,0.014199944668785823,0.011053799593427716,0.015593477306634778,0.0211579490956499,0.02210040771714359,0.014536928820509748,0.007592704833389198,0.008580102852679773,1.0289082133435183
0.012275796773742223,0.02573553929367312,0.030498857379260034,0.024196599805235412,0.020176725863884127,0.03673886676389326,0.010477694472364008,0.03377245890891929,0.02645546757383692,0.0221208401503354,1.0588901849362689
0.01722329760895672,0.02054165666322258,0.027089540673523198,0.014415946981226434,0.011174868653131536,0.0010385177647307918,0.01079250419428016,0.012205723539329296,0.0073204392531259375,0.01855962895207497,1.0288344366389517
0.014888175116826862,0.04830935271714029,0.03474881185575591,0.040967768667277665,0.012864470371515432,0.02330824299497423,0.027066833833765087,0.02768924989259631,0.017118560595538644,0.014209645231746166,1.055092555880178
0.00428778639933695,0.011077906894338305,0.024299906326196864,0.011909695947380138,0.014897983926688493,0.004470728586096243,0.01356474350622667,0.023412437564993123,0.02633108746717442,0.0037152282531753757,1.0269274543105245
0.0157200568254094,0.010853894863406287,0.003016673090015489,0.023481410340517452,0.009978734858913,0.015025771071032638,0.0068063359407495305,0.02869410980853506,0.019297485455657813,0.005372763974760219,1.036670291260215
0.007257657281545683,0.030887856838531458,0.030919046288395376,0.036578712834690545,0.012288076976079223,0.012050465525622764,0.007518485028252935,0.020092604864092128,0.019874897096115875,0.0025496146389648935,1.0392384396058914
-0.003780982250018333,0.027373686934513475,0.010582088937265682,0.022652419996670444,0.009972365122444624,0.012489871105731272,0.014509086899921144,0.026624183514068443,0.006048714462045162,0.014780291924424798,1.0367649391152125
0.013219898292976432,0.038542875468112484,0.038345437793320294,0.03815996532674945,0.022511764906278,0.03292828174538814,0.011386516501949676,0.01632414321637351,0.028704211910760696,0.03406007790771262,1.065348185995416
0.003593979456143986,0.02468125102988277,0.02351670319299539,0.04301638135521677,0.012907124663306872,0.032884528588946846,0.03026162119147279,-0.007157096737817448,0.03773983405387489,0.03102660711193907,1.0524735270348813
0.0028166506659371643,0.022316149014005467,-0.006577851410691771,0.03535400280939818,0.0014620865911307342,0.018803469132617868,0.014821010396075156,0.010560215797329721,0.021896209235684604,0.035261667536034824,1.04723649319667
0.010516037103003618,0.021243267356063515,0.007164147775282431,0.010059147355366456,0.00840258709503903,0.014741750336427549,0.0001772599814510445,0.015358375814887908,0.013802654479174482,0.013069602179873492,1.028321734856381
-0.004331091597871518,0.03907583818217951,0.013933311187804876,0.03451697493846712,-0.005021664147671178,0.007613412915101536,0.0030398333882837043,0.019948228791257613,0.01956618801867459,0.029427243211718322,1.0433186666871996
-0.004801639398879376,0.02858582515686117,0.04301886868064196,0.026609695438330864,0.032319354927782915,0.020158333967227233,0.00432569911968104,0.02435244211429776,0.02627301183806545,-0.0036045448816210118,1.0413323646546653
0.024615527094670804,0.03951319258265694,0.03164494942789633,0.04250297595791571,0.00013381735353864763,0.03935262266684339,0.01855969708110739,0.0267633731122653,0.042798925148091305,0.029567324229722153,1.0673453432038804
0.014478489250702107,0.008413795530758477,0.016614350810571117,0.022803823099464875,0.008518932127463609,0.02243041862271671,0.0011489304634809839,0.028066402878013947,0.027313736650221607,0.021491794101630612,1.0466937493247455
0.021533463773033456,0.04150455493882327,0.034000538959818825,0.03117368995268991,0.015062600413521447,0.02317514108702506,0.02738881568680003,0.028088228869561867,0.036832685149705315,0.008833993450536865,1.0513945811051484
0.00828727109660737,0.02863036632557955,0.010606944944756565,0.02085712713802803,0.032196364260427816,0.0026066719684679236,-0.012435897254990955,0.013373393344793785,0.01272276008375669,0.0113652432016869,1.0353821170322075
0.02040256813006673,0.017602004961992154,0.018403481939637614,-0.006062003100536433,0.01693805798483847,0.0013093184417519634,0.03545821488865081,0.0055961768984511846,0.009601521809660344,0.022299815839611846,1.0204284633862788
0.007870652445699174,0.028435494392821312,0.037144220033302956,0.024062475729349275,0.017019414519126856,0.02011251337744617,0.019508822617028264,0.01053865993156676,0.01970043248460079,0.015795547954536072,1.039955623574704
0.006200964574096191,0.025494126180081927,0.00913011490666214,0.007679252650827039,0.025844182926390222,0.019529279369175624,0.011770521115260084,0.005746238903653243,0.009310287635532108,0.004841317536190047,1.0254593176577953
0.011574973263968296,0.015884958771307824,0.024776195928219502,0.043543996838554096,0.03707208220135452,0.033777928490924376,0.010349465213300536,0.01760065319723213,0.022580678076295498,0.008399892726265899,1.0575605389555498
0.01916910846588149,0.02848680612560285,0.012576340411594025,0.004093649939628496,0.01269663583178957,-0.013453977354996958,0.00270106443875339,-0.0012029305221491274,0.002777744646622185,0.007547537655247753,1.0097692699187406
0.010232955174416816,0.01596197869765596,0.01053134261094355,0.007923048880699553,0.013350249965221068,0.013547964227194082,-0.0005964043783999798,0.02577533376380919,0.019683295386836025,0.001622272768191919,1.0273560792480494
0.013184236351138743,0.018182716913220577,0.005440171032504066,0.006618944604219423,0.007948272329717742,0.011862185758695366,-0.0014029625976393813,0.027583117097435005,0.005274861996603928,-0.011451414038100221,1.0178276789049723
0.02094262113164482,0.028914817257421958,0.04265831258668165,0.013541132033846269,0.006426297801788314,0.02067464870903559,0.004857974035829496,0.0037553431684803663,0.013268549857046754,0.011491739870279096,1.028758286657208
0.0007989618333554358,0.01423294354514758,0.03544872704340148,0.052601098823735204,0.008871080335278909,0.01511317845078368,0.02640213560516276,0.014713511337216026,0.030976937300259536,0.019564926387857656,1.0516533533969297
0.005493520487087388,0.026615094094332603,0.009480529645881437,0.02501079722636002,0.010929820504721875,0.00872136767322875,-0.002171781957783423,0.0031191569619782797,0.016183255476674735,0.006650979102217824,1.0264897383532985
0.010694170742494857,0.03193992593122802,0.0164082752984299,0.01574249123188068,0.019327220081231212,0.04100385386725815,0.018432127985017352,0.019308189303827817,0.013706745214376958,0.013996324249665383,1.0449714835226642
-0.006719976904575583,0.022619291714550276,0.04668164378259193,0.029466782143003096,0.008986874236029814,0.018189169837264173,0.003966388174666115,0.008834364812798897,0.01958036207172965,0.011918194256831143,1.0352578491059812
0.021231130472097376,0.03753670992158701,0.05926416067885065,0.04078767443637874,0.017856047973308163,0.03501051636946974,0.017827278444941586,0.022140632317076286,0.010903160186228918,0.024845250318972348,1.063024314111487
0.02000007801690764,0.0239662141624052,0.013666209641190006,0.0013489315601916858,-0.007286506088350124,0.011655391541976172,0.015956402052798725,-0.012830225916945603,0.014297762543184444,0.013716865837379917,1.0097561595016504
0.008989707290839314,0.012400218388233065,0.019112503195259246,-0.004631350796269387,0.017797263787981382,0.00491000606651356,0.0027076849928723322,0.02792442798409383,0.004882463261544264,0.017750228770397135,1.0268922011994375
0.017265272641712463,0.014341886558434783,0.021265813758056175,0.004482051250777776,-0.015300830451355406,-0.003119996797558283,6.012081380135821e-06,0.00019586517216460715,0.010201015286825736,0.010273374238592115,1.0065518553273418
0.03246372841391848,-0.0035284765562688496,0.005885252968680303,0.005374181501173993,-0.010300630936598446,0.016182712162640268,0.011482297066431078,0.004594772386924668,0.013461393841740362,0.020547684674151405,1.021048933687272
0.028079663752825165,0.005912001490658774,0.020225514220902966,0.01868679714355186,0.007740987538743223,0.015547531153452811,0.005226338017870598,-0.00041973405935972086,0.006185668174703918,0.014217581710924816,1.0271515973343999
0.016894265518781953,0.040548076982900416,0.011760011619305488,0.03435310103412849,0.01667299050431123,0.02367237679343098,-0.004700911686223887,0.0320514048971053,0.026476358831428792,-0.00516142905303231,1.0461541566582193
0.009855548322175903,-0.0035249590763348788,0.010008759525311987,-0.006599891623302661,0.007354898088090759,0.0037438022964065756,0.012342508761578783,0.0019451440610056526,0.016789597634106306,0.006780373652881696,1.0073042065163325
0.005621391260096466,0.025165881145077867,0.011244640050861596,0.02631000899753513,0.023504799405331935,0.016538113679449247,0.013070313694739275,0.021614521640063528,0.022548864604285568,0.01945744602761663,1.04684695577436
0.025674166616885555,0.031582454097735434,0.013991802336740782,0.03796483004513756,0.0246111817459767,0.007557608419005261,0.012433481215180373,0.013454485356614438,0.032241687799568236,0.041431437412942376,1.061137232883808
0.003664253368491203,0.020076924781978867,0.02063696616239851,0.011691407680899202,0.009714728096883127,0.012550031247396922,-0.004278318175863116,0.02548770539099945,0.015168562023383184,-0.0005581332928147201,1.025920308506838
-0.0009780815465722402,0.0028771676785430446,0.019287866071470053,0.023190051885294688,0.00018072703142866815,0.02143599760811294,-0.006796441806492624,0.00714107897600427,0.027453945404765992,0.0011902813817637765,1.0244052353055424
0.012509996798059482,-0.003295670752265046,0.033242863297105754,0.021438668278062553,0.012366903776441675,0.00680207968228944,0.007059890083086023,0.012663410427087003,0.03863009433439417,0.03112463515666439,1.041780249391457
0.0015100922719283004,0.045294460068884115,0.027482868912237463,0.05056760672694893,0.010063016117862852,0.013933524499254078,-0.004210631912801859,0.02075381285097483,0.012839049707116933,0.01506826185990792,1.0513355528217003
0.014231249245013917,0.022643798823464713,0.003392015616442569,0.036769070300901756,0.013765563147493123,0.016352207856495087,0.003500058518886469,0.009852710958332282,0.007261497989318818,0.02008795990568947,1.0433669132789534
0.007340206955120624,0.03273885823064868,0.03758030416763476,0.03183031009156352,0.025034618765238166,0.02587460133613311,0.017042750051986195,-0.0025654163611196767,0.005381328377332762,0.028332949328947345,1.047159501670328
-0.011612807281412875,0.013541116234982907,0.015467868212642542,0.017298448154016714,0.005782497836458282,0.007440181623472628,0.005402542439002506,0.004748547349987402,0.008077248869143568,-0.00035838022706551585,1.0145080420019892
-0.012429563351903105,-0.003795196524643671,0.022947953507506023,0.0018136399994854915,-0.005424574406679483,0.01842462307889362,0.0022200086701045017,-0.0030886042508718094,0.007126645925223621,0.032508641308519215,1.0188588659454672
0.014361815992714803,0.009021917050339778,0.006029889244885967,0.002875481735848992,0.00602248589266537,0.004611501760449204,0.004428800212829971,0.008391690822639446,0.011501830820402115,0.008603652623452824,1.0156536406903771
0.003204590869722526,0.025432530355450365,0.026700900807326886,0.010617955005336096,0.015398229064816141,0.012459273292379381,-0.006240205969106254,0.012533904656180924,0.014984071291192587,0.0024265565640896984,1.0240831281190002
0.005066834139261672,0.022020338949986402,-0.0032273615631682444,0.012390306510294229,0.01483509620411062,0.0007540683180528914,0.000933533027079856,0.013514448608257741,-0.004657181783955114,-0.00937519335900274,1.012570679157751
0.00495596744878019,0.012426813294119345,0.012337142418054177,0.0003924339124508659,0.024204565726032433,0.0085081301228035,0.0037128925462271913,0.019192339399328847,0.013185294707508394,0.027238698345040883,1.0335891667731032
0.016894766977634347,0.018396722680788097,0.018274552128860613,0.023049663650694243,0.0212131075289669,0.011162938284481734,0.0069032746486812945,0.02353111719662353,0.02176527740004155,-0.00809819510426614,1.0317135837190587
0.0018885787925568623,0.01604792386722511,0.02227514867277014,0.019631853032317233,0.01181717871499582,0.030524805301563224,0.01610263111925446,0.017928110463473743,0.017648767963474157,0.012059290602984305,1.0383053675160696
0.005095787960529924,0.01317326410283189,0.020657364409956698,0.0197298748124196,0.0037983979439678807,0.008159637049767519,-0.0014363296767042621,0.017556862242170616,0.006386113973193052,-0.005381219536547428,1.019749445027956
0.02877752005855088,0.015310740528265518,0.050946901060138904,0.03872542536260612,0.017962897349576644,0.03516659803997974,0.031085643229266453,0.022464139186106888,0.017337443394236162,0.026966501430685567,1.0628239946084732
0.035016173378602494,0.02585939406106131,0.015530515803440465,0.03316186551069287,0.009349435248711273,0.018999731553542922,0.024286954997761404,0.018522057360302643,-0.0048745017321733895,0.013642130976573017,1.0429243581803622
0.00720622219103242,0.01879937854542628,0.016212505897707445,0.04621013554773563,-0.003581290377142915,0.029058173731391107,0.003852934460650201,0.02577040328946207,0.01872050051145427,0.008163481840403265,1.047467629983799
-0.014421562222924508,0.023641749164878004,0.010534489559114887,0.0255263931700426,0.006733548850041979,0.00917355800413865,0.014286709489195776,0.0071364828993614755,0.00991232226424476,0.01366104530002992,1.0270307769210687
0.016218590033948987,0.03012005960239265,0.01949476054340987,0.04571047539022828,0.020067359408259218,0.008069723885846527,0.018657865651593934,0.02377282068398421,0.013489749420975744,0.005892632938296675,1.0472250886841112
0.005588621053162294,0.01400991201396101,0.01563749117312391,0.011278617085470538,0.024928708717650475,0.00502034060588097,0.010227359392409398,0.014619602274523014,-0.008208546620241017,-0.002021006513961988,1.0197610330940352
0.010723403229412145,0.032257033949212435,0.020469765057874147,0.016532829415528735,-0.01380410287724131,0.021764214360099145,0.009972045914722956,0.024059810716509176,0.01935845207101941,0.009470810234707513,1.0303284023265002
0.0054593618338546375,0.018385775906657072,0.03470413952452282,0.011340346864152676,0.034869651511344656,0.015610157727290965,0.012901827248145781,0.017811672799578272,0.011612344504469192,0.01407518996940329,1.038008514123999
-0.0037035872771757627,0.03672626278049602,0.024712095815673116,0.06010676735391926,0.026171723452695556,0.009961858196770514,0.02297518147848892,0.0025573349977900672,0.02688904274360122,0.034127904688783475,1.0612632011467165
0.030394767509508588,0.018467978752599482,0.01720874520544398,0.03661413150574836,-0.0016389887096958065,0.028178451126873994,-0.0017132651744397823,0.007617685341316152,0.002720695240851962,-0.0014241625617088648,1.0328426597036302
0.005971292155091514,0.0007585060822207727,0.015406822576238977,0.023613750419501124,0.0006241721145989528,0.010696753303811469,0.01522524516917555,0.008466177045726882,0.008076721209021892,0.008717702429884025,1.0235651024504966
0.004253292248408567,0.046212930009466024,0.015713708203204536,0.01810069361588427,0.014412484852164205,0.028848531290709994,0.021016656464941157,0.004539039632766273,0.013550689272692035,0.019543499931839684,1.0381546557427703
0.007170336652608789,0.04290901258636302,0.031349607716406935,0.04223505280209351,0.005525838702701303,0.017359574902238738,0.023904699306347678,0.018084428631435258,0.03590387340588472,0.008568966638125878,1.046152229172189
-0.009249506317205709,0.013416141853390151,0.022413103386272504,-0.004846142115977612,0.0020295298126599736,0.011096843747845513,0.0031002027721633314,0.006869683271260821,0.005360950423887166,-0.0016868938731536354,1.0048363776176363
0.010765843558868768,0.040863730174784355,0.030493665992625093,0.024857912112514133,0.028872746666149102,0.013586662279811857,0.008957879291724325,0.0017084803098301252,0.02585685573105383,0.019642177618584743,1.042190178097191
0.00441454231000128,0.009317008111548912,0.035789686452494224,0.024968147240474407,0.021507750011140567,0.0003264041224517525,-0.004531338661599937,0.0241377195516509,0.0031251948611348036,0.01885406512358398,1.0387246918973125
0.026287626873897418,0.023600542163244517,0.038792472371090736,0.03392042501769461,0.0509440281893299,0.04598658215022259,0.010173754215031371,0.04461320335903052,0.03550008895042866,0.017079663315734826,1.0797247404755943
0.0052594871681794836,0.03344208274100261,0.039106239288174915,0.026574342018683812,0.003413979308144634,0.010330616515338724,0.00893314269063578,0.019193128939974845,0.019649776329475534,0.03617509545362352,1.0473644763028465
0.013403997335309078,0.03395200001704158,0.013362779009657445,0.024543237991320237,0.014071601271932802,0.02655494547330218,-0.004056633057458894,0.016774389707790112,0.016859047432870873,0.006524704648054878,1.0395100325079198
0.018910929954073584,0.02425085915737484,0.023718855785154078,0.011654781478345134,0.0037536305256907106,0.014972821193154046,0.024017740805168622,0.011321346965222976,0.015027241542111134,0.012053153338538167,1.0273462307951524
-0.0034547104575107443,0.021615564389277413,0.018097580777530112,0.009587860232688795,0.007985591343268074,0.030202804567250902,0.008466502779546215,0.028839546875936223,0.0034683466044625466,0.023183827883269927,1.0400679221678917
0.023479607771264153,0.029753693560299947,0.029320418316803792,0.03177459013946504,0.03492160602248079,0.022345609610098405,0.013588532086220302,0.007702035173405262,0.017611293172225533,0.0026263005341771667,1.0435760379320989
-0.005668159940108249,0.012846958816029846,0.013798753080110797,0.0016638654096756515,-0.008542488976895479,0.030569137439492675,-0.007184657903478251,0.014441235192408503,0.021580041060569776,0.02416509758051822,1.0279056661338402
0.005062372567952821,0.032037284519538356,0.007979585816314668,0.03185513324298016,0.00371903702019636,0.024962776190877764,-3.4463516005332415e-06,0.012691484096774674,0.019771777601143327,0.025195807058881536,1.045604399386577
0.018729364255347485,0.04627099633051146,0.018546748900926037,0.03662292555609065,0.008504872844730456,0.018089703404385597,-0.0012765944024138477,0.013209326359908258,0.004314076518599302,0.011265425108007982,1.0419122676948622
-0.006232471400303263,0.009845027702557968,0.01324495483967112,0.004498592836570971,0.006596388155640799,0.018839684245790116,0.003277533181738337,0.011124667106639683,0.021366649797467007,0.025218158674055982,1.0288484678220626
0.0017333022369127211,0.009180545869018522,0.02149232409885713,0.03209778811443636,0.01693329713732091,0.04170474940992072,0.004918589629334912,0.009741784025506735,0.04140248674983241,0.003961571201669588,1.0442267589012613
0.00872024177456973,0.035440060657933065,0.04457830957947447,0.01848726279377326,0.02480663536887153,0.017698054281537385,0.006789369297695422,0.017338458934517922,0.026491128831836984,0.01398897500565897,1.0425309697724658
-0.011028599531113781,0.007085422139367234,0.02598299519888262,0.01903797089086104,-0.00877032521353769,0.03140652828615516,0.01651966797533743,0.020207035385232917,0.020885112167107863,0.008591463199802998,1.0297572083689148
0.017196964948937556,0.021996844113417367,-0.008152416543959654,0.01617042785465677,0.018931150659248865,-0.019614311141225155,0.013758924432870226,0.0060082709383877655,0.008360879821605228,0.016832845358778513,1.021530100948859
-0.0053131926528339965,0.018006333742312825,0.023672108438861354,0.02531446965495364,0.004405834057746258,0.011063220181424954,-0.007585356749050493,0.021338581497324854,0.008926760084225428,0.027345461027685772,1.03993830788943
0.0011470601204957402,0.009200813779590311,0.006645553549461933,0.026563305252248485,0.005950371301899748,0.016637094660088683,-0.0035125750384782444,0.0017855604283420435,-0.0037102218614453973,0.0033941887454380266,1.0218214945196
0.017099793699078925,0.030330851331849044,0.027670667592134136,0.026861937163551664,0.014488692814335574,0.04614723134490334,0.006310029405242303,0.03333741387571276,0.02056964251894038,0.006017615777350802,1.0536680935173302
0.023013539814384795,0.0166283653028742,0.028824440558546632,0.016938433226583272,-0.006686550021353261,0.008795415663085344,0.01638017320187441,0.0059300282806044385,-0.005619099389288651,0.019418789266618934,1.0239564176153797
0.019118140492683563,0.00608705956585617,0.0013191886121043817,0.03253697525693091,0.016729886970994354,0.008969093889799643,0.011268458306382984,0.010121877837503306,0.012438961896442549,0.011677135422193051,1.0359377763539062
0.009216161684024575,0.022964440066856235,0.02101016969951381,0.024851478542764618,0.017586192664375538,0.03471960547687221,0.02398287845641167,0.015455704012185273,0.014987585182640366,0.032289773182728194,1.0532658044823497
0.015047093250950362,0.018518139534265978,0.02761528835214213,0.026994008978588495,0.010038070771067855,-0.0036338200581489608,0.016647373320101064,0.01182372940447571,0.02204953061993391,0.01621342976381182,1.0327971423125166
0.01348667207278021,0.019899459363830592,0.0006954308087532904,0.006942512254071737,0.025996492812155526,-0.0004193315831604403,-0.004412432762412183,0.0032474335188031533,0.009840989939199834,0.0027060447208130493,1.0175387786255161
-0.002234352897532644,0.007364677822858672,-0.004423413502246653,0.02803635893343162,-0.012959973255063876,0.010654174272212777,-0.006200534750992856,0.007015483634497508,-0.002695919002347934,0.005540430036197452,1.0173974923335052
0.01306564399535462,0.03570845326905739,0.035367135462124846,0.03528429487323398,0.014280610359499896,0.03892336484317139,0.021822808662978265,0.01996181731132885,0.015092091379818706,0.006868273458513947,1.049886283069767
0.009207038321798637,0.010007458745251163,0.02330647692724814,0.015589449655956333,0.004786216328531243,0.03759111797580844,0.027166522185486965,0.010247600106138042,0.015418932721102327,0.00832149924365867,1.031886528849168
0.0024601921624538654,0.026245541492909176,0.013110867283162448,0.021699264351107948,0.004249359003033178,0.034842668174732264,-0.00847636643853851,0.01587453264042198,-0.014068928968843517,-0.018084252610301346,1.020352581900816
0.0002693185783948504,0.03732548199636893,0.03539584583003501,0.03650395011313811,0.015686200909189322,0.016812623530398477,0.012902050296948893,0.01813552042491565,0.03449866020792078,0.019011470722607175,1.0501849080114247
0.020291063601711335,0.02198593822518946,0.021174870913681133,0.03556952443561243,0.016085800836539387,-6.097586913360667e-05,0.02137634812684735,0.031373350825341165,0.02471581791284224,0.011830292560611168,1.0458993124232485
0.0008407670647849128,0.012033052854825662,0.00031456998099009884,0.006133627771766582,-0.017596715357467495,0.010482924193035007,-0.004826311916163498,0.015129196572811667,0.009784249235081439,0.014856399178243683,1.0158849511596286
0.035732711056034955,0.03323245711368799,0.03326165672311515,0.02753383970442385,0.004096159727511381,0.011914547987371757,0.017468183583470562,0.002042381597672189,0.026054977643466235,0.027283412228623287,1.0417517061870145
-0.002852364892738374,0.023811710070133368,0.018846328718703426,0.018072614795173976,-0.005500059541790673,-0.002770714626387465,0.011141304619858912,0.021237761791785246,0.010002101873858403,0.013517249621216393,1.0234337784723557
0.006285295299211611,0.030737459964438413,0.013623116114940662,0.03577257870592665,0.024418811803401823,0.027781578646607533,0.02261395825439038,0.017938847111055912,0.019827678480141032,0.016256209870903975,1.0520625402776405
0.0230722002791288,0.04548869910995898,0.024669692688565094,0.03379676590490183,0.0027300863947699056,0.021524894593824697,0.0187215312006125,0.030717646196999168,0.027254732212801572,0.02286813051886102,1.0553005262575943
-0.009029180372661146,0.03081400607254486,0.0005648212022734446,0.03297140726033706,-0.0017685066268558723,-0.002484823555043158,0.017194467485989698,0.005328914637112147,0.010423954882843995,0.018613535567381725,1.0269334128601872
0.030823498893491896,0.03286899515946596,0.04186676112669618,0.056296731602577914,0.028980918802981544,0.035505442130443585,0.012296002825785787,0.03086031422401484,0.025836459747604297,0.00934728978534151,1.0715022379605643
0.012648931803760467,0.029822539444734356,0.017906505707153235,0.024342038410373003,0.03689945794236846,0.00611234071618897,0.005396658332991352,0.01598314199413914,0.02141347529714751,0.013658748964075196,1.0431580062473833
0.01737634694847137,0.03742442185365055,0.025889363301166396,0.02194687466381602,0.0023360240412479538,0.034031242956493464,0.016874725734345508,-0.002133276712508885,0.025206012526636366,0.022774850122541847,1.0395147394421362
0.04181169043653803,0.009774682128731872,0.023423105271722554,0.02278999618575516,0.0033102263968573706,0.004432884384808328,0.017979235570801513,0.01421356234120286,0.007199895303938889,0.009405252112831797,1.0296462152813044
0.012204039999302922,0.023893409102995415,0.010794649018499225,0.025735826085648998,-0.009463749055842387,0.017512007926403853,-0.0020714922563723134,0.028397806984958675,0.01946470954407975,0.019820271214771756,1.0404368386696403
0.014083405305117444,0.02739415869304499,0.027089694141542657,0.038690881530637516,0.017820915796463763,0.01574958476797016,-0.0021847024112316826,0.01557854183235586,0.00730944828730578,0.0006223584471212497,1.0393557953174213
0.0007467168805897102,0.027114580012002256,0.03973731915635371,0.03798321410237459,-0.003451054843744014,0.02443624386881286,0.007595423639509983,0.0200972974835342,0.02914172716355492,0.037191578240729835,1.055773912168091
-0.006651753676040411,0.0015678731041019398,0.007904797089246492,0.017243362494592643,0.011089601537199439,0.024227287554987525,0.0034779876733381397,0.030143119419431458,0.008493771529086813,0.00012316821437030005,1.0305901804236466
0.010813996586844166,0.034345288363132914,0.022111402478652863,0.026986446050134887,0.0208037048201629,-0.0037761689495666474,0.018743159717827543,0.019094888972676586,0.005256435568846425,0.012837170477405353,1.0356469854906467
0.015212032041332885,0.013623100194039494,0.025850565157504224,0.013841142366604716,-0.003528123792680249,0.0231387697810188,0.0030411745731499466,0.02224640099288336,0.014848649264744471,-0.000328485448403271,1.0260067233316115
0.02194022496088549,0.026003421088882726,0.025312962320379197,0.02645513061001086,0.015008924056737483,0.039566686596192384,0.008630030651587696,0.010545793454741638,0.0247298564042802,0.027160321965888003,1.053579040036639
0.006683805820488476,0.008277945898677197,0.012229317739046602,-5.5041669844105995e-05,0.012130384562698871,0.006075042089491064,0.011864508698951271,0.012295582976636623,0.028602835203263823,-0.006616633160787955,1.011981737024683
0.0017509518288312455,0.0300878121844811,0.018320185708711387,0.022915792685386842,0.02053410423556792,0.00867665291710747,-0.005555561881906709,0.0039757992407915225,0.01844392465460217,0.027941540339452516,1.03918921611047
0.01976285657285861,0.01063371206056216,0.007626962911426806,0.03461563370192514,0.015485607635961348,0.010239778896000813,0.0213432037512135,0.009093758924403374,0.027051772267537796,0.010243582166829801,1.038054500028916
0.012111054681978149,0.020656551972219207,0.0318017773620823,0.038592704382487124,0.016644002624175914,0.020902643098735157,0.01743840668447162,0.005596553163442732,0.021354091388839907,0.024885705872481567,1.0490600051010932
0.01098008141794635,0.02514727223665,0.02828450653687303,0.023327819599083102,0.0040980933616152765,0.01847531877234516,0.006690277181171987,0.02065227289915595,0.030462155220822358,0.013624144719332355,1.0394068086802704
0.008578897954042763,0.025420802088298767,0.0007739367465902734,0.021763138524836467,0.023467428866047066,0.0036715360204797667,0.0004978660061702549,0.010899193561870503,0.012651779693044589,0.010959916178513492,1.0317415582477958
0.009906742128829223,0.02604745985181643,0.03104216287625411,0.008540185165081133,-0.012277672664499275,0.022015790370415733,-0.004399798869370664,0.01917643765238535,0.017596387032504122,-0.005845085199157161,1.0177908510593054
0.01424277997448813,0.014322626668391963,0.019570601865078342,0.044410818243285625,0.027570443026206835,-0.001343577257626155,0.00233917408995499,0.02051725313522468,0.024784200663880356,0.007547940526374017,1.045573060934204
0.012507647661910135,-0.005655329261037855,0.0035242651583588056,0.014625380375187536,0.01884849998040964,0.024405982945994227,-0.01377010774771453,0.0067423817170033165,0.012312120981770444,-0.006231643665843332,1.0219680851102335
-0.009449114456451054,0.02831295346783327,0.012494807847305108,0.025005252511461042,0.009914339852376986,0.015078610896800307,-0.00015205457878464564,0.019401716238675676,0.029126482260555413,0.00034878017514461054,1.0313166213924263
0.018026942246908272,0.0025273843427261328,0.0015027779665100424,0.002951302734010226,0.012568107223407725,0.0059403498514455635,-0.0013320462150197064,0.01110551835916464,0.020302930372469954,0.020229251308910637,1.0254598748122752
0.012673396538362951,0.0028211243222030537,0.01503042475782842,0.025557517582973435,0.0021368631624408396,0.011811436403680547,0.001554198870736169,0.0012821522333152872,0.012441748829767845,0.008510812835803856,1.0239844993018976
-0.0011338287472854591,0.02985354098198503,0.036768109204061206,0.03140134870519078,0.030126118995357637,0.01487742480197951,0.01797696316331179,0.020171642327266828,0.030747090031673356,0.02544723466908936,1.054162399772857
0.009883251820854196,0.05130538861876111,0.020559597797116688,0.03312436852471258,0.02277255902595702,0.02386068860462703,0.0201876195783054,0.03970289204968949,0.005404981021017979,0.03364048628729291,1.0663311083493971
0.0001339371787582918,0.03619867136895659,0.029289026518763573,0.015403329121653729,0.020719320235754707,0.014781238911964254,0.020904637836854173,0.015648248958738578,0.023100012517418327,-0.0007387632014626781,1.0294139067528907
0.020100010504568434,0.013991513318411912,0.022589024140112116,0.03715220154129355,0.009844148513851892,0.0016077170116673683,0.002425102641087886,0.010872146958617976,0.014795573939786342,-0.0050684563070196725,1.0278737867148813
0.008465835164150155,0.032256519514247343,0.026683650187531053,0.032866594794198484,0.005997292768851776,0.023027546874296728,0.005165668786171824,0.023660898164016737,0.01715129331647384,0.012001422993722278,1.0447184393223152
0.020988486207119354,-0.0020481296613945356,0.019859211937121576,0.033368128452314204,0.0026300247964478893,0.01566604168586328,0.009133460794438053,0.011915664623330352,0.00924255395557174,-0.018628765202155003,1.0203300065875545
0.004760616424092453,0.02900639595866952,0.026750293639185307,0.027254011135525634,0.02650920483824179,0.03208951953390566,0.028181365021262558,0.004625660591042014,0.025764175166829707,0.012932023685972249,1.0441775609737851
0.021051683039498205,0.025131088322989516,0.017171369000276864,0.03225396787864237,0.027827019967684778,0.04565068155815666,0.015345661971912393,0.013598457536014083,0.024174123477126337,0.013510349153671497,1.0559473001818995
0.009421747434288124,0.013878811608754035,0.011233699104478627,0.005193923727534622,-0.001372161739942472,0.030553275360039392,0.006880696756123291,0.025210416430636623,0.014569464161780921,0.0055081543482072915,1.0276758855017532
0.01956464889499175,0.02350245573121883,0.009617404531150661,0.013513654326517497,-0.009681195887184295,0.023717460672614994,0.0013802177860676723,0.026398135941274645,0.03514016376741849,0.009299073849310984,1.0335496805053335
0.016649031241120472,0.023063581603000236,0.00220331803112739,0.01633549226323032,0.013389364026037597,0.016172028209857157,-0.009507449182951133,0.013390949444932295,-0.004342486262038257,0.009398566279771805,1.0292640720946546
-0.00034060379121131964,0.006553867200742708,0.009806388222256273,0.010322002042498592,0.014195172784914133,0.026579190169183795,0.0003733538490099291,0.027722215810413228,-0.00130393664941994,0.023817459047816507,1.0394741501301934
0.003060469174183519,0.03541795915823786,0.02934848305751218,0.036917764309499314,0.016714315484897324,0.025017842353662185,0.02137370448974521,0.0006904628116489973,0.024965189917195815,0.044133186806690726,1.0572048707037265
0.01904090783743445,0.04549851996196752,0.013350481498090967,0.03178272046817283,-0.005081784359902874,0.025557528928057863,0.009795154635492104,0.010089304521133217,0.019055410166497873,0.01709248157379984,1.0409871210255743
0.032494269398543614,0.033110258030180244,0.008378255165306693,0.026378733259026527,0.01790293168204895,0.026309949954752283,-0.002112935056018953,0.015791847942221104,0.02811724595046311,0.014364695478413018,1.04807269264563
-0.006206942147372944,0.004683257764718051,0.024182575985664177,-0.00033812129951239604,0.005641158781613939,-0.01645680554932155,-0.006027451120249265,0.00335467274018769,-0.004939060273309268,0.0048061880573096,0.9999396186578406
0.01164367466315231,0.02128029952174852,0.04327865985968837,0.033289295327442424,0.04398048186064388,0.03151385688710176,0.009409726145549958,0.028557377838742792,0.03674898005789793,0.011115085968158668,1.062402517557084
-0.0007994818668144183,0.039818134383125085,0.01714532059721362,0.033183300242448775,0.0011756473246918248,0.013664771804427244,0.013283239469797233,0.012687213479507523,0.011576046483530524,0.0023551781866890543,1.030264497705389
-0.006552800218735312,0.02222543687931449,0.03425293191187581,0.031502141384254397,0.026840474349696487,0.04546812448143758,0.019995367574650716,0.01739109472558951,0.023607816405579633,0.013311715041167288,1.0535526551658523
0.0171910278123305,0.03357195714771923,0.012326411945231482,0.011531750204629201,0.00909608641404432,0.011049548298384476,0.004852085598460102,0.02231385334207027,0.02192229268917129,0.002038026307802955,1.0282948311350244
0.016616007410467155,0.019361281928754547,0.008849898227242154,0.0059066289086704945,-0.003690542480240108,0.008179924512599678,-0.0035769752255233192,0.0054943332513414135,0.01227923241736602,0.0009198847545292899,1.0118349430282294
0.015010595973753415,0.026279708083962402,0.01783014130546129,0.04115614661045924,0.017813781929000884,0.0035707902736911244,0.01321350971838705,0.024961540707204383,0.01400961716735051,0.01419202369354223,1.0471532061291802
0.023624153781099118,0.03158165737968275,0.01985211673614816,0.012122919368101899,0.007002501647302795,0.013122957453558627,0.003043242442776247,0.00951756409371744,0.032991277231657685,0.018309660476761178,1.0335684385438264
0.006332347571411257,0.006464559090631487,0.029917815115232258,0.009904336104004178,0.0003450257594831089,0.025869938856706305,0.013222807021813127,0.015940307383390785,0.01653042724547684,-0.007169106783036166,1.0191379878514535
0.0006517740603364311,0.01675105527770219,0.03224923029130523,0.02778686165762994,0.019410083912907668,0.030526666905851207,0.009280353207426942,0.009206551520482395,0.011224014785992968,0.015009514130526196,1.0418461306809967
0.01366798794381778,0.03301497855868955,0.04857776809165203,0.02544361012298861,0.006239279181815247,0.04487524834720099,0.011388779788981245,0.0351753015335764,0.04133820875283588,0.021042888633641843,1.0608883975512717
0.006153091166032731,0.008717547049097838,0.023287796477559845,-0.0014158851729905424,0.0032942529422487284,0.018537865422546852,0.006168981124261443,0.020007364350143136,0.017581141125474306,0.0092565970516516,1.0221357702374236
0.02776658056141093,0.014580675335113553,0.010631651625367635,0.039038251665487744,0.012164901228391237,0.03238121018275632,0.014075181061449372,0.032421270637563414,0.021346184292815488,0.029185020006984533,1.0644970126025095
0.007845799936124527,0.009398240881744587,0.0015390752059269795,0.025088335851850812,0.015568303679618159,0.017472518629053177,0.00040282637603037547,0.023428228007408222,0.02732058903388002,0.0004913348572572205,1.0353755729322343
0.018140122682759358,0.03541642231479856,0.039749823386027436,0.0333485051462991,0.019976365889844968,0.008425956583342706,0.015435670845261817,0.009647461506418174,0.015888617428571575,0.02625518581960578,1.0475436030628418
-0.0029581284322950825,0.03298637511465026,0.01676553567727887,0.016653829143624795,-0.011846228781989886,0.015985193511698352,0.016333263627283143,-0.003670158508108595,0.013043377648990974,-0.0050210652742164845,1.0092211419457267
0.017209539723173985,0.028542204408248194,0.018306734351411006,0.008718691488694573,0.004836667629016102,0.0018497985616473082,0.012771442491897513,0.013858321791386977,0.01783338077553552,-0.001007488747719056,1.0175222988722687
0.023711537743195885,0.019533821370189285,0.022705553930794483,0.012144390970509967,0.0023702019115272345,0.009772885782690522,0.004388197036150589,-0.014600965928899364,0.02735712620871568,0.01632109458666977,1.0195208819967871
-0.001994097042528181,0.026480166447786065,0.026034505905470483,0.021174240312219324,0.0035715194595237493,0.02357342511827775,0.019446621379520305,0.028362869541272488,0.03680502853706091,0.0223329043172075,1.0460135603166498
0.00889158004812761,0.010588919198250005,0.011543386702337313,0.024733921877356922,0.010737260175757359,0.005538368619574865,0.012911821163131785,0.01810567614993352,0.014488778348354972,0.008711136008062203,1.0309198114760951
0.014472894811011145,0.03916767820874181,0.028766880681643063,0.016601682812191505,-0.008314422435291454,0.01077544433009479,0.010692749150001476,0.012663247605468338,0.010687845004197073,0.018096775937546578,1.0285764588804995
0.018132147329234946,0.011824476641544316,0.0187922645068991,0.0320537381505541,0.00919131208747739,0.021220606724513556,0.015520467275725206,-0.004413772339941814,0.026482023541009002,0.020893198615585327,1.0385158927298477
-0.001781454921703585,0.010923107973520755,0.010439282223377082,0.023800239512496844,0.010256743698025221,0.014695914581876312,0.013260206776078363,0.0040316568327694825,0.011452241346314592,0.016103146008687362,1.0296343135322235
0.030459141390353543,0.03808139029945646,0.009316184287439022,0.035650725496154244,0.023681913056720467,0.03150828321906315,0.006087475874377062,0.029034637779132663,0.022086870813248744,0.014571464664386226,1.0601024375272459
0.00012338786087203076,0.02318243866731861,0.022857332720390696,0.019793771626040596,0.021267170131258013,0.00730928734855943,-0.0013994980305809205,0.019738821182044244,0.017558580303844915,0.011946305864906604,1.0352766598919874
0.007706643558803676,0.026229807350242065,0.03341212292273272,0.015124445647456672,0.02617656713298779,0.0011440835898033162,0.000127453892390883,0.011928467652714509,0.023276523610741957,-0.006987537872599182,1.022858365237436
0.002334908083615613,0.020444876567541338,0.029101043553753578,0.015392213947492767,0.01732089097027114,-0.005320589677498093,0.010916530179382562,0.020456397774005368,-0.0011512111363126756,0.02705163910451249,1.0336427738154037
0.015767048896776818,-0.00321075667076922,0.018079083476935556,0.013510902351630227,-0.012543444359325244,0.008083950986444984,-0.010603905582921456,0.01654921385287032,0.024911382710307482,-0.0004306558447887132,1.016257126236972
0.007670369425039208,0.02003389778065523,0.01772740594604895,0.005981505844118485,0.006484390323550747,0.017825920246284044,-0.003770078449273789,-0.014729063292277201,0.03264100094178688,0.00997098007066653,1.01601256624606
0.023586605653537394,0.00321151253823399,0.02171807473632096,0.019250168878682763,0.004805011085326542,0.013183893303596692,0.008206557173623952,0.007439606988314747,0.016010656220756595,0.017230943649952424,1.030692153197832
0.01085039447661643,0.055981984315942535,0.030555907453599672,0.05135314547879702,0.028668559354080275,0.05049146596970917,0.004348581265643038,0.02504948274728006,0.04408936572906469,0.020103669147038643,1.0779006018150743
0.01539414349956621,0.020014881465628475,0.015647372004225134,0.038920890723402934,0.006637047701838239,0.009271476134163834,0.00585810201486715,0.03065247643075746,0.007795818602289437,0.022555675009726866,1.0495849809934583
0.03592606703665194,0.043586902706357025,0.04697889568035651,0.05019013023345358,0.030666908206576735,0.03115358352541504,0.013711329727029849,0.02146207556436515,0.028119822866872077,0.016123623593950608,1.0693626120204338
0.012179755996905465,0.03307651224056784,0.03746307207007408,0.04395676995946114,0.020763749128503532,0.015237399493199508,0.0010554862224227846,0.03059722451067867,0.014687585242421511,0.03522796415589903,1.0660040455160738
-0.0039608900975854865,-0.006178615033813922,0.008203856731447235,-0.023680382089936926,0.010276396709471492,-0.0066587453430534,0.0010422248303606418,0.011462990758487323,0.013299945601785618,-0.01112831109787868,0.9902039768675137
-0.004267480731032815,0.028981835630236145,0.0344480448936901,0.040757950795048514,0.016352065882818827,0.03465791651279056,-0.00039112801031309513,0.015353071873339235,0.02370297841874132,0.015205491969941459,1.052539607381099
0.019112070467538586,0.026676812951548275,0.021590790219864528,0.029435209575453702,-0.0006258743397499697,0.032025698052372625,0.007867023671134253,0.02081905961600114,0.015441991998432575,-0.0051015175985939,1.03517899249057
0.012655137073928546,0.038686065630738974,0.02387742307404006,0.022370830351876765,0.004080521489787057,0.019104571878442608,0.009039903015564489,0.021697094566454737,0.028560506324966164,0.012361167256886518,1.0398119234777246
-0.0054476111570906025,0.029749764938052377,0.004673256445465431,0.01552680480515541,0.005544956171760397,0.016292742020961357,0.004764055276637985,-0.0018969567791316568,0.03683927450619126,0.0013556150935493446,1.0196126047023475
0.01521810276598303,0.0017454624763927028,0.012030919904168987,0.026638720024135358,-0.0009733701032528692,0.02595916064323709,0.008208849638349478,-0.001922020974832332,-0.004479379446244849,0.022792122312678194,1.0314858264516642
0.013682415836982454,-0.00945440347014792,0.012864607482895285,0.02242522537905094,0.02603976657441936,0.030574934536067272,0.014669906490574258,0.018069426829387655,0.008474846094288401,0.02194561846330141,1.0465892948517532
0.0039071217957166865,0.035948633906586064,0.0265751178666143,0.03841137827119,0.017762159504282806,0.008766112030596834,-0.0023534819421419956,0.025896700998702674,0.017714290859114083,-0.002043458310059261,1.0404336388885003
0.01472214027427634,0.012381349006820667,0.01329355568976188,0.018358874799860682,0.0011498673669391706,0.013868721636820933,0.007412689800968072,0.027678677084010558,-0.008505239136587534,0.004080833713732216,1.0274530249211287
0.005215449544717402,0.03973368856671053,0.006092479615282507,0.02941948108607051,0.012077023997754387,0.038144641136568,0.005830026315399618,0.025914008030392052,0.02806432530449183,0.02417252230636817,1.0569955202862076
0.004864266167768877,-0.014804584981629343,0.02906984014216349,0.031934986625520766,0.03138196751459661,0.024411737621878666,0.01466216115089439,0.03165227603411161,0.021431447743110062,0.021866611191908695,1.0563378542777597
0.02483047982260856,0.006148290040887662,0.023305900974769082,0.033163410743080886,0.013369403663750069,0.02117168025477586,0.007015468694965889,0.010895214552656985,0.008703478810832704,0.005276007723266165,1.0371801296892031
0.0025900108384976526,0.024364883829502013,0.03035322495336998,0.011890684134392503,0.008588634078605622,0.021168558996677363,0.008729896629407277,0.008078497201340497,0.00878171102018113,0.004473444066603449,1.023643559907929
0.010689626252518888,0.03538274556961247,0.03786564469220539,0.0316905565650562,0.013942322723130077,0.03259542200671607,0.0063446161156948035,0.015513948025789884,0.026025448427652146,0.012642437351339257,1.0484956474449385
-0.01356245547888434,0.00937819808387495,0.010437429017959016,0.02027768328752418,0.0013661285114534797,0.006247379349122917,7.236624144492648e-05,-0.006040849636098149,0.016710901548924992,0.02725017167519174,1.0235443630165795
0.023629277439319064,0.026118240727125392,0.03106503412870073,0.03932239666786277,0.010828970061662408,0.015062058842366334,3.8168831819089186e-05,0.018436535340064356,0.009345654650879455,0.01692321892850441,1.047581923633727
0.008386237358685447,-0.004737281426725443,0.009849471692179883,0.008549012290969105,0.006385636225724777,-0.004275892690141241,0.006240609653246456,-0.0019569509511237725,0.00889913536830811,0.01126950790719963,1.0109692361957077
0.012595766051794641,0.018608742103865806,0.021177778371926567,0.018873056171151786,-0.005953753982412313,0.01626511974792194,0.00844060937181711,0.010309328909031556,0.0003860165964573708,0.022017241679153143,1.0297054930532497
-0.019118765756477807,0.05138776361011898,0.02341573371303856,0.03917445224121499,0.016285690430329,0.046393003938498614,0.014890122011618465,0.01915588838191102,0.010946296499130582,0.036003137786700015,1.0646626517636326
0.02632130723612572,0.01749811200285585,0.015058215065389772,0.010983190200937482,0.014191874214560357,0.011892103297032199,-0.01075659609504161,0.009816780340973826,0.023093905366170668,-0.004733882671667025,1.02203578659315
-9.117132742178687e-05,0.021638523749818356,0.005714420881557325,0.018953817828313183,0.0034416979685825883,0.008200260663093296,0.003757309558819033,0.011792256360856963,0.023238678543958974,0.005162587996408601,1.023594212150753
0.012846378587756693,0.022376524555990637,0.026883595336812924,0.013982924288465974,0.0366665955117845,0.04520915159430161,0.007944001495611024,0.024093557112938875,0.033971025433807485,0.018820550889677407,1.0570042756788414
-0.00016886699566196622,0.03286770042492084,0.021192812613513023,0.019796002599270068,0.008542575707259165,0.02237764338921284,0.022273981294001044,0.01823082610858065,0.029213383260723497,0.020648200089529264,1.041441169637295
0.013688594317319018,0.02595087582496021,0.006462868706926427,0.0242473181726331,0.004225481938784154,0.010561692095014853,-0.008226473108205751,0.017729113310301466,0.017707732690064273,0.008565054667663927,1.0323007726716122
0.007315779215833795,0.011445305691252012,0.03519540037108372,0.037116706862825505,0.000611263294203827,0.0220367525571968,0.00996807898710356,0.019047508747022455,0.026675344488258566,-0.015561653971221046,1.0295027186272179
-0.0007561545696280715,0.029971828335589687,0.005543632221674292,0.007258578270184867,0.019135061509926332,0.00294899609035374,0.02318151674874714,0.0019182696367758753,0.005880069410725995,0.02937202906129276,1.0273223806319627
-0.02503741454167592,0.017125260988803202,0.021226958995985194,0.008466035974746532,0.008471555283933854,0.006284558859568081,0.0070408881451489505,0.006439290196820891,0.026257076502293093,0.0022042997092124855,1.0137841521950717
0.01477552616521553,0.01907369300149901,0.01391623329081191,0.013686275588815511,0.0065655399595639366,0.009768771354324444,0.014254562238171769,0.00953236062135935,0.010526765337333831,0.006844156704503003,1.0227396226591625
0.01343894270318552,0.008903489457747073,0.022671643222694365,0.016909240602019326,0.019506727668407976,0.03917465125677176,0.003450159723762494,0.018540581270738547,0.03237353488707826,0.003258586113858441,1.0407050154738684
0.012872995273520517,0.03237388217935657,0.021517372449087822,0.028030980114481133,-0.0017523915103849676,-0.0032914288326704733,0.01119809580525692,0.011981509521762029,0.00706675641663386,0.003448584731601971,1.022830418849735
-0.003256138270849725,-0.0019288098994502886,0.01835863730133343,0.013203635875728186,0.02552820703750154,0.011967230207005556,0.0031817792043800433,0.012428439645533305,0.02816029568810492,0.011493079438213755,1.0306570118998426
0.0018982136192334442,0.020308529009735073,-0.013806584483744356,0.006914736572602899,-0.0035462806671442216,0.008174867896621994,-0.0014847939689771415,0.021043404806193062,-0.00826613652835831,0.012884122741211618,1.0191582554146896
-0.01152076655912072,0.02934104965178408,0.02702914027240948,0.028951569725094977,0.02074571840694953,0.002870350849140252,0.010639358271289666,0.013070388742557114,0.005182085455959457,0.013615800672443844,1.0338198558543878
0.007233381617251526,0.01062410475185318,0.04164159150506547,0.03223619712715348,0.015153513963976592,0.02215291890461769,0.016537887325841365,0.025549803832285493,0.009633182834960024,0.006076272223524675,1.042415994439915
0.016274767975636987,0.022201225654924616,0.015574559831978045,0.03251094787506618,0.03723373679972722,0.018742718068793743,0.005931770619859153,0.004428375302649407,0.0014000818134542476,0.024529910619485902,1.0489628009824925
-0.0063144888959388405,0.015282182520945656,0.02235428456184255,0.02341363252483086,0.014446255458158188,0.006343822590331441,-0.00044012377596851313,0.016090228745164466,0.021702372081836566,0.02342535716670263,1.0377687037013965
0.017772629460607446,0.015255611092629472,0.03255946095523045,0.02623028163348069,0.010927166628440298,0.013059335868593137,0.022838410378643523,0.0060073805519081005,0.00698218965859881,0.02205741067051383,1.0367277877304417
0.0006751838497675283,0.001048534601543371,0.024683290378933624,0.0067525010218759205,0.008436046898620224,0.007675399018381117,0.013536620963303578,0.026572042008691246,0.03427781595803128,0.0028692903983617204,1.024214077724151
0.020959614206696054,0.013370688553361033,0.01361826505702779,0.01612570872424753,0.01380950394122752,0.006227222459381324,0.005069598514215886,0.012546582108867117,0.006152618966590254,0.00020487574921373639,1.0227694230724385
0.017655423723666085,0.014099591320224827,0.03205546633633251,0.0271687925419376,0.018895845942821878,0.03795274633872255,-0.0005500895363628874,0.026046246820103404,0.036129323831651225,0.014208985808015752,1.0545624652485655
0.011556058907550744,0.041092628432116134,0.020184850044814028,0.05582166493058652,0.033673124474256064,0.02336358901640804,-0.007118867300391976,0.0364767353438599,0.02416635195910549,-0.01570387792232753,1.0569226235820834
0.005539404150815035,0.019229075840016183,0.03412384091340552,0.029559915164563095,0.01209271712500672,0.011424949730111414,0.015620822023868778,0.02735253099989035,0.02502754008305203,0.02068509487371537,1.0467080576740182
0.009259346041081772,0.030890453813688212,0.025421089000747868,0.044781789129232835,0.022126473378436984,0.01872262488078229,0.016190973172592556,0.023562194230227103,0.006772406633195215,0.00926491801882431,1.0508316141819933
0.002211038987196599,0.009053438374709875,0.02512936740036696,0.029654572200180307,0.017463370106126655,0.007976204971593666,0.03316598093206931,0.021492171727264527,0.008414661730530132,0.014017019140860718,1.0382707599217058
-0.003976029465491885,0.01881588179143998,-0.005031378563499483,0.009061873672798332,0.008648697949784805,0.009086075063265637,0.0007577416946962876,0.0029738092830403906,0.005864708323074663,0.0255264146697426,1.0241792594143388
-0.0039861893023134445,0.03005562543023539,0.008865788255201748,-0.0008182762541980217,0.01483959568663503,-0.010135259838584966,0.002408708962665936,0.008929192258517259,0.023132314130895393,-0.003204454779115155,1.007608646658135
0.03142307672739532,0.043701092951513074,0.031192150427225618,0.04667317442416573,0.02882260226504364,0.037106716211716864,-0.00242660555279077,0.012743432639977209,0.01916678840588312,0.024252668910330843,1.0676677222715645
-0.0003919976524775805,0.024258351543299275,0.020835694405683565,0.017444194031563567,-0.005417409555112581,0.023282195412353504,-0.0063041988864583984,0.0296443895450088,0.028931453016025854,0.024867965416247445,1.0425009195109873
0.009788366822742351,0.020378666857514268,0.010830496139952628,0.02463203393732239,-0.006958444067970275,0.01700467009664835,0.016591055420156577,0.018209914729070166,0.03119963558769826,-0.011396180276296202,1.0224096358604433
0.006428889411551371,0.018503863318199622,0.013758295959267053,0.029589682086386685,0.008175776141012708,0.009312648141223292,0.0031866588586121625,0.004068450844168896,-0.009444963621589472,0.022812251713243813,1.032534173252588
0.00832060066918705,0.016617861536577235,0.027405443818717866,0.04182365357047076,0.01690573661903272,0.012356203344897104,0.008254604385052237,0.0297228642682147,0.02136040886379416,0.016569594228604115,1.0524950083448499
0.016021708183953254,0.028273040280198898,0.00978137642182941,0.04639776168906462,0.007837036844637225,0.021523106888696013,0.022501323176472233,0.014998660978473357,0.013882869760834835,0.03263387523708598,1.0569093899241095
0.013819972782498937,0.019765968244573103,0.039664364701806634,0.01632895872609732,0.014059510853877561,0.03792592262023069,-0.005511626850387103,0.00865175559380178,0.030214495237738257,0.019122242674008347,1.0434708856225807
0.002283716931568454,0.014535736610820188,0.00953176988149698,0.029949667631747997,0.02548991548841162,-0.0002578856483786765,-0.006065197580933875,0.002014606159718579,0.026291371444318853,0.011014358981718032,1.0318486357051557
0.015694054544219033,0.024709576643188073,0.02155147535826048,0.01629989479599371,-0.00017098193762114366,-0.019797436147333772,0.005537702706406817,0.016182419077373333,0.025137201337252023,0.03565938665070662,1.0317765667995888
0.021461711652698418,0.0005825455311844925,0.02450790158021395,0.016547250681959915,0.009257913443877079,0.037404491334979785,4.709769863854574e-05,0.03416413031980718,0.014214942567147322,0.016010767197839944,1.047299479346864
0.007663725358071407,0.006974690275210713,0.01941235740774652,0.018273010465007566,0.025861863366733337,0.011788545446016568,0.021648061549310434,0.02645130667138405,0.028342986894063338,0.008859386750903623,1.0389446613701474
0.028658055264677212,0.02209048515525864,0.03368870118608139,0.050056019149984955,0.010461077393653827,0.03488990826972164,0.02477226043396811,0.02375948505445338,0.02897891247789733,0.020225388002179674,1.06437719567847
0.006112602323423276,0.029246561354199528,0.027134692692568907,0.025299778866615916,0.021003637246761513,0.03513862361408463,0.0021998367261614592,0.014413465443024676,0.023087457457023456,0.03370485922998289,1.0563731871757558
0.016531946574756852,0.018943131140789136,0.016684148425405634,0.023921960867676256,0.0016121422113905912,0.028083788033232682,0.017210771065734636,0.02198591085304219,0.013080201535303766,0.006059408929702612,1.036446307700462
-0.0004794805066254222,0.031584318637338876,0.0003234601872793494,0.03362254712220336,-0.00440346565330808,0.015627934316587676,0.01263346359731839,-0.011568692834758358,0.02095726071374837,0.0034584565436799174,1.0206458432851688
0.009002335760961187,0.02362055091560746,0.01636347378604866,0.02486774343041394,0.0401574257043663,0.022088591186710863,0.005369560441313799,-0.0025830236670185414,0.0009579454920299081,0.011071484940931499,1.037523580957631
0.013463149990665484,0.01926789972636723,0.04641965651253311,0.024719862349907154,0.008192785328044844,0.02687217231994315,0.022200249078759435,0.019269823906877502,0.02113114387377157,0.00880052324366311,1.040119918244891
0.027612306926825265,0.051888933362952125,0.03554503130550851,0.028164817905804454,0.018120741499251636,0.00801030661754519,0.0136585694137564,0.03084537371742726,0.0289809586407562,0.008815925205233418,1.0481589191468434
0.023380743897725327,0.031137967207735658,0.026465766111087273,0.029386197952293434,-0.0007929713580363661,0.02340017501780605,-0.002744611268723206,0.012110281146703438,0.024566043759695712,0.008856966664291227,1.0379675974911808
0.008874433654442345,0.021990701275503174,0.010864287165660517,0.02931870826990596,0.012725094476324878,0.0007990427753134157,0.001368584388529508,0.008859624992294781,0.00894836492037734,0.001316679870400135,1.0254275350205426
0.013636154628968583,0.027797112842958962,0.006957614248023627,0.026524413090686063,-0.0009845388027371997,0.013943631140205331,0.006409034075612602,0.02741704870062219,0.027877902936231443,0.03234926164687722,1.049016913195952
0.021147855516517863,0.006760097420605878,0.025538120598451106,0.01279385081772412,0.005752318635454249,0.004048573041734484,0.018028903755444428,0.02072956335514641,0.013492076444620752,0.0047917229963773365,1.0241413527438383
0.007965336390955837,0.020530754594721375,0.019279074293623185,0.008563075382020079,0.006272597654499132,-0.0031101422005922596,-0.0013889392915830204,0.003468149068936815,0.015494228045310206,0.004481164006931089,1.013199176550118
0.01419031787388682,0.005743340367721877,0.019560875566147107,0.008693414049864028,0.030196882508174025,0.006192004639071295,-0.0003127573710602575,0.0061052727102098945,0.01100454618965967,0.010955245492126757,1.0262650008768546
0.013019040197457029,0.013628878551968766,0.009147211990425374,0.030565086684821025,0.007117317915917491,0.0026257546025382373,0.015149597875504442,0.017333985833272808,0.01947780936918144,0.010995125915121848,1.033614601152901
0.02909005768184461,0.024271351658434547,0.0351952622025986,0.04205885173715365,0.022123963216099888,0.02138259211005403,0.008645083480296814,0.000989336964798377,0.02993665217516736,0.02840673514997997,1.0557914591966389
0.010238709085004096,-0.00932046448230089,-0.0035430647796300743,0.021741929906826985,0.004156966289789598,-0.0106243833497929,0.010151077871596192,0.00402469857801462,-0.0036826430970281713,-0.00040111929965268127,1.0090500377598492
0.005776892471318651,0.01525189802920769,0.02152257602690421,0.00973701942323063,0.013208232122772525,0.015715266071003466,0.01014293850466957,0.012894188054268431,0.013599875917134525,0.020031441279401426,1.0315417671668086
0.01075908063543031,0.021377832069709383,0.015284798145536384,0.025003930895692944,0.015838081388198998,0.03504410770946244,0.02761204839357493,0.016335761683155675,0.009660556501882507,0.010692479692449887,1.0422170556431867
0.009134705267577599,0.021479694523976352,0.011458859673598585,0.005764212454867926,0.00874671330755985,0.007705922098076416,0.005851557167792285,-0.0011387771873700133,0.005623711694924999,0.016803939131056694,1.0187612203330796
0.0037052362088144507,0.027779798332792524,0.00902151930828833,0.017627523237108332,0.013167913509912355,0.023676644264087963,-0.0011695973531567396,0.021344574091284298,0.03697924795913267,-0.008758471331398314,1.0302902500780353
-0.003661927479447021,0.01666694638491742,0.030697447157145417,0.029396226502850197,-0.0041193867557268535,0.0068998541063134975,0.011996355217565365,0.024408607192136042,0.021248791524391263,0.011183379582464622,1.0330624622426916
0.0035490159826291577,0.027188559003054377,0.030934406152325206,0.013514480444392992,0.0018353996563418627,-0.000529212795907839,-0.0028789141623868173,0.005355786807333015,0.01347452581892281,0.014343679178959247,1.0204715799116804
0.02091549710898332,0.02687275390631071,0.04699429469698724,0.03401353759102877,0.004097909175400141,0.01793094894135286,0.0050158698003355765,0.01351058382244505,0.0098413212621454,0.017751455316238594,1.0428149858253606
0.01629404797304944,0.005662705924112461,0.012150127736696941,0.02375215835329258,-0.010536945334693237,0.003305853926482121,0.02525959445236644,0.014557452908698615,0.009203865307768837,0.023145952773429394,1.0288004533070956
0.014979521199437816,0.028691447453606602,0.027379046960063266,0.04466363488678672,-0.00359916262320034,0.002836918751326852,0.007304042541105321,0.011517126508841966,0.026456650672621464,0.01261662724985603,1.038345585418806
0.013509205182841214,0.03169006643070722,0.023198397688463587,0.029940787390938077,0.033977320106314,0.020947235182039337,-0.006950172458386291,0.019172386749866765,0.01706646848075191,0.003927084715110532,1.0459905622074097
0.002859391064321798,0.0178311419564872,0.00576275587137815,0.03783434888114409,0.015026057424040565,0.020851000660180936,0.008713581488439499,0.023390716222465954,-0.0009608255256772606,0.007797695071164909,1.0422732919948405
0.00696469276143527,0.022227182440224598,0.022526219945186533,0.033623550755702385,0.022208923653069312,0.016704547997269024,0.008715940661667478,0.03136737590918857,0.003040461268478876,0.01340105996047287,1.0487420797229141
0.007326009792875204,0.02734999456363784,0.021835129431945596,0.014710959594059105,0.023748024009640607,-8.463550530000627e-05,0.03097322621790647,0.009567056395633869,0.02451148212337151,0.0013945714179912153,1.0241427264460004
-0.003409902242501756,0.00726396691473959,-0.004500412639392718,0.027294337193699794,0.014666005638012765,0.010075465360501053,0.002342785534928564,0.023559769930106854,-0.006225125320025785,-0.005605424952613683,1.025381452878408
0.0038459272776691124,0.031051471527748738,0.0324680600518792,0.039642937733098564,0.008543270617617092,-0.0013875007212739432,0.013575453350597615,0.018748346329654865,0.03971873461156762,0.021992173249693932,1.0460796002125066
0.01576502360723467,0.01700117408583717,0.03479287983017534,0.007781042221314819,-0.0013489959997950666,0.02066898183959722,0.013423769920036818,0.03807712965674445,0.012390494337064168,0.02303428427013684,1.040499749207486
-0.000614991012069516,0.00791812624604278,0.014740807242618437,-0.00590472831961392,0.022292325310975088,0.0220284739635776,-0.001898728358914241,0.024115856365888422,0.019995710265562745,0.022287353160109033,1.033742637514304
0.03552776663998461,0.036781348119807995,0.02219662437962114,0.03040358987997899,0.01776438384978301,0.020868511774100963,0.008463593032812296,0.030537000539530366,-8.895188209305863e-05,0.008366951360144675,1.0486514098515198
0.017628635702723564,0.02108679794482556,0.022059958059999,0.019151321601902,0.004596964824613683,0.03176308825745566,0.013669602102402215,0.007933043327684134,0.025022556214576365,0.018848701662072344,1.0388728453136493
-0.0021807313716926497,0.01694757990783882,0.019192213584918565,0.020734537157541085,0.022692577562794237,0.026920877424826045,0.0021550126922363815,0.009232789363498422,0.01734678203042273,0.0017096410202935867,1.0322730154132636
0.011585389075931072,0.012334103553515947,-0.0104425174974804,0.026751591073605127,0.014368741096894316,2.7934545693070884e-05,-0.008557407903992648,-0.008118489073625135,-0.0013289282017225831,0.01422034837938755,1.0219525477778495
0.004465392436484061,0.047151575101321945,0.03717298336497894,0.02747981289234913,0.003320354460761666,0.029909424562320763,0.01926748354421577,0.0322469875971815,0.016215700759608535,0.0075887925896797595,1.0455076867493696
0.0031095857232916043,0.03848200041447417,0.037378204636087466,0.035211207126259546,0.00046459233486763167,0.023014291855620848,0.0057195858387006976,0.01060475389919825,0.02302305474025611,0.015951170751823972,1.0418977127366058
0.0128465344470026,0.012089468022084897,0.013821619383896044,-0.006877421808209499,0.0017982628987468323,0.005743974156470271,-0.007715642740774834,0.0008142952483299586,-0.009323770961791622,0.012128004092425888,1.0070963410396807
-0.010636321742630031,0.008258285797312222,0.009432938197902077,-0.020766373940927056,0.011399440427018627,0.01842437789773549,-0.010690591614479506,-0.018338545411969463,0.024281096323947614,0.008068739002264366,0.9989742755201441
0.003694459873600736,0.022743343711715516,0.018630454778188945,0.026043204306317673,0.010007441812491906,0.014616939235119444,0.012860370659276693,0.007819451227905552,0.02091125007841968,0.007562433125722278,1.0308768421216827
-0.001835039484499609,0.012808080517765849,0.018523374271214695,0.030271840364229155,-0.009224947917786903,0.009791640191609687,0.0009080170361169685,-0.002118540416130729,0.02188464807468302,0.015829826435135683,1.0246274913154634
0.016858836404715714,0.013328173660002376,0.024231383512914827,0.027146878380852633,0.004135650262691164,0.012129938254007933,0.00973949336891763,0.010796371113982415,0.023367982384362537,0.014737755470992847,1.0347710307169866
0.01241676228330649,0.042808697368884784,0.028734506637679683,0.03074799442273153,0.006532703407128608,0.0424765187238313,0.0018840815361576297,0.005736340679864945,0.021032341419759,0.02769519403013721,1.0522550292168644
0.0035126302377261206,0.014474195737295609,0.0030986822069398786,0.027760493960028484,0.022238890318523333,-0.00271843678876303,0.003543171127673767,-0.009351946145318781,0.0017112359831555051,0.00942527261213712,1.02099776268099
0.012264488527236866,0.024994007014089943,0.023694385150863445,0.010907497798300131,0.013779911617184617,0.023768189450288895,0.013937012481340138,0.011804846021794983,0.016723062364048386,0.001690484050302316,1.0274724044240815
-0.0014718852014528553,0.0335108263317349,0.022378683560721563,0.0326006971863579,0.01158275118663021,0.01957762972884421,0.004579870951577956,0.017465915492327948,0.029769394543415963,0.029282354744016855,1.0512983200221682
0.013923945006236267,0.014009854098685465,0.0002994814035152879,0.02713350320792241,-0.004150675360615502,0.014264237671349484,-0.0035983884139880514,0.0021965891372171557,0.023385577953459535,0.0013904525512867996,1.02245476693699
0.029012448618331618,0.03756832373349003,0.031057643926899962,0.026734181306013266,0.028261736866380074,0.02185491637472613,0.015924589730718117,0.024748863610241145,0.02393143650594383,0.016693100350676143,1.0544100341141238
0.0024650596510653495,0.034231678531887605,0.03837041657660899,0.025339412767575627,0.020297010929290985,0.01553183845033357,0.019721810293012176,-0.002092907818459158,0.020780032314229122,0.01515530343421121,1.0349380637656862
-0.0009817585971694312,-0.0018509874507211081,-0.0034394720320688483,0.009172897679993982,0.004593572904050877,0.000822488987810001,0.0030908251376294896,0.017724002221956046,0.017519373572917763,0.006926892301305797,1.0174906454961492
0.008799455683604917,0.04544713849607861,0.03719109971955281,0.04648749766967212,0.016683116747043206,0.02558615178339535,0.020872554216338574,0.027250797691684783,0.027628779489209908,0.009360950924938473,1.0573809547010677
0.023864171316940616,0.052587023712437356,0.03534795980494697,0.030927616407021696,0.00771313407977107,0.03034949383682637,0.027614519932943678,-0.0012894706142254873,0.023561255591116635,0.010977506660921316,1.0406932844702639
0.012344819215340138,0.028907912347961723,0.05275886990277401,0.021469795667474065,0.02981252836523715,0.027158252855392372,0.01979576854368313,0.03750687229541648,0.023931632567060296,0.02652974528497282,1.0616442273104199
0.025163422872715998,0.01732329743381811,0.015922677984311587,0.029951594172874282,0.02795640637616005,0.017775388799618673,0.0034669148613919454,0.002301896988884323,0.003051577006126573,0.025230468446995433,1.0452056501581422
0.01017689465681184,0.04401129525971202,0.012394960506316569,0.03269926034796984,0.032332650984142376,0.02330400104934429,0.00465911759127142,0.018369252658980297,0.029448474238106807,0.0024568996190230345,1.0480111751638992
0.014630422196156307,0.026346439067031477,0.021427337017805716,0.016884053986042247,0.01736084326573531,0.01346287747894926,0.017158699032487738,-0.0011795171722189437,0.016114655113546494,0.005562972068533011,1.025180064225111
0.01787586319876958,0.02809347738740554,0.020050027021337846,0.04381077938844963,0.013020955666544827,0.014561106492199171,0.025141586093816216,0.028882156728098594,0.0072282551883245255,0.032368349145733215,1.0600456148855542
0.014700954788575495,0.0200322963834538,0.009335061026982016,0.016282152254920915,-0.0030468107835470533,0.0032923141394039573,0.011433059399706739,-0.009302963227786148,0.01627886824242371,0.004477505088867233,1.0114200474707475
-0.00011894099700456365,0.032390941024345546,0.029786140580342693,0.03738011367082865,0.011586429020659364,0.04455240358818674,0.00015371485686791787,0.03044077267567312,0.025638702319456582,0.028054125741769714,1.0653169571268595
0.02570103506184309,0.05189582706521675,0.03019796869271652,0.03081260727199198,0.01818582441272618,0.03484129483568016,0.015807098007081095,0.029884852648595236,0.03617258447311644,0.004766305981484196,1.0556749745564549
0.03266024095908147,0.03454569458417667,0.05100832371320256,0.04351253070530763,0.021353079949825427,0.037537391892444136,0.00992631059726489,0.035109232676598205,0.0231868436148063,0.013691610144981589,1.0681112754699085
0.01604489568314577,0.03521352636410806,0.029150233506734395,0.023392179011507235,0.0242192912014636,0.022857944068216566,0.014494262841313187,0.026005920397743968,0.019679192866767985,0.022339996994309753,1.0529173469509232
0.014616604569835972,0.039850002939694595,0.02586215065915027,0.0211666413217393,0.012404138851147623,0.03312977340580628,0.02544841176678992,0.01387776501280796,0.02753803046747709,0.012602180548792787,1.0431794890232977
0.002799601761806659,0.01663931622708332,0.0236675185851851,0.02647345639388806,-0.0005818555900077259,0.0076649134553703185,0.01601943040134842,0.02001242030377446,0.005390489229936399,0.015273560876606737,1.0319036691929404
0.02889745297360653,0.026309678650920796,0.009496476517084039,0.01113858249602172,0.022627951808161448,-0.01071860864604973,0.027187371185281917,0.013976573747446767,0.008666495371038743,0.007357111462577432,1.0237409798189157
-0.0027026954017661774,0.027997739113349893,0.025974437143659643,-0.002371370454312592,0.036058168192610644,0.02403337076771212,0.008239799357988872,0.014842250010852534,0.01191997151171241,0.00020608465622585885,1.0265598904360256
0.003244129145384727,0.022654987028176848,0.03521840415661094,0.01938453977903288,0.014061617300405022,0.013287370069745147,0.008760546011681816,0.02084370139798659,0.022035866925131726,-0.006164541716835264,1.0277431547304468
0.010761937995319978,0.012588713270500474,0.015759578023898033,0.004549600090056519,0.01588163872884967,0.00813568157443897,0.0066704446763848815,0.017915628537910042,-0.009870081588904985,0.007250724013628005,1.0210088862282658
0.0037038954845809258,0.007052061330764883,-0.00019728081738368264,0.01975338143199067,0.008906529548497218,0.002249264049851752,0.0244338408489121,0.008821048729546904,0.02312714804985623,0.013200390246241856,1.0253307757435934
-0.0032516489247111126,0.03964159743563967,0.01838944990959506,0.047092156978363935,0.02285686353634642,0.018105194287920394,0.02200792362298642,0.01782556580195016,0.02343966937804296,0.023193389357989314,1.057192032967163
0.026832268389557525,0.009170477479877932,-0.001115362106381624,0.019017297132770766,0.01881913431654881,0.01331131101147309,-0.0004452969100721075,0.008175922158835794,0.025204659367547483,-0.005188975638702327,1.0256761069902995
0.011272163897275084,0.022333298325806536,0.022780370158333875,0.033651073174813244,-0.005722902772670029,0.014503114107038046,0.01765092251209461,0.026378524800184266,0.030670637424672725,0.03735361641616178,1.0530103618638391
0.012491512870899097,0.026721729931936444,0.03310988514716921,0.01992535078001203,0.024164244046784317,0.01992746072711712,0.03329582627487408,0.0342169828804637,0.02293712372172719,0.021574485440051295,1.0524396833928114
-0.00605263371204616,0.008005097225034155,0.01173206267647414,0.015230958060176086,0.0024644636976902147,0.007722771882370359,-0.002053533575613933,0.01763834071208499,0.0076598893872920105,0.019121982060674256,1.0270101678211678
0.010100278612000083,0.02393713548253145,0.022399425096858907,0.047551545850677175,0.02180429041251424,0.021223987140552722,0.008747960052861405,0.01622046904319369,-0.007697496487330778,-0.0017712865492438574,1.0425598208459008
0.005808452021412865,0.024631757469308277,0.030310428044392566,0.020833939827429128,-0.01055729826817187,0.021044704780606938,0.006892858592759593,0.001590474510032987,0.02994399751411314,0.010178078840294622,1.0251693834412645
0.02494724455279438,0.05519224341910862,0.036302087969901274,0.02588258164932339,0.005365297304542315,0.021916587661243794,-0.0014339493171015173,0.035222142992809805,0.03232668789635937,0.011612952438545612,1.0511296250597975
0.009539069908920068,0.02207405229166961,0.025805935656542656,0.05067422444374006,0.006793417431762849,0.010068124116725545,0.014511061942541904,0.018797688828838463,0.029295974233976552,0.02021857588394073,1.0517748580442918
0.00802546418461828,0.011439454975081814,0.037104254113547105,0.006672602468664961,0.005806355266754387,0.0072086617704969925,0.0128194500546586,0.011153440972938744,0.00898382052438337,0.011317562511464657,1.0204752398940635
0.019639750610088776,0.017402215687659643,0.013161565956728148,0.014509096345238465,0.007305962109159449,0.008130910288146751,0.009041558420725584,0.010017382392597037,0.011531729588241082,0.030879042481116,1.0350289462719628
0.003009567149311574,0.019230644065285834,0.02320480185803457,0.015342155302308792,0.027691451758953184,0.005469456252095686,0.00879601611541366,0.012106967810463484,0.015306502250519546,0.006191135559342432,1.0285999367587801
0.002764354277102165,0.029889936684623468,0.020881382281725695,0.011797014401901233,0.009704552672915218,0.005950772446852524,0.009629548012764645,0.011262505337432874,0.0035986946310930037,0.00897273860979905,1.022187906224815
0.006241483769762723,0.016238340335048795,-0.0020617341787467543,0.025286172750019188,-0.005710387017441608,0.009571044689424582,0.015402725874215201,0.02176686929858566,-0.008344119605088279,0.01766276795934469,1.0302085352397197
0.01979201863941188,0.011349663218284647,0.030710906306067213,0.03785825844781511,0.013358441214143138,0.018323776988727038,0.012144497278171002,0.0200615224881661,0.019602880592751427,0.031582975700807134,1.0557022922666712
0.0273070821415643,0.038431838372760714,0.01463277711213915,0.02190753595612997,0.01797637930044034,0.013159939703380426,0.01313386176765628,0.017816780587967988,0.007195579330563848,0.014029006123736842,1.04005353407274
0.0013512450015709457,0.038960441669551135,0.037507507807385404,0.030853669016416483,0.01645410543200693,0.012901472936417684,0.021460129562281882,0.0027602256282561796,0.020570211942921537,0.02376848634493116,1.0416227699211424
0.009638822868216068,0.03377395873471835,0.02780665184868956,0.04834285559850199,0.03902171125453588,0.037885007443175106,0.0001411956714022361,0.04513540149901735,0.03670962360758566,0.018109612709294686,1.0797229876809138
0.020580242533279794,0.021196065013322333,0.0334047666477146,0.03498766264276164,0.023095930005433956,0.020860611337163652,0.0057681195325485785,0.019583099258250285,0.01806400322897208,0.003912130872030628,1.0455333984992072
0.017640743348844745,-0.011094978294162016,0.029080584814882824,0.008762120825502696,0.016976511000401585,0.0014194694019534111,0.013684960543994264,0.0353189102658533,0.01470697063975192,-0.011653493087960326,1.021094402826643
0.021693178384160655,0.030461449250386706,0.012010267774510643,0.009891260776834346,0.002150998781886731,0.012841605934916182,0.0024392762597606745,-0.006799436606677723,0.005014129955308412,-0.001198157904851515,1.0117028650317992
0.020575663299401286,0.017359768743832528,0.029478441880669726,0.029696108939877574,0.018033248461605852,0.012628549466260956,0.006552981482952843,0.027317166686414998,0.011394077235521653,0.01902819653671311,1.0480681909716172
0.029181412464642658,0.016364153586590845,0.015577978658961818,0.01285409994711881,0.00786328152647888,0.020953740482701835,-0.0018807934562387356,0.011561180564258231,-0.000829179563738007,0.004415272802416558,1.02615840401958
0.02432162654759174,0.04529704430434582,0.025473309155162376,0.03399699477455692,0.006150013248227262,0.0027739955844658763,0.010300884115339899,0.006024293932199462,0.026964781816233067,0.02446901082634362,1.0422212114197527
0.01398206921061778,0.06216681289915488,0.008774666057985298,0.026866133119961253,0.017221831516302834,0.022013034311781584,-0.0017982558477486425,0.0032855791977043237,0.00815615168381038,0.024999914945425958,1.0447724781838252
0.012905667247610773,0.02933821296241317,0.029476670469317606,0.019822358198703323,0.00677673997515369,0.005976543760069753,0.011010193830633213,0.01598550638877699,0.011859751142526652,0.016115589146649373,1.0325574756468268
-0.006152644855429237,0.020712489701753538,0.02914766755867088,0.02217338164962081,0.025248359761680064,0.010014779821316273,0.013721100305998876,0.0036623103779861253,0.0128260265051399,0.019346301503727997,1.0342553822041478
0.013499258011208715,0.04521998888670674,0.011320638541068717,0.042771051521278164,0.03333511674311851,0.029287460334303152,0.014485889666204727,0.03616672422203637,0.01565263581587569,0.025141514937762295,1.0710082200548814
0.014587515949878371,0.009372694421079202,0.002808940859439203,0.01780183788012548,0.016974357700944857,0.03231220450406598,0.01904445411537932,0.01034038235533117,0.04717005284646083,0.027985557204792212,1.047994451209391
0.002315848214550803,0.01713572406822192,0.028330832627852125,0.02223733989879583,0.020787970402218046,-0.007187379189865653,-0.007264360810208546,0.0027471775815622176,0.0023259504415053716,0.01660529117919337,1.0257910733242643
0.0052508464156287345,0.024497467213308,0.019633105111665886,0.03994326364549438,0.01720155053182098,0.0264055021112541,0.018429157602775192,0.017275355381312262,-0.002533001058833386,0.014395623789623304,1.0472913705954188
0.01738750579345349,0.018549963758701,0.008911230112393836,0.03824035672123856,-0.0013043318058642483,0.01817315174785253,-0.005004156186794796,0.004304737912566458,-0.006379104737627419,0.019663903301276577,1.0365627927666416
-0.009271266839658895,0.019135759722135326,0.0155218118114723,0.03398654847099031,0.0036081896589058387,0.02161785660506301,0.0008844145926673258,0.007369588917261029,0.010883228835202685,0.00562222209158913,1.0306898562830464
0.009427474549639119,0.023055022990234895,0.03308993082348069,0.03864193767419645,0.016458844964063107,0.013962985509728267,0.036798638338381595,0.01770982589663324,0.0228712164326598,0.007645777844261595,1.043239439174694
0.017050065366849578,0.012158646565108653,0.023267765812271364,0.028877570423859217,-0.0034894549786456362,0.02651609209222054,-0.0024903082761620794,0.019224836415356272,0.03079576253014525,0.005440091403679089,1.0374100316361485
0.016089554048812644,0.029347475904095567,0.04375833375021477,0.04115449692269699,0.010866248492213454,0.03461813818867937,0.016460812386068946,0.016770878970170475,0.04233269863888041,0.01336560502225586,1.055487070713894
0.021317575086792766,0.003341963255733835,0.019611680791011884,0.0068242651911883875,-0.00023907282482042713,-0.02051802724539365,-0.00023473857125285574,0.004586517702700327,0.008471699930979801,0.012279276162610193,1.0087616770197119
-0.0017523809680901926,0.014905742247918808,0.011421272085936893,0.014280175284135773,0.009571463163568664,0.009981137810102745,0.013614331220032909,0.02010340799281549,0.011974366680385262,0.009548713337771695,1.0271125802191128
0.003180806201354318,0.04661320719770053,0.011315094821587615,0.028312564616926196,0.028114988466327696,0.02649562840934458,0.012042126659085918,0.024737535253773528,0.042990036412175386,0.0006351198371397984,1.0481690725696968
-0.015162545618519926,0.021539128612180665,0.022554484941670238,0.017871760247928723,0.028414544257188253,0.006489937095257954,0.023312285674141363,0.020596096335985508,0.0061931485664548785,-0.006566570265087161,1.0242451748364274
-0.007067757328493727,0.028057035094029095,0.00912722292609013,0.02338286199683643,0.011403770138171395,0.010475457223842823,-0.0169259463454175,0.009874657674397656,0.002794295604530081,0.005428971543400095,1.0256381006023698
0.009188613581547997,0.030320532586103836,0.01261717839612987,0.01671022666650085,0.007230848540780323,0.0086105399606218,0.02435998574299933,0.02289270945939419,0.003993757193463787,0.023084828556456983,1.0360696903423607
0.009380148232493512,0.027941091313219205,0.019936740845498124,0.01994322376561857,0.025619079458267545,0.023503535708640912,0.028077056580218265,0.03024480905667717,0.027747815995686563,0.02079399442447814,1.052006459990896
0.00992085306881872,0.019240273342588873,-0.0004814658901145675,0.013973830613819163,0.016115492778144957,-0.009343504732504757,0.00276467802157078,0.009778506835397702,0.004787059883776243,0.023686573435084426,1.026397659929102
0.005307989291531729,0.026213110389923862,0.017120260376709055,0.041611723051084085,0.016789548636284277,0.0006653734249689562,0.011985117487188758,0.0106328315746743,0.01067653375619123,0.02087102372470731,1.0423134738265947
0.005873783701431928,0.028238816455292047,0.027005057233698705,-0.002803704546852328,0.018206268775909844,-0.006850194538452441,0.0013678955452529114,-0.0002425544150434899,0.007894589931983588,0.0060217643433929545,1.0093847967003478
0.0019139550407623537,0.03533139884732756,0.010015583912926626,0.023803760802798946,0.0092931774682469,0.024862130125373135,0.027620609999772422,0.036912399920484465,0.01424224526061298,0.01069318542336298,1.0449303383741864
0.01077308335701772,0.02314567583229011,0.023401685168548875,0.03617355873244771,0.02159795662608683,0.0007394938635771169,0.004315739795409029,0.015542465465590235,0.01161925860181525,-0.003120600586735099,1.0325663417285276
-0.0001091482607896467,0.03947663221938592,0.027533022714475053,0.026648826732009624,0.00508477183401438,0.02304670961725358,0.002847407947873899,0.014662614027015877,0.01984603245093529,0.025918643660089058,1.0447093724822187
0.005250704741148488,0.02617390900205531,0.013953386495861428,0.006456069027131544,0.020426491381343656,0.005306275268643144,0.026037297828225173,0.013271933106620358,0.005728954718003939,-0.007467498134254302,1.0155368434192158
-0.003919689261688912,0.044217130528613376,0.015131570657326843,0.013961573053327486,0.018890022277829273,0.0035006930853269374,-0.00763547872416624,0.008379022800521784,0.012722636624820698,0.02286286544962992,1.0320103442407564
0.019966279184347457,0.015292500440586491,0.003907905547253503,0.04050195064254038,0.0024606176603196575,0.009678286135575241,0.006366081729734736,-0.0013074899948350236,0.008103328892827864,0.00798629162485274,1.029888466810877
0.017784839694567053,0.008692777261725867,0.0032898331942834112,0.003361246395397411,0.006835407403353679,0.01446644471062038,0.004914672132539271,0.013860738768337221,0.008498096309108107,-0.006411971961608795,1.0140077331681865
0.01859357637863351,0.026465894310631906,0.023429223800012944,0.05625407006291425,0.034632352345761924,0.029932471961712937,0.010116093268000335,0.026954334197367247,0.044796141470407655,0.023644024851633604,1.076473306975384
0.009636926659160615,0.03118971524798895,0.007393226036837716,0.02118976019337837,0.006978504466291657,0.005653836178341908,0.005906608575224247,0.025131396348475346,0.007623889514365598,0.00036424353603441845,1.0277834295657344
0.002818879452489806,0.01244225320237931,0.012206186331141223,0.0021807933466442934,0.003660318456390842,0.01531515091622657,-0.003307159926155009,0.024566728395304997,0.025848915874612993,-0.019867920872861187,1.0114305687742853
-0.0017391614362078974,0.005892579000323294,0.015346884738484516,0.015145896934366227,0.012657649659998457,0.011671440544862915,0.018940093046175555,0.022677216184764495,0.0162773678433517,0.006167493917253412,1.0281818654253068
0.0032654125610942983,0.004536562403047631,-0.004818828932550662,0.018935181574097234,0.008324364970354086,0.01701237326904011,-0.015776428215956075,0.006256865651299134,0.006794900326378354,0.002588050144833348,1.021395163413771
0.006301782869990601,0.030054596770083486,0.038206379896650884,0.051416729115679335,0.03955020248009179,0.03884870044965778,0.01223633952222723,0.045939301092929874,0.032241925578417235,0.01652515915885097,1.080111089982514
0.01147919182106177,0.03132765710630311,0.01948822057265896,0.03495440653285105,0.012547352798054339,0.03183679020618064,0.005621180480438171,0.02276468209370235,0.008988871266586833,0.010785787080840402,1.048445714940984
0.02680116349234477,0.028408701476341145,0.04499780564806392,0.034490213741470814,0.014159281667199267,0.03808199269167512,0.0019500843266599226,0.010638374666589984,0.024096165033621594,0.019128554111023155,1.0541246928508388
-0.004691414661267657,0.007549581311734202,0.018018775227113065,0.02906964684990302,-0.011427299422724715,-0.0031135918922550743,0.004470574120838888,0.02533911337908326,0.021548164551907414,0.007021774528168563,1.0249990133508395
0.017458672206031433,0.010770622818400376,0.009030683416569981,0.0257299319349235,0.0058217990578603405,0.0039769427023663845,-0.006419323791828011,0.017805722012094075,0.012903167569204496,0.002013775586670579,1.0271324606953287
0.0019897808513759654,0.022889491334046518,-0.0006357896482035753,0.010849792827486486,0.02952025857330407,0.008994584193363008,-0.0187903577360942,-0.008995244154412224,0.03110894389298205,0.008019019426259945,1.0225312221764233
0.011012455429485517,0.028564384737462756,0.002824589341091777,0.0063305374790377095,0.009312543204513229,0.0029357820825437206,-0.0068658504620597366,0.02078320574748165,-0.010383453083760047,-0.00940069272885564,1.0124403971591291
0.014720332387494352,0.018111676059054876,0.020731166471722132,0.004652180127239131,0.011306820516261348,-0.0017305892664326843,0.005191932561820624,0.001967978601238947,0.026137269070087066,0.01760199289249031,1.0208098332074726
0.005454931920912272,0.02357656903376864,0.0005077830166959913,0.014123450047979555,-0.00023492390979372836,0.022189951349399606,0.01115179625837159,0.00405332686734667,0.020203113255753184,0.016788762015005003,1.027337077112566
0.014998267597688322,0.024393868200879756,0.04587790677139862,0.0330807358400963,0.01446383310375384,0.01980419646596778,0.012179615005744281,0.01657616759022908,0.02391838279738235,0.02516347454732951,1.051345361856765
0.013199961580335451,0.01373100438612505,0.010051687165189636,0.01884346324540663,0.01996489256780363,0.02557187388344744,-0.0008441644354302792,0.02304088454791827,0.02460663980641636,0.008665670139969174,1.0409560750250029
0.015915805228624152,0.013548322344638774,0.027744679347477964,0.0031395967660164253,0.009119571452403684,0.0072511699000929845,0.0017779440499698174,-0.0046043912549808014,0.01580812639271563,0.004110122287188288,1.0121261184886239
0.005154446893961725,0.029168612464247082,0.02974388585844199,0.007921172742207414,0.017493599245448882,0.022287372449563195,0.0032063309895176886,0.027473617657497756,0.011779211037567548,0.009808865351471598,1.0358190943799879
0.012997045919241394,0.022344353031662822,0.012664812516482297,0.00028638548482174883,0.031432100283157544,0.01745598525414468,0.004887574074363523,0.010800643509770886,0.007547817195093677,0.009035806097141857,1.0275793198281684
0.010489675866255556,0.035946204642740974,0.02787220292792678,0.01878551883949721,-0.004300514420803592,0.009835844412292868,0.0101209188964206,0.01660298324342414,0.005929173786979585,0.0285874056338103,1.0356528672459635
0.0027694276612768654,0.015819501964858318,0.012631715319896753,0.016742092816843374,0.0154406828615086,0.03113168684097747,-0.011564925519753414,0.0011683904102525369,0.006866479707823794,0.003918345966665631,1.0267872933125655
0.023376264345218466,0.019288201049375828,0.02561462560552142,0.04245182867588428,0.00506237106080362,0.012311243747061013,0.011885790845425518,0.012254851768872907,0.018497997759075586,0.024597892560094148,1.0479665831384872
0.019342750042299746,0.03696837498976567,0.03634782203767035,0.02945916215514401,0.0251337038713633,0.04900229371781856,0.005688848005135938,0.023920871993725855,0.02407695159172882,0.016797885127746673,1.0618244521554205
0.012146324096436116,0.022620428320597935,0.03749103208120072,0.037813750820760994,0.032902011575942275,0.029020502053715244,0.014053497509154073,0.012541600823536142,0.02532312283311923,0.015191230116020714,1.0548413840736912
0.011109746668323803,0.015919674662083983,0.022975868005323467,0.008756343806699794,0.0011076468542950057,0.03443044949264014,0.012570246010935667,0.009629017661858254,0.00946921808978904,-0.003110873830583836,1.0212094714819369
0.013787365434708676,0.02595517721796052,0.022212472983428905,0.039565666030749305,0.0032177044875024274,0.037346308382598496,0.01525736022408822,0.020526785898281115,-0.0005694691631621396,0.010655177664142671,1.0472735302906104
0.008736640126568045,0.023657446828927856,0.002880808522013261,0.050103894416402554,0.018790412198155783,0.02545531214877027,-0.013693710092445289,0.023811202061205586,0.03027457829133546,0.01407903632413682,1.0584558573140501
0.01984472244405603,0.02433295802806448,0.010455306411145095,0.04259060858945012,0.01349301775195179,0.0011711442366929246,0.027561387687688142,-0.001978715899262677,0.019127013863935387,0.023543380861561596,1.0405673056794393
-0.0030366420066698947,0.04250836731979852,0.025725862873951656,0.02749144882213181,0.006064036988392469,0.025832837014444734,0.011438690044777506,0.016722444692455995,0.05811627738787683,0.01950815774094261,1.0481936597495527
0.016903811391229515,-6.176571372563944e-06,0.006401138734018529,0.031840237582159106,0.0023216402851559672,0.019309142327470434,-0.0028036699236038305,0.010285714286861343,0.020250126961803783,0.021918180563059435,1.0399585871413746
0.015246868155151293,0.019834705273063493,0.03962950610471744,0.03000538964143374,0.014247025676929002,0.030237283232771847,0.01450907906261332,0.013018436957466519,0.025978876075174358,0.016748236283619468,1.0473978988236337
0.0006579141950031585,0.017013034547475415,-0.0068475830964252055,0.0015730468625645335,-0.00851136037222871,0.021304455259928384,0.012597434805226609,0.006920824233949251,0.013692391131599403,0.0032675067286504576,1.0115318902682962
-0.008285749161619676,0.009182036601217691,0.031354652202146394,0.01576559575179061,0.019695675308000742,0.002079314487730596,0.01293930322426189,0.01252696089274418,0.024450262683997935,0.012272160488346904,1.0276352069350019
0.0064958970661448895,0.03872349097384341,0.020521339001780547,0.02346348026670172,0.007295389617280292,0.01917954308067217,0.025183815629669593,0.032737291579733596,0.014512920485110575,0.005893070764246849,1.03977435293421
0.008751775375131068,0.03276540256932461,0.025715055020746586,0.01859696412298811,0.02204431437982617,0.037636227307538635,0.008772125414281032,0.036590484481208704,0.008496696595489957,0.01917367730478358,1.0547364874296095
0.007796825039375722,0.02260031710498207,0.030517034152643226,0.018933440738713662,0.013588461805603231,0.015763136380852895,-0.004369310690194526,0.03104961650156971,0.030448941645698217,-0.004305995241663573,1.0344574701734826
0.013466079391064473,0.05264123658859986,0.034896197225025266,0.029905588421046368,-4.146897835816121e-06,0.010691132455604773,0.029185339520383408,0.01286368485841712,0.02521000792689289,0.02283066056045775,1.0419677490254953
0.008409724155358149,0.046483261981740964,0.010934574526373083,0.04480661943680316,0.013881731954655181,0.003154453172520182,0.012529568139901371,-0.002113404103199606,0.017197804051737785,0.02423079514098921,1.0428762959174658
-0.004881110400101721,0.04232280073174288,0.009990183190591029,0.03365439086145187,0.018115432067297994,0.007392232476597675,0.0036509077815557824,-0.007142057561521009,0.016808661452237455,-0.0028473074189707785,1.0236940423038818
0.006218701075086736,0.01808469191676182,0.010955533151964464,0.02001408092822163,0.004144688948337329,0.0023422435215980416,0.0034056275181101334,0.007158805921469913,0.028494655647380795,0.00011625875385289433,1.0195871892582564
0.033892060215902,0.019698793123717452,0.034675077177778416,0.03730216533893864,0.009976850989063825,0.03270696623696996,-0.0028669875722319316,0.007974517030164835,0.01785185000427463,0.04218236025380111,1.061630320259766
0.009690688539662741,0.04472005339678378,0.04500387116968401,0.03587331858225451,0.006847445104283378,0.02446452209530702,0.019647941991245466,0.030415048667751805,0.027769946086756925,0.02403695057606189,1.057835043714202
0.005461415980009591,0.017697817489819443,0.020197534272061463,0.01738615229244815,0.004242071698578686,0.01574769738352997,-0.009268096535464499,0.007822062407802574,0.022332324158136196,0.0028653978797921085,1.0236462284409584
0.002145012437080249,0.006393362861507039,0.0030381992254889315,-0.0006256489569563591,0.006423309667182018,-0.0012499644015506912,-0.0039948916734165296,-0.0012818131007710102,-0.002946779757825262,0.010178268276590295,1.0061050423408522
0.011801077401656146,0.012364422805786394,0.010272016135966018,0.03454686740376309,-0.008259692395695128,0.0037549183286698182,0.027461111422817652,0.0009030583386935194,0.014730207432462495,0.016843987984002284,1.0268401755054817
0.012677258057269915,0.016808886469912115,0.014048736899859632,0.017715287198044806,0.005057819323681872,-0.001036695010301708,-0.003136510595419694,-0.00049258770629141,0.011067480622191674,0.012253239130733121,1.0194099274654982
0.0014013585916798667,0.025749277016274587,0.020423691014812,0.009446569284233527,0.009840665510525377,0.010042389608272445,0.008564400626972316,0.023628608911016827,0.025139182120340595,0.017627164519076803,1.0332895124299508
0.02313234091008959,0.04385875334467762,0.022126019993613154,0.023522799878732265,0.0012768201588438267,0.021271060061063427,0.025247450930793003,0.007136436532804054,0.023184097401213438,0.013917221286594395,1.0361082974188354
0.030622338398323033,0.029912522449327406,0.028034856431592776,0.02586463863957285,-0.0025224377342990267,0.014314282354867237,0.025524496621092817,0.009075430210979604,0.01782075127214399,0.033375389523373905,1.0432863144554418
0.02803467621401045,0.03338108244143991,0.033806445894556524,0.03255931060438295,0.029507670779390417,0.0286659769422819,-0.0016084713813503213,0.00813483610736274,0.027139638290196638,0.008269857043435955,1.049352158742029
0.0032490575126990946,0.038390367017682864,0.03331349806762152,0.02844486099839675,0.03185600157434399,0.03643240043104202,0.026417720737644004,0.022878098757192263,0.0252815650680296,0.03280477621573853,1.064744747827891
-0.0017593209768283708,0.025158057786370105,0.03404377667857722,0.025862278577583366,-0.006024554104657935,-0.012039307634324295,0.0037375169458777786,0.011911226818729179,0.002177787266102323,0.037058669690339524,1.0314826089489721
0.007969328910178632,0.017302839787027548,0.005164544555038477,0.051825686106842773,0.00444220376341104,0.010055168544919606,0.0006447604905620713,0.010827203549607839,0.01888157671156544,0.026034568940066827,1.0490462670598495
0.03697452230876677,0.050464381967523994,0.04203384894372908,0.038931059402046046,0.008675677720978485,0.03506837881352842,0.011920825531092314,0.00943104497793563,0.02789854778613581,0.015364126633673175,1.0545072984347654
0.010459130726476966,0.026764467363280753,0.02615073608772809,0.008485827732145887,0.020177613363820984,0.02536293280960416,-0.0012683288585529518,0.018533013161951585,0.017898637746129674,0.011697376110972206,1.0363695392994536
0.01589650972709941,0.021679932828228117,0.04701985913276335,0.030236705813351493,0.013164692292225015,0.026463730399445565,0.030031368208861604,0.01116058588549079,0.004840742644085173,0.017274247776577843,1.0433778696319291
-0.004103481367287389,0.02752405991415386,0.016271276985793375,0.0076277740517979135,0.0034187874724306757,0.003448105979930895,0.0035340297621847257,0.019372129207270956,0.0044306671595401356,0.006352651306967974,1.018573445025209
0.02055436268669133,0.015998606302202893,0.006214089417396464,0.006945296195142524,0.0053674870013978755,0.012242357895667771,0.007026721203465998,0.0025128705394703073,0.016207425337487022,-0.002023141963199925,1.014130990513349
0.01592797057439367,0.008663094749281052,0.03194142892888593,0.017237945735579414,0.01136760912925549,0.007563132786203516,-0.007085777353487154,0.015403782335973067,0.006952127475658617,0.013792662106081231,1.030355318999307
0.01702315658688324,0.06918559144057355,0.022553546271665052,0.026426477609370592,0.021267046406387293,0.020625920560427804,0.009829589259895608,0.02330044828413061,0.009863679029793555,0.020388373918444908,1.052213101051941
0.011429628693331518,0.049494650791013506,0.01242010693855599,0.01990862305231878,-0.008560673905451503,0.00714764341288945,0.0034725886620225405,-0.0012515044668343078,0.01764246777531457,0.038540201097255165,1.0341034024149474
0.008463856456512923,0.021739322062194245,0.021010772301441164,0.03508653168155909,0.018868096878087423,0.026725475296987572,0.0015072244398868298,0.01320942417198267,0.02604068689769814,0.007499136467414175,1.0445881831289932
0.010428179116156296,0.008007642179386168,0.0015113549392599453,0.009152556893978595,-0.005224968077404255,0.0019432964278038607,-0.0109418356415481,0.014357683293544936,0.009932549095113681,0.010639049886001211,1.016939922587651
0.023792623383588545,0.016552511174444687,0.010923956115795061,0.009137321746433141,0.010416570719311615,0.010413954551462996,0.013848201996851542,-0.005478449736645161,0.022633328540265008,0.014842679474230657,1.0222551439858658
0.013428963680391164,0.025019781256176425,-0.010828332830511244,0.010340616801247048,0.02271029977837863,0.015200157731569231,-0.0016777047277109994,0.004362711171569385,-0.007903827901416501,-0.005312172034790342,1.017401063622595
0.013872733611103395,0.01146415052647448,0.013877629934455822,0.0039788479289898405,0.0174612499903847,0.03824410416351924,0.02274345802171255,0.016062931540452904,0.022259457588152322,0.004611308873071034,1.0322173527174479
0.022128999890318336,0.017542278642257676,0.030335512792835913,0.023595907925957275,0.012552094316033557,0.02862424802299427,0.01709937046093584,0.016532925670761492,0.016149192543499787,0.017053078726477884,1.044152168294348
-0.0007491911703978752,0.009584775069824905,0.011742974984264642,0.007754302385062292,0.0076932364909426225,-0.005053254060341685,0.007112950736615066,-0.003818505543617126,0.012757166395525918,0.01504809771079328,1.012364376472459
0.014157796454188167,0.024987681926874623,0.013598843316267714,0.05125522832710062,0.007622488960506916,0.015364980855528763,0.021064956990372218,0.027810012095030676,0.030934468756784447,0.025346449649080994,1.0602834957409786
0.032583501035818,0.007820232426934207,0.021408379231598672,0.03478351503500544,0.017551475913913057,0.017823161234322336,-0.00972391876123289,0.010355496279422947,0.017751680297402025,0.01875807259116183,1.0465518062084158
0.011893524086643504,0.0350228220597764,0.02818866488294693,0.045700105057636047,-0.0008048649104327654,0.01091124776450105,0.00861824918733873,0.008373087130245246,0.010370084148627973,0.0033346836977329805,1.0347298194838082
0.0012217421459706848,0.019071577972868577,0.01840617265192445,0.001101823025615619,0.0015207461544523865,0.00834543974515152,-0.011814640273793002,0.008535437110034134,0.01364894997430273,-0.010690109090698906,1.0055960089737614
0.0011436650192905035,0.0062918433182412616,0.01316683560974706,0.021475787544613267,0.003646930714965536,0.019564216827663294,0.0027269605845208697,0.017953939493342976,0.02317660356271367,0.0058492555880250464,1.030141234188729
-0.004342738924737216,0.025074638791367683,0.02490319918774167,0.011494504324982367,0.012742096640217169,0.010653844588507193,0.0019187171415759648,0.024934879354472,-0.002519186126007031,0.015270318508963399,1.0308798692516938
-0.003172552664624316,0.02680735418934565,0.019212336399313842,0.020755124717415106,0.018673178994991737,0.03628131777506072,-0.0037355026636913475,0.0025243338551861737,0.016795365443390303,-0.00768497431585775,1.0275627392714253
0.020207229637289374,0.024872793173189776,0.024140568186865226,0.019851966730055307,0.024137658545488636,0.0193131192415389,-0.0011653481766890697,0.001554816634245386,0.024251302739608408,0.019948790502302652,1.0399613711697668
0.009297371209574575,0.02917184014124648,0.026349766706497035,0.039024657142681364,0.01174962269735063,0.012691305841135057,-0.000619281294064673,0.03243159362408434,0.024829046408612318,0.008156947343084267,1.0484066258475369
0.02374863349678765,0.01663988512256006,0.0031389672239634254,0.033234317444268933,0.02961838449290498,0.006626329016631282,-0.0038503358800070367,-0.0017669091931998126,0.017079155069617866,-0.013824289068840869,1.024795881796057
0.004344226059803065,0.013019529766021696,0.0172724658026119,0.01556163199726529,0.024288474397935418,0.014104136975598335,0.004369962429747419,0.007928068507533477,0.0322061169243419,0.016706005767747924,1.035242438419696
0.021561041048509977,0.015580738855736687,0.01541398819639548,0.008008017194221553,0.016611886566250105,0.018912821745740174,0.006399621823281775,0.00214268184934604,0.01084873087795541,0.008328515225354962,1.0244730325327822
0.0003454254504111458,0.03402023135827226,0.028358046216082095,0.0277594308156282,0.017083696369558924,0.023717253665078663,0.0029018433933093533,0.027478045413153174,0.012177316129923373,0.020494918010414195,1.0500309950416684
0.02485271261406315,0.04718951290711082,0.022940031974484694,0.02282946936320973,0.012989703230350879,0.025720390644323583,0.008650607658350108,0.03594727344301891,0.022150700490092885,0.014355946368048843,1.0523685355421306
0.009090013047613766,0.03698492369108658,0.03131172996550207,0.028409674900309552,0.014779762508991007,0.01094478143058726,0.01174633471991084,0.02278915958697354,0.02160524010313786,0.012993262525196708,1.042770162187897
0.030668732405762185,0.011094219478527284,0.029624832901259203,0.016558218915988365,0.0065542532507376575,0.0009289612777328531,0.0011145210216613128,-0.003564012329286371,0.024529876425483044,0.011895691557998233,1.0222808293967016
-0.005681803248506245,0.02128920144647222,0.02118984309409785,0.03312082301716841,0.01626086867042919,0.007170119224991415,0.026203752554899887,0.004416116117156763,0.012033981531882945,0.011651987811219603,1.0319762873640859
0.008798329819757249,0.0003126279703975221,0.014458232008092525,0.018299504126492006,-0.005039645897012307,0.008375891805162104,0.024403596231602973,0.01113726865501109,0.013814177992715875,0.026686865107610758,1.0291784762616627
0.00934250418084281,0.018477346463056658,-0.02115946973165573,0.029604314129343865,0.016358127773145863,0.014805809410271086,0.016474296734109557,0.010225037815409987,0.031212693884743965,-0.004640154692418569,1.0298005437027282
0.007123300230692789,0.03693005537474377,0.027759948720102585,0.035996513243903676,0.01768162984101569,0.024060058095472063,0.005341145894626273,0.032737556259994735,0.002534648283290336,0.018817523882340315,1.0551162308362922
0.001718503696127107,0.03724415203076643,0.022142918371127873,0.03457991011329416,0.020032490254752577,0.02022705385497154,0.020659581969637634,0.025385553159328618,0.031325916005647166,0.011283532627902975,1.0500224898116954
0.009113289001380106,0.01309749102931228,0.019217287245278877,0.030495330991025353,0.01793220401090551,-0.007769814922527107,-0.0027341823404865226,0.018321697506118065,0.006350184123925823,0.017625555149802758,1.0355975509139628
0.020970468643405515,0.03882400050470538,0.03808192311675489,0.03129139184399577,0.0006742593940445001,0.007488122308723385,0.025737001729350843,0.011482857746848627,0.008031122111835067,0.001046783351550517,1.02889569072379
0.013935419978203127,0.028367401833812856,0.002533452930487977,0.020485283214309542,0.009054292046469996,0.01778742477707271,-0.00013841378186356737,0.03481676751486635,0.001990906815698617,0.02306649734292667,1.0457939994942265
0.010496714033580089,0.041183937559198316,0.02691007076875627,0.02710047331003934,0.01680149992920497,0.006156571387192614,0.027096978511650015,0.01756872686185535,0.02751486596966146,0.014890444443941973,1.041091328780968
0.014921130591557086,0.010644631583184216,0.01703231263913261,0.0052136424759837725,0.0188065159614129,0.016994981895259893,0.014258090138635396,0.01811226743085252,0.035147381842976284,0.013072854705139005,1.0332783269342174
0.019767383741373067,0.025567380694284006,0.019469406726304303,0.038138870261116474,0.03336308354844584,0.022621976810816014,0.010114202317540531,0.01910555581575459,0.03253014628579362,0.023935136579432116,1.0612927153681535
0.025779274713169383,0.050336254849134884,0.041810105742348544,0.050153098788886824,0.019852723265569163,0.022800287468685343,0.019940911283240062,0.02801032881102304,0.02892478117211628,0.018697370152226313,1.0665424334641957
0.017273784302158104,0.02025561913585232,0.029283191749587135,0.018272923093038313,0.010710726416979299,0.03551406481664835,0.014651767521327934,0.007693381504969544,0.012527288250818048,-0.004569233642637569,1.0288435209099058
0.009755329200370444,0.016461099931889003,0.011822887207686171,0.022561914392548916,0.02205775010834811,0.01287689816277948,0.008052710205146514,-0.009184970637465959,0.01822425476271461,-0.016465021223342702,1.0141454078725074
0.025800566690490353,0.019096638995653104,0.025041229628470427,0.03995276403914365,0.02724601097701517,0.039274171699397446,0.010904955662878338,0.009595885434524519,0.030045434661573608,0.0141687350834406,1.0571949197885329
0.02452818274574431,0.022006601587705635,0.011927427043242912,0.02018632732957591,0.01729165330295511,0.02179464844611422,0.007595129553085627,0.016320221817874767,0.01950325703752892,0.002016533127100281,1.0352451462886154
0.014131906544588818,-0.0030871987819329587,0.0251568170395231,0.013454254203449308,0.006348569795794055,0.021345304508270713,0.02682521650996102,0.012247926978240967,0.023689025743808934,0.023029006636149013,1.0347896969492216
0.005125376317368085,0.004500673211629225,0.01734197291930359,0.032431269673493454,0.020201789540394886,0.007268163606440629,-0.0032942453218583294,0.005642419326655077,0.012556693059950063,0.00981958566306862,1.0326988296394992
0.013468597882955485,0.02679923671014818,0.02988787617322717,0.017976529712249785,0.004573685947935507,0.02557812037592037,-0.002222249746395826,0.015523841010539295,0.011089434885186702,0.01647077403041397,1.0369640160319569
0.006403672990996345,0.03385331422529582,0.01536440059628211,0.006259781967360233,0.013103958671572087,0.023470195434341284,0.005806340537919912,0.02136283472389529,0.0013474321781646384,0.004996142176116797,1.028316393990467
0.016012851051347782,0.019265267449729985,0.0193044353126397,0.0164840029884028,0.021206867458953175,0.024361305798075914,0.002186821157210757,0.01861461750922036,0.030000955704850642,0.03770006360802585,1.0536223991630482
0.01543800853203356,0.040640292273536605,0.024862727893162413,0.038213498922542374,0.03032992181096771,0.03338444297805893,0.014796703160785804,0.026978206430607474,0.023274654084550907,0.0023750347434245526,1.0561653053403464
0.005176572134364433,0.035990169736358074,0.028174404050408473,0.028071230484003947,-0.0008483681858737109,0.021243018757357107,0.0051097708012117025,0.013072142659709182,0.01799784550707855,0.026536459440763396,1.0428828319467829
0.01203962773496205,0.013933217956758968,0.015513121379153803,0.027054662244386483,-0.005958259842375104,0.027444929340541366,0.006243247968262352,0.0187648378662177,0.0045967200754898855,0.018962491498437713,1.0385188472913598
0.010438278004845177,0.033353509750647325,0.009467337181183049,-0.004130130989131019,0.0010488168588163194,0.005473402580075238,0.008441164518978188,0.028430711590503394,0.01394441001017281,0.00826611886309397,1.0205426453670328
0.016052033027302084,0.026467443785843113,0.04218044240205624,0.03079464480603729,0.0016467605384944736,0.006862881219444963,0.025109663960404285,0.04491831532454314,0.020624114850245207,0.019494160645773015,1.0504007584632509
0.008167344054986802,0.020279614824527656,0.008277093389657984,0.02065531949041992,-0.0003584174840739404,0.005199393247978936,-0.006289918398729295,0.004299389879999894,0.027533760424334572,0.008657399901513213,1.0226954206063228
0.04120254214905523,0.004118494896374281,0.013829096459378864,0.014284227121585655,0.002301917106072445,0.00366615742065332,-0.011070784615305914,0.014694812060280674,0.02595352630268174,0.009784715377782652,1.02732888435538
0.002093144832392909,0.015584561317038437,0.011621461962543812,0.016321256011904442,-0.0022595099029006412,0.0014822502123092674,0.01578375596309076,0.023928193812227272,-0.004620121124854246,0.02795857112138917,1.0307291727050378
0.004072175906648245,0.03946557737507293,0.012105453196269147,0.014550236635177759,0.007255693743989138,0.0085371988436307,-0.0029493129846845587,0.005621606000749038,0.013170447418459122,-0.001714396478419233,1.0181490250882164
0.01844938347875236,-0.012614103666223809,0.0024626133602352555,0.005051875721102973,0.0034266313541535297,-0.005021814922642158,-0.009592439181285523,0.014614730145286546,0.005191205496400602,0.020557106496001443,1.0191272784168028
0.016995968087026154,0.02721586309552547,0.04322080795478665,0.06203522149225438,0.015072632197661116,0.02933602149073726,0.013855369271520084,0.014539415897595106,0.030269973451406657,0.020284194197943722,1.0655710329647345
0.006244546226008405,0.013384478676659022,-0.006567495471675275,0.028842728685159136,-0.008690642553215437,0.0072839762053598005,0.005511572434587834,0.01166542498967768,0.025894786394017315,0.0018756810399271975,1.0226521759655949
0.026720306524098313,0.013551969626466664,0.011388510794781717,0.006682212406596014,0.008006981808396114,0.007800579174046953,0.0009516432173348197,0.002801224785168516,0.016955187104007285,0.03261360902819123,1.0308510097581527
0.026195191557318323,0.012261609598432092,0.01712751149414846,0.027997399331364296,0.0051645443882780235,0.029039483422131238,-0.007327637795510733,-0.0002768115046159012,0.02605125877899548,0.017387260227278392,1.0389220003891857
-0.008805278645989064,0.049795721599178853,0.010929676958135879,0.04368663208588277,0.009409935240723612,0.032324225992372765,0.022428874860696706,0.011463573402015068,0.012741195993656081,0.026046786591377113,1.053572848320246
0.01756294105895044,0.029183368965637033,0.015899307438781086,0.007685714165970808,-0.002507638122586229,0.033321081290485215,0.0011007250375870197,0.00385633749313659,0.0194896429318805,0.02259480994726298,1.03218415101188
-0.015859171976156,0.031450400808769964,0.02554771373843097,0.04350346017112334,0.004863655462153308,0.013822199614421944,0.019522269929621302,0.010030527302351929,0.008823186539978364,0.019529814326229966,1.0406706198397162
0.008773364449613894,-0.0038215768717295723,0.03157377238650426,0.020015727096792644,0.020698043198090717,0.009538974988243524,-0.013461823366995633,0.008118592622939418,0.023588395971869,0.006013805972798207,1.0286790508179016
0.017918971050041917,0.012444293748788995,0.024229058196320347,0.024097505076383686,0.0003454778823288266,0.013733978527178923,0.018693397516939048,0.013665028850776079,0.03265280892174648,0.002458710541968912,1.029074258244064
-0.0005064612136259821,0.0028195187104984257,-0.013220795896973335,0.020358876991984284,0.01919981282598854,0.004180597884184242,-0.006281173710310195,0.007451947331183391,0.008050436467925113,-0.004643456516574362,1.0175589993163268
0.026061558252502448,0.0039980275115288205,0.015483602480234913,-0.017199233024942043,0.009330702037572719,-0.0061744586124579705,0.007963270113014634,0.00592276894847081,0.03286481880569967,-0.0018216891771266515,1.0020902593777663
0.03550630462721953,0.006534344214948823,-0.004042448779457166,0.034043853775367894,-0.01656063741145828,0.007181437237061522,0.014263655329896246,0.012004494603976573,0.017069326461547386,0.04587227186382204,1.0455690682603087
0.011037872839893213,0.03397684565458356,0.014841205271166334,0.01639199385294406,0.021142678436372714,0.016382488352155358,0.0031084337248555756,-0.0023323692293925995,0.011525633077676765,0.03804195972030091,1.0415111003281543
0.009206534399307803,0.02617037133208638,0.014848120100098717,0.011630196973955903,0.0011616978153240571,0.018537270522279003,0.007810284226766885,0.012711576947059355,0.024086584222306244,0.011126717814078663,1.0277140725986502
0.007949131169162115,0.03796114739497883,0.012620216499436242,0.022607643610618632,0.005802128775793936,0.03639260188098367,0.008957815595847726,-0.00045022125361106335,0.0025288261896519396,0.0049760751819429,1.0296839236060615
0.016887544163028463,0.019584248207209484,0.01598968412933882,0.03135337208071326,0.016411415256103748,0.03974269101716764,0.02259721505985835,0.0235477714966816,0.0028821016849341838,0.02529849385442695,1.056261921753017
-0.002145026577227878,0.02523328203909033,0.021731990452765013,0.04566788806095051,0.018724449297689596,0.023401179162143924,0.027338984059793472,0.014606395897011612,0.026193129819962677,0.030635817018158082,1.0586336849412452
0.017108267528450846,0.033874744915866464,0.023993217121936118,0.038405416033250296,0.015228940083163724,0.011643384931618626,0.016526659794997872,0.0176021820349997,0.037608454702870754,0.019989547776780574,1.0512919176920013
0.016158456663237498,0.014804075885010995,0.0277017613008962,0.009086955544996968,0.021658145850640992,0.015224822494795594,0.01679538476824669,0.02823931860350218,0.030114937031923653,0.013122364023234107,1.0394191746432697
0.015270843172202859,0.031083161553795702,0.031953123307170844,0.0345789491353731,0.018029428132050877,0.039314602135467,0.004919043357106949,0.03464088868563048,0.03347475620896506,0.0021233032537719184,1.0562890949807435
0.020769679627277132,0.015805963035633492,0.012265023413569626,0.002765014791256114,0.022645056360531483,0.01572054231369034,0.016645289885806307,0.003952482517903789,0.027376276632510486,0.010575965659488287,1.0263029375936827
0.013461209789259403,0.03238325053148089,0.02688433471870837,0.017400469645540657,0.013588372135250838,0.03094915868081325,0.016554775663765117,0.016408869190347338,0.0003412794630156847,0.018321289180521984,1.0410689533149347
0.0018462785173862014,0.003529270554378539,0.016732181014389606,0.01873226345366331,0.004429561859070386,0.0141595614547108,-0.0021807423606311693,0.019702645980632684,0.01665250712253601,0.014521906260048258,1.0315407800978194
-0.0009706896141526838,0.020895704197648884,0.03175530990282165,0.037388980892318305,0.023875715288136846,0.03579827990731953,0.009495102846171246,0.007771582677249899,0.0219538715064631,0.01672302588084068,1.0507535466330704
0.022153989828803292,0.011850685090266754,0.012928916188134668,0.002085113716099825,0.00456115984055876,0.021819188853952242,0.005269885387344662,0.01720134941134719,0.008767812319764843,0.01618266507881155,1.028093098602425
0.02587009668497725,0.030196708128890713,0.03817284631427981,0.04880399075704376,0.015262595656532305,0.02685957251493555,0.00907029646277794,0.04524516754393486,0.027310556303685694,0.024693163145626522,1.0735349280537683
0.009538482679325557,0.024133504798283523,0.030880995317961346,0.01671049755042038,0.01132845978917224,0.039358024335323094,0.003284571932260806,0.0173559666846762,-0.0016120454183542552,0.018262543074343707,1.0419275407791333
-0.01130445082355534,0.010542829812890241,0.022694127106080323,0.002103658273853684,0.005543983513300609,-0.0020329919976123864,-0.0025564127339959474,0.02430742702383179,0.010115444253601186,0.004536452503250094,1.014825654496778
0.023881283834368515,0.04080543198158118,0.027894302856958795,0.047726863101657115,0.019032583413729997,0.023945887195927835,0.007753849378502864,0.021591875956372245,0.03663972737856584,0.006935486278036196,1.0571504209868139
0.012449175603468858,0.03474512760294229,0.040793263493673945,0.03702431014050895,0.005882002803936913,-0.0010960726553910886,0.03341413663586945,0.023707133283619456,0.008612976780775055,0.007713712799058617,1.037011019584361
-0.010161700945883518,0.013340119399415323,0.015545767073695375,0.041155348131536054,0.018229585585179415,0.02212214088663804,0.013533148239576388,0.004958429235689146,0.01202982147968129,0.002900446962607525,1.0356225886876924
0.002782260687765126,0.020134722069720116,0.03351007585027642,0.015028158664186893,0.02539950364493789,0.01829287532229283,0.02121860595434017,0.007989568562455468,0.03322856177745887,0.024798839669987596,1.0412738218506732
0.02233566470174369,0.03415745300802071,0.019106468553467884,0.02027379769799255,0.02130235536175329,0.005257123502348051,0.010250099479533464,0.021451235402405032,0.018694646032450944,0.004424356424583664,1.0353194903221339
0.02367232083448182,0.03276400116523769,0.03123805235985559,0.04529675180373522,0.014444140591745718,0.020247897218274753,0.018478899934045872,0.010847548846509736,0.021514162444643773,0.03133171331119026,1.0586169939689056
0.00655665795792387,0.0192935966094719,0.012844644200948495,0.0018265328112453613,0.007822562965149512,0.024331128905181888,-0.004786900812559182,-0.0028475025012817626,0.015185647340770015,0.009221055673115047,1.0183111253176478
0.007434316029918071,0.025282598482520905,0.013235943412172615,0.017000129977815834,0.016339554909172552,0.018995574185859152,0.019516331401128326,0.007562178436766839,0.024644302880187256,0.0020397944754224698,1.0280727747034972
-0.014359437981958063,0.024249957729197896,0.028760748033509705,0.036067047617491105,0.008217309407072534,0.007336489475370547,0.018842766012148952,0.0203102948244041,0.029410780946200206,0.005548836932745369,1.0357457827703336
0.025382365608227875,0.040024780857690186,0.023803816058400852,0.02581788247956891,0.016617338980514887,0.029250915509716688,0.01059657997561053,0.02451071658789524,0.015027867140621619,0.0041954126019268685,1.045344515065807
-0.0016102185615519187,0.01686387255343207,0.018750385175325655,0.02176895765358998,0.012453535191958617,0.019371556919287693,-0.0023498637266626135,0.0011688288660706616,0.016929626891475688,0.016488985872944915,1.0314194236210668
0.010791919257795556,0.04008871007152644,0.02380921762795942,0.04393126186740512,0.016508351914262576,0.023749859531829523,-0.002746323967215981,0.033900715930284674,0.031152905715675597,0.0363228384257262,1.0710349382920419
-0.016458455448765,0.017303807161030207,0.010107975376081633,0.005028387825582185,0.04129097525286178,-0.003396974505407588,0.0072261035043534455,0.002063565519190262,0.026642684599434197,0.022027133698395655,1.027379315175973
0.009525544841756916,0.03042323571889351,0.026000683299636403,0.03407815236267363,-0.006727176060057655,0.028053796578313646,0.011637800859007879,0.009926462931551536,0.014345618969716062,-0.00930922327821114,1.0272455511877043
0.016228267061479774,0.02766572487823682,0.00923273805483573,0.02614466537007734,0.009663898917401405,0.01816253539756702,0.010493001883700611,0.028100972693793524,0.009994638515642537,-0.003525412171872489,1.0347073579654409
0.007401651240656708,0.03201267852501807,0.010356135835119254,0.028294397129159134,0.008163909013478333,0.014676062001403837,0.010043785218320458,-0.0028876447306148845,0.025235054978161864,-0.011302453419511676,1.019749689197015
-0.0010022721447190443,0.004669024643725744,0.008222535696896082,0.018834938156241012,-0.005151218344929286,0.023162192745849217,0.007695253782914536,0.022700116908529862,0.03159591245158104,-0.007196001323495406,1.0234718478187044
0.010617509337752124,0.0358480591869056,0.03449117829237586,0.016856336768449873,0.022250325886979665,0.024530891122106872,0.02448208799935038,0.03611704667229901,0.014538386437173072,0.014497616925074385,1.0488878364555512
0.01038264233853865,0.03707452395557759,0.030953669600432297,0.04209515932822133,0.016188619850588712,0.029669580602895877,0.005842902826656419,0.008607678996782903,0.017292275760958133,0.019717274858413292,1.0525662795207322
0.015881299949362496,0.014179886138759416,0.02708672346985449,0.012920409790690876,0.018576025969791,0.008686742709190653,-0.004544776804478646,0.01779641220971603,0.0009459937582383966,0.005640874964476179,1.0274333710750894
0.013832577958361599,0.03200871117751203,0.028859393033655936,0.010335579895829644,-0.0013909260536956458,-0.00034152349087530204,-0.0015653063160566624,0.016505371829777626,0.008901107305406854,0.021919662236248427,1.0269716545742589
0.016942099076971327,0.0394251734727485,0.015827323035884907,0.0492624668008957,0.011226746311458993,0.024690817746564318,0.025209864996257207,0.026438056036647353,0.022260072792966372,0.028084766758623574,1.0644964206734386
0.014557024620546874,0.02203701569570489,0.019422598815910276,0.03166825749645082,-0.002654740258316312,0.00931894525210928,0.007095459741124305,0.018853333854654066,0.02112536706728462,0.034209242121075054,1.0463189404980513
0.018361962346301268,0.021674384551565326,0.043511570450799425,0.014240807432090257,0.0012035117657056196,0.0313868554858755,0.0157281868258766,0.01972071578102298,0.016146370586913365,0.0034549166453225998,1.0324745903821255
0.020263046704801498,0.027228059034169173,0.026452549967324383,0.03066573730423633,0.0035826476504898855,0.020836538592565745,0.023027520096029173,0.011445519244575554,0.015747623329542416,0.001523855293209992,1.0333300224167772
0.013739069891065832,0.04087212174719163,0.023165283094694875,0.0029676388619097986,0.008445466498708165,0.02848839388968994,0.006579442633738048,0.026513893267861043,0.04342636915069617,0.016858254983111696,1.0411588039339557
0.005103586955897702,0.0014883875295095342,0.024073470355556865,0.033141867142672754,0.011688670284842394,0.014297057159737317,-0.011673969766822462,0.01382832026683285,0.006512963477681917,0.0074337403646555725,1.0340185827220145
0.02309819646662724,0.027669168237363588,0.008876227723557452,0.024090132536349305,0.0037220223521031576,0.0024920991783750623,0.004051681441513292,0.014975253734959032,0.0022614416033858876,0.008519458796520434,1.0279251435045405
0.014994424985733555,0.011684734665139833,0.0161146605710654,0.03452655175800709,0.01538080725814613,0.03286504032662324,0.012339131399247475,0.021224660783375024,0.01562292033810088,0.013365332407222884,1.049531858688518
0.0070017321903547225,0.02219616183032097,0.020121203639371643,0.03050801268038837,0.018754659726310505,0.010277831524442371,0.010071450753760456,0.012986267535545798,0.012946818357120981,0.005808527527508444,1.0347912537918649
0.017679592475454614,0.034360596377356056,0.01212401628319592,0.030625794634342625,0.01042902619410286,0.0011399111343239274,0.0076832248801152695,0.01751703347650562,0.008094709777155335,0.015578347192361924,1.0373980971338888
0.030412117490549256,0.016894398340996465,0.026153221442828497,0.02614077481848014,0.013234573272316115,0.02523049990834205,0.02399558552194165,0.007918371241569461,0.01710301903164419,0.015199589325336625,1.0411320664804844
0.013174250659291653,0.026558137515616833,0.021513627042175406,0.033194802945452746,0.007236018131453378,0.002123741282763268,-0.004000281562351948,0.015563186794793956,0.01630957002068964,0.012639597630182827,1.036036313253288
-0.001703392047551725,0.026034037736536796,0.022221676437658516,0.009319027535339534,-0.00025944848015396326,0.0007119070030477443,0.006236972252674367,0.0014627262328440426,0.018557807387074864,0.013112564431156302,1.0157666559652587
0.005181185518342169,0.03356830450371517,0.03404876184094185,0.05345590401411416,-0.0018301489531323129,0.041628583624743726,-0.005432334994864601,0.02746010004703078,0.02229214118084956,0.010078454516115606,1.0586300922941154
0.02031140812513964,0.0178599027516353,0.007720729121046365,0.0009419449849569425,0.011017195199476549,0.0025157233358562535,0.011124176476560483,0.00983673911536604,0.019381168101037655,0.009960078698409829,1.0190886998443107
-0.011749544265467406,0.03698990421463162,0.036986908332765855,0.03228796021216797,6.454246065585277e-05,0.021109263708628343,0.0026336697141049244,0.01313426600851737,0.02356795173665116,0.004180012137080644,1.033467901297787
0.023053609245819735,0.015532636585480875,0.0033479798634562102,0.022272397112020233,0.006187530525531422,0.02310961517844325,-0.01618868847625193,0.017392929638404525,0.020795769811947154,0.029406705291371273,1.0462196291740806
0.01473338250331491,0.027068474676416994,0.03365562602264076,0.03333655309234873,0.03471850855728288,0.02834862684069407,0.0030830235668546186,0.030426967167657637,0.03724639428393421,0.010441756652344016,1.0597733628663786
0.00015551611929642654,0.027689791512513124,0.03121362365783628,0.02528807957657789,0.0032398126424554793,0.026544461374227484,0.02037189045729722,0.021112392367786764,0.0051021769471657485,0.030337387643288492,1.0464969212064328
0.01947544630931299,0.0011389938850396922,0.010565530602189881,0.0012947889495747295,0.00764420371417409,0.003062125985626803,0.007771632095037116,0.013515129784617393,0.02183126447701185,-0.006201550186894127,1.011184342174471
-0.002151532720060384,0.020021023588301184,0.017334960928179086,0.01801238513107744,-0.009755434867428178,0.006923109749301125,0.0017577195016792507,0.010952663228569184,0.004465962412159848,0.009842113510139406,1.0186207037532147
0.005669938361096749,0.013960553165547333,0.017522715848827558,0.028201690448971084,0.005028272311150918,0.029687345380661506,0.009079179903183599,0.01626780673145652,0.015412961466015705,0.014881313596601926,1.0406049403400681
0.010911388653654177,0.024605950639208635,0.03167058956121131,0.014379082814586702,0.025570508336233182,0.015764645222792688,-0.006336764796493666,0.01631792298701301,0.01888946601136521,0.02685230406142374,1.0442925749400755
0.013491659312370756,0.012217201774069934,0.03253893905496047,0.029808818825459892,0.017694579669734818,0.01184154239316608,0.027929529122043197,0.03057398959058976,0.011107583650779596,0.0147064887593526,1.045568781388759
-0.0052717569330110285,0.015298687415504903,0.012434559297399731,0.0026032294792675704,0.0025175242609493612,0.018335493375852212,0.016772080701222696,0.017515858114853625,-8.9632931294761e-05,0.010641749154229071,1.020004311146103
0.005246235093473616,0.030675815057302196,0.039231097368568245,0.024523610657319745,0.012126042298734737,0.029965288072098542,0.01964534483412842,0.024956329988041925,0.010014986320960914,0.00170240465196788,1.0393402317716924
0.02858181095077153,0.04259192956478689,0.03521877267168952,0.04636023315519597,0.021879269561569388,0.05896940655410456,0.007226486130603689,0.026276623939269484,0.033197663163770666,0.0028507420722168123,1.0683938612491626
0.015135290787975033,0.025457289432922244,0.01334901623936432,0.02822387403290378,0.01790809701997695,0.01957378683417656,0.007996543797653303,0.01698036748432608,0.018641673082567818,0.015515916963945504,1.0441597979421653
0.01354283860682801,0.028166964670961463,0.011184822369279727,0.022582222702311115,0.009850744368252992,0.02056109191413687,0.009121199449154897,0.022490563232001826,0.009874240386392136,0.009845967598223041,1.0378600549628059
-0.009887457136066459,0.011210867723519324,0.01562329770999122,0.02080350088554217,0.024781312541691195,-0.001304714504357542,0.0054419833681383705,0.01138821552429912,0.01864841136033874,0.006167876019477337,1.0259295205461467
0.008297180274645247,0.02297725110018025,0.011710860957926823,0.010530255753893762,0.01636838471938026,0.024442043069574107,-0.004031264286270889,0.006691696566547192,0.02140092407370315,0.006623252852865993,1.0283987303314364
0.007809428056676822,0.028981750231997335,0.017792962187643466,0.006700082033555417,0.023247311494522693,0.004806809863100833,0.004105067770260767,0.003547150622791269,0.007185116669574687,-0.002932887509142121,1.0158075774867719
0.013833931083755796,0.026968639130155382,0.032791679000550515,-0.0011164018964224705,0.016021466058636386,0.003598816789335591,0.0004565025120206144,0.031178761532536292,0.010475572559052838,0.020480713952104535,1.0329139277128319
-0.012504188217208573,0.00972074053115264,0.028705609889390027,0.017562343325259022,0.015863662685982764,0.008431931266136212,0.016410330192535384,0.0035690685747582253,0.022264158246192017,0.006357522661660748,1.0221860300927996
0.0025621364930810677,0.012596189745581538,0.021384714772680904,0.03433212487229864,0.01433006964477707,0.03721964630520129,0.013040438741163719,-0.00068874236319863,-0.00026016242611644896,0.024847887510732896,1.044423305294616
0.014457622466803807,0.014450069741154871,0.0018653045134717442,0.020040612221093008,0.005856974462239344,-0.007507334368992058,0.021651288897676542,0.014147001743557264,0.02527312973785935,0.02894910850109729,1.0333019842862818
-0.0035996957064202573,0.029007729520166434,0.037828116927725135,0.02788000433669196,0.03069633364144927,0.012189540510632866,0.013362180337010972,0.016583753682528866,0.020111499481865146,0.011834745945510386,1.0425573667049635
0.019830633663668253,0.01610622384526511,0.03243588840090112,0.03474939648023599,0.018465864306836458,0.02855697304857723,0.005246744696018116,-0.0017732606467975066,0.02697494718246419,0.022879528670564142,1.047778632084277
0.015226928511798982,0.020717306400268892,0.028542596555025272,0.024936417925021773,0.022437026229014202,0.015311222127179672,0.00501020497566158,0.004492034324969622,0.007436030919405765,0.0036375828117970414,1.031123048535712
0.011660880449645148,0.03917351118510963,0.05583788863934508,0.05065959032867712,0.004020383301039595,0.036812720561263654,0.02962479647523971,0.024438330750203543,0.04193907232377819,0.011510079541737588,1.0609346702682596
0.018827467986179,0.026130090541771997,0.02046744715934746,0.010582830942998889,0.011127217180100717,0.01461094375279222,0.001969094977912615,0.021864992011737357,0.0006966529856309023,0.015815895832314224,1.033333458280933
0.03484611490258872,0.04330688082456278,0.02217031311745225,0.03907657653823096,0.005420087030539398,0.024730734501814303,0.007178199183903314,-0.007893759764379869,0.03938717472678919,0.027095642332489907,1.0493874381942163
0.005551741069178388,0.013417003528973636,0.029447825285236803,0.037025173946137385,0.02295393818609122,0.009923427090936847,0.008168113274304934,0.012475591464581751,0.01106043540057438,0.016714512172161362,1.0431051821362527
0.007015202213428515,0.0013304784779992421,0.027438355385811006,0.006792370238673677,0.017002858210283564,0.008836287797278013,-0.013783085897891626,0.005738058812571403,0.0009526561594255922,8.967193944280517e-05,1.0150601786400266
0.021749569140448094,0.025142290126419033,0.04111924815170914,0.009313488180087967,0.01471914019836724,0.029424944312601346,0.019718962263714303,0.020727972038041016,0.012222449604917154,-0.0009112254556875882,1.0320107754119752
0.024254216676920057,0.01981877324273911,0.026240414884544382,0.027102979788994452,-0.0007839879487566963,0.002500545797685832,0.02324996354552114,0.000937781401740165,0.027503861219425,0.02229201190724213,1.0319641706333067
0.008483676340240451,0.025149528862618745,0.017640547235227243,0.012553188940415544,0.01475707000320563,0.018154692368556838,0.007288781228662223,-0.0004913701281686407,0.002121322682443489,0.017033737801914847,1.0271172469092749
0.02116229037159369,0.035604584924231596,0.028603002345947787,0.0341869309249533,0.026936320408429058,0.03129722970843138,0.01254224480826253,0.04091966910255447,0.027055584725094287,0.01234926205671345,1.0636505737383983
0.012293084961249302,0.03609488071401395,0.014378228100265799,0.04114227250124963,0.026676031138324223,0.039318190138612485,0.01746949536925194,0.017825961613982994,0.02146103939068002,0.013273451156424483,1.058606489726872
0.004434050999801162,0.008282395060531906,0.015056207586555926,0.001368423599954833,0.010121140195674864,0.0076729572822052195,0.00671924239961317,0.007848703067823131,-0.006925295268591446,0.016160016637752527,1.0173531827230806
-0.0013531136129583815,0.02047578778257754,0.026159812402764545,0.036722247594977685,0.023677988859732227,0.028160104466426365,0.018200881071517953,0.04764035133577289,0.011887508484390248,0.021420218927564707,1.06402931646894
0.0012759302206926861,0.006270492842858751,0.03508332828745144,0.0186746925988642,0.010537117668418462,0.010172176740808885,0.004483938404937081,0.003610950580968159,0.02262827051930847,0.003698233952928783,1.0221447329884232
0.007846445402662964,0.016537068801517948,0.0075255101698283875,0.02569073132177136,0.0005010142831886133,0.027624732090277413,0.004628009720650325,0.0022085848542623262,0.033988093501123195,-0.02035007692730463,1.0177653025710753
0.02329121749818308,0.03139436084365147,0.034620693793896214,0.025860266482594735,0.019522597859571413,0.034553248625168065,0.005796565416442323,0.013242827452005768,0.022169523637633567,0.016450709161390294,1.0496547804356051
0.016024098033273558,0.036483368855149724,0.021656214048439357,0.008782303060325961,0.018926449945974748,-0.0005672198315056498,0.013022102970946726,0.022640758865682564,0.0027511053545401024,-0.005635945217473326,1.0209242038238644
0.001445959426586224,0.004331379246181873,0.015769903503252292,0.02544744883426691,0.0021612881414685694,0.007930286064473175,-0.004299944943839329,0.017260987637866723,0.0024728786297496877,0.01507223689758972,1.0297022022374598
0.008734676024837466,0.04099018295453284,0.026743307342158136,0.044010726233263305,0.007430070902538307,0.025575489156054874,0.0021482520116674203,-0.0020703881649386975,0.02546743889829227,-0.0037820189164513834,1.0353469357785074
0.03450957905086354,0.02711798597082189,0.027587865371350814,0.016251709225830545,0.016463086846377626,0.025630975103266524,0.02820532888278457,0.020040852677997757,0.009439856264175511,0.005626270459611114,1.038176126425812
0.021413185294676215,0.041874902324061596,0.021052988077466743,0.044791231039998484,0.0020637341571180853,0.010954714543846488,0.00893257245137083,0.028204364005193883,0.022564608747926426,0.03822938513010413,1.062186629346661
0.010757392558663897,0.01929498594460191,0.005422482471828504,-0.023060475297480603,0.007530224288598699,0.015935114615789475,0.014293417740955138,0.010569252456193268,0.017164111537327997,0.02259436186106116,1.016140178977806
0.007919036166675176,0.022552595242728506,0.01922619301381564,0.0229244737603518,0.004728392774370408,0.021632915466746828,0.028473150020641137,0.0071688664906077075,0.03188194627008742,0.01912714787805129,1.0369025608947977
0.01879612701266585,0.03390207587700018,0.023928737230370492,0.021899182086286696,-0.002150052913892324,-0.0021843397524903274,0.014048994806479516,0.0012024012742694705,0.008524154233997275,0.034468148287670086,1.0319026985487263
0.01054984474396439,0.03075313175453453,0.024622684162377763,0.021908361134260895,0.009583461109130931,0.014545507840835328,0.011676203253291708,0.0184786761560846,0.016480899418230832,0.018834343606298858,1.0393929251173377
0.004245794307917858,0.015710689030675126,0.032376109478566506,0.023523381182885904,-0.01094955427919593,0.015493150736121819,0.012399464776088248,0.029961946700190166,0.014939664348649856,-0.004282530925914973,1.025951949607687
0.0021523544882862,0.03207444766617604,0.025180050792126003,0.030598183418853005,0.0009254708273721511,0.0016237870843520807,0.010349940516447047,0.0067983809060435,0.005831659668639012,0.019637171524069394,1.0306717989997243
0.018154244348484467,0.025274804731447158,0.03219628173299975,0.017799905661939584,0.013619805472950624,0.021139971695400155,0.0195763720036704,0.043988703556049794,0.02003601787746461,0.007552378509209276,1.0461666564968417
-0.0006148545366186338,0.007395885577807412,0.011569650535903284,0.011605887596105435,-0.010485112607421318,0.010198930962351527,-0.008512415877534957,0.03281228767717766,0.02670292542238971,-0.004559276557099182,1.019768365285887
0.007130550199346397,0.011213163052604174,0.012102685792193545,0.0110786060849905,0.003593227633299636,0.022414980616007673,0.005528639348378872,0.020495883197018887,0.00844973412538979,-0.0037891465053387814,1.0219618834106983
0.02879555864873635,0.00497190989910089,0.0022331911278591007,0.00319480124583237,0.015266289742916737,0.03080843925484617,0.0013191547935749574,0.01241456727564371,0.0009329116370448368,-0.004378513485669405,1.0219233690984675
-0.00027305478843893567,0.004804957671669758,0.008600515605082765,0.018326528338901443,-0.0012018892664674586,0.020686346579084094,-0.0018609716551523034,-0.004225624395297185,0.009891036758130611,0.0108161905152517,1.019566526368211
0.02196309524866384,0.016271772875531963,0.03635867427705,0.024897542864887684,0.014294147146829538,0.0030736029292087984,-0.010974042216518308,0.01686231972233315,0.04126510027463541,0.003585278259422677,1.034541810201728
-0.004170925075437978,0.011409204395078018,0.026040044091359536,0.00922337921539725,0.011480267071958969,0.011882557203240298,0.007885092780514236,-0.010967974223612302,0.01132259301921066,0.008721386417553613,1.01356173193324
0.0299037025572945,0.03550803267258144,0.01360365402105991,0.04896684460241188,0.009568316102870575,0.014889669141239181,0.039274433523825245,0.04203737438626054,0.013121512773986566,0.023425372245810122,1.0645846000661778
0.030420873925407415,0.03610961236007628,0.0274434018348656,0.02512498160581266,0.00839472464854786,0.015290259724889638,-0.004840510588715619,0.033322021635907556,0.01795949740092883,0.00645982438166628,1.0437383286943869
0.024892111748254824,0.030583697552032996,0.03026798936498827,0.01638467381117751,0.02219708281343274,0.01077211573433735,0.007211717529087721,0.019339456618760558,-0.004169606909348516,-0.004768015382862577,1.0280499458570773
-0.003295026388266842,0.006675652980553533,0.022708940156558825,0.0032227738825467613,0.016227099104890605,0.004615728241520225,0.010455635783207858,0.002443687764949704,0.03261180691385607,0.01150860995197078,1.0185792320005285
0.010899069239990705,0.012665195546597511,0.014756952425709876,0.020521895087626026,0.005734694301102901,0.005676461244694253,-0.004062293885691122,0.015254585962606274,0.025665699873906777,0.016650081572715036,1.0322536239060243
0.014467089132439957,0.013541734027105809,0.012119627641364412,0.019236035366112597,0.018087093330751675,0.023116870514472358,-0.011066151983842013,0.007870174614495169,0.009761091139531976,-0.0010481239223953786,1.02799007663167
0.008800840134410341,0.008686939672217665,0.011040135977188132,0.030843729202604815,-0.0001111628438363755,0.00694648280262888,0.018757593600914828,0.01939993153456153,-0.00092789467319279,0.004150463782421417,1.027220784689159
-0.01222889294056128,0.003322424452439965,0.021517240951911598,0.01868339360137443,0.019013464266592017,0.022154259649245764,0.00256500416994922,0.007806430344971579,0.009763603108040463,-0.0012490666798566814,1.0238041150375743
0.023646955622684335,0.034846147423781296,0.04260560054649325,0.04551895980218181,0.010418959736760028,0.02169471115438987,0.014537289048150452,0.008537716462456935,0.024768442711797248,0.013867070118659095,1.0497371915350113
0.013538281781257908,0.04458192487149262,0.023597293745004955,0.03901419094508235,0.003269952288478777,0.03378313729163887,0.0034974788651446157,0.014986100825339755,0.015105347406911137,-0.003425890702448243,1.040563841485724
0.01171246305434425,0.008723906107962979,0.0003888751680504489,0.024278949619546356,-0.005717895792979979,0.0034286524523035357,0.01740245440628217,0.007880857217716737,0.008849895001482144,0.0037011288776733677,1.018074733890195
0.0021576221291925747,0.014017507877595689,0.007353126734356878,0.013278732841634283,0.03683317801961906,0.006997408888000236,0.010312005697227438,0.008690622559437713,0.014712376449429528,0.019434532921625263,1.0347083519203675
0.018759175345755674,0.026235887468765092,0.022185191485689613,0.026189354751139836,0.023443652799333376,0.039401767303703705,0.019849967124811144,0.03170496482798795,0.01862792252553204,0.019779299180119673,1.0591836109735173
0.014210412724909973,0.02136992344877197,0.009674201824997345,0.03044934363985591,0.0029040635923401406,0.025874618155834923,0.020614751904983117,0.024403579278500655,0.021437017787916315,-0.006486653701170519,1.0347207597080643
0.01079250248635785,0.013841763770150204,0.02518513726870957,0.03809174669294012,0.01992670529926676,0.006472843483002554,0.010999614245873335,0.01034341339010079,0.0531330981476812,0.00889230403723855,1.0425391151693228
0.0163099249623494,0.02781099336262014,0.027530102947900568,0.02178996697638312,0.010530049784478985,0.03431532278819875,0.02472580080537336,0.025929900371555247,0.015078694489113082,0.022964062791393798,1.0506778756291546
-0.0040249021444383,0.01847338077889205,0.004335964935082641,0.022126426225806215,0.02355824205173372,0.024613837208365182,0.01743483657989474,3.0858399725844365e-06,-0.009444202931086413,0.02642543337765999,1.03678669435923
0.00581558236549996,0.024409919230512864,0.01969524848065344,0.04388906371840017,0.03237053348875657,0.013452025326966023,0.01838160948856946,0.012698456878568852,0.024443396162685167,0.02251555334873717,1.054929261661349
0.013441741181965455,0.017016079028436767,0.019836158306529246,0.018208105429905433,0.018090117652482453,0.02898717719713023,0.005704209985813151,0.02501397194607669,0.013809502778267738,0.003939271623945556,1.038916696422549
0.0082248454856945,0.04074853548430875,0.022934302740362067,0.007346554279901225,0.007966773013541343,0.023780523012258373,-0.0008488317600238229,0.006686486559544907,0.016488238316504686,0.0026815586874039538,1.0235114273169497
0.004010760779429485,0.012022089137002184,0.02548157245957084,0.023784907265820967,0.023598379167353613,0.036153259822774064,0.03588215656273594,0.00578445675949763,0.0017804931876803532,0.004786244018578805,1.0352251866690514
-0.005213903410935568,3.5052817131432656e-06,0.021364363591800037,0.024586766048586645,-0.017163641351934877,0.009788561586688267,-0.006350148660733516,0.023836724152607857,0.025706150411599023,0.014180891830220373,1.0280949897763252
0.013094077088894936,0.016783591255264997,0.041209405687182746,0.05761660327208667,0.029209226660019662,0.02482029966027048,0.017153391189060292,0.031655270945734525,0.03878163736187012,0.018121064602008703,1.0715010390903483
0.027973324122957985,0.027823223035287236,0.027078949350575813,0.025721347425945847,0.014722423081377892,0.008398697697002432,0.003942844842447826,0.025569174357705077,0.015606336594021376,0.02535838540473749,1.048468122362622
0.00946157283568135,0.033153004467337197,0.027905832590174106,0.03181565675535494,0.028900777206051977,0.0504609087465069,-0.003719468244964247,0.00362861458549861,0.03227852718368293,0.014505153219828343,1.0549297734086849
0.012944316732965437,0.02949116107789649,0.029909200583243954,0.04853762182815581,0.01489719839402234,0.037889582847440186,0.0036117433856726645,0.014836230023364098,0.025178755725797912,0.02749603981667772,1.0643244238176415
0.015172649827212682,0.03126152573538854,0.015083237883116328,0.0246636254091017,0.01797381572130486,0.007294922983033367,0.016860446993016566,0.006833911233890842,0.010452717260799842,0.037220329186358994,1.0447002584584013
0.014457219946094273,0.011835431322825654,0.01315491298276993,0.019529313890987682,0.004349422942532785,-0.011242856934493154,0.00610488081377465,0.0018405686203056522,0.007643079690745841,0.007979892697573317,1.0150814899575817
-0.010598628334513225,0.010400653901565598,0.01666278297736495,0.030292652930017067,0.008837715007104036,0.002988373589219495,0.022418774981437527,0.007886960693181348,0.015583659862689798,0.010984712518575253,1.0271478687912163
0.006085538076260162,0.02185257621155628,0.0021361753870770654,0.0048262070381279755,0.009509614787703423,-0.005265153150883488,-0.0072863330393559776,-0.000874384993372692,0.01758930277357905,-0.0007671160992624299,1.007296215055019
0.006908878054833235,0.014746770570195158,-0.0090002718642125,0.02364276775057792,0.016882859219786592,0.010424180088566692,-0.0046860752206293425,-0.005572893421193225,0.011521767099409816,0.006474331442146095,1.0228790381834891
-0.004392391550520269,0.03513723211781974,0.03485022804605963,0.012321111423754309,0.009328967208613884,0.010741948775938159,0.0069554564681859445,0.002236893328839685,0.03169174042942108,0.02345087598666445,1.0305136252007716
0.00947402851015199,0.03398575993565901,0.01911416246478701,0.025420075939251364,0.010451279734520246,0.010352686758999061,0.011597556058787001,0.01845346636734656,0.013944693209476335,0.022241987575926863,1.0412288272820098
-0.0013565194861233747,0.043861242679553034,0.01543124104254706,0.045376009694202885,0.001929689336910444,0.01564731410568556,-0.0022001863875774994,0.028134773635483855,0.03356890486741507,-0.004350103290810111,1.0422943718367808
0.019576304584069268,0.002324462066033069,0.0154054939603549,0.01685803665823669,0.016102509709281447,0.014810521154401218,-0.012362577988527483,0.023470648433652402,0.0006734401099630135,0.007231359724081416,1.032494839773959
0.006187291942814026,0.02099847451080882,0.026017853143290547,0.008095720186038689,0.01698494477064491,0.009175874949115046,-0.001828946437763772,0.011576416182662114,0.020008578666455404,0.017049093577917895,1.0295122753407129
0.01331501004750802,0.02314849561480886,0.01763988106894084,0.002109281489640416,-0.007280784965385839,0.022373437605352493,0.017128782608567032,-0.0020158132955294655,0.02401583942301491,0.004543163774892882,1.013543302683617
-0.0026776485130291135,0.011569805434257605,0.0017069223661809099,0.005321933009104754,0.011242601889308302,0.006877360270569057,0.0027089542625836796,0.007308650252544627,0.023680202380029387,0.020640983874954593,1.0237837976336797
0.01676388568565482,0.0322217603772806,0.03007983464097691,0.04716369568610827,0.014468750378312755,0.021556948407289996,0.004551157614222246,0.016058891680658927,0.022458741726266333,0.021251893313454256,1.0564484900033364
0.019656584889159057,0.02140428243343267,0.025829864422856758,0.024869334458179564,-0.013534539515894561,0.012990304954754027,0.01363054371373831,0.007249863583011409,0.02024739907404216,0.020222862303937682,1.0306489889659094
0.00864940591152531,0.04075074593427984,0.03427740694874601,0.04179633955625336,0.022049558191898123,0.026868303550456114,0.014101786681802704,0.0120864648011336,0.0059370336858869215,0.007269088024742279,1.0474810808830308
-0.00907220008954933,0.026436447489726123,0.02223137864891198,0.021146814431149265,-0.00361347680797824,0.007192886351117473,-0.0015436117970277531,0.011673711858513593,0.01815453721320421,0.02332416571065311,1.0300800746660028
0.02276082638606096,0.023370976173030255,0.004774606104318379,0.03065142299174728,0.020219370988174966,0.0109299250990612,0.013857474954329633,0.015146982177799273,0.0005837617786518742,-0.006762547297659072,1.030321017558134
0.012441339601941654,0.03291942811344703,0.028256006407428758,0.034333072591184635,0.01550172088127861,0.02697416345397061,0.008831342465760755,0.017431924069324936,0.008323539926470357,0.004969513040492022,1.0431478915983596
0.003180194093508164,0.0077718322875807,0.040180506544263264,0.008560994299299018,0.011164214117145337,0.0151413958443036,-0.004733725188336924,0.007253714377644303,0.00406747881266235,-0.00864984980859396,1.0132038632970266
0.03134249856580988,0.02462694649443714,0.015234468419405671,0.0056731012140436715,0.004099346854053632,0.008920434736559828,0.020889234746128617,0.004845090587158623,0.02044779385415131,0.010291659868553968,1.0214766209479713
0.006208121989400604,0.0012957493119132649,0.009381487517506785,0.019795984497802597,0.006490707169617235,0.02015808024532678,0.0014387100937103842,0.006864026537073929,0.0076717487581730555,0.01846565842800157,1.0304323550236176
0.016862505697139603,0.025412330723303463,0.01669081279722089,0.03450392301574265,0.025900794612202786,0.00990733256919122,0.026038875631639688,0.013872365534114748,0.0026823869052829685,0.0136793227181658,1.0425940754657874
-0.002945438047577355,0.038072534593617036,0.03537271366566401,0.03769282958356405,0.023009951836156083,0.019127721579143213,0.002512401981198042,0.018610466386164023,0.032658572906658356,0.001354330716156319,1.0449532787681013
0.007757353033752236,0.04835991535406538,0.010992647372864074,0.04113307712732964,0.0050468093427806,0.025464904455264666,0.010768205713942599,0.0187498507733648,0.018982581989162525,0.027882950340355955,1.0554136124542803
0.02537433966233208,0.011666834046260819,0.02359249501545458,0.035650439447613785,0.0167130250491853,0.014653863801251363,0.021533339064481787,0.011998156386241842,0.010450542062994565,0.02435892536461881,1.0473365667327803
0.014735279351772624,0.0324395135391148,0.032169347624789325,0.034136599424143044,0.01723874076777687,0.0070779946448741825,0.013779472926198943,0.030056430586892426,0.03969112160555207,0.025811291045681802,1.0562265541602511
0.026557179654719584,0.0025718000246728046,0.03781295214790552,0.018415673447271734,0.01868527050423356,0.03161598544461202,0.017459032690945134,0.015671131096916313,0.026770749418039887,0.0179078458933428,1.0454327595439568
0.016601574424232463,0.02466668372073074,0.006369970140442002,0.01374700380179543,0.015461534062884735,-0.005469063569064356,-0.0028451557692067203,0.0021463129614368876,0.0036260067031700788,0.007757688035481397,1.0181433562644144
0.00834240299679001,0.02004185197868186,0.02460656296383836,0.02094110179870201,0.007016820604504261,0.009555912925663861,-0.000717865107851717,0.011346791600581276,0.013900361415820642,0.017399311806397273,1.032019759393597
-0.003427890301699395,-0.005219561677227267,0.023470554688957788,0.0028962472419952288,0.017491429879917066,0.033225594714804504,0.011433326664453989,-0.016518555063203457,0.005496539847828144,-0.005445097791579272,1.0080970325925636
0.02216613162759409,0.036932981716884944,0.028664656832233595,0.03680368407910567,0.034519917586120774,0.03413861731170447,0.009761202402020462,0.022246597533993866,0.04829166515577232,0.007446531509110648,1.0611990982171036
0.012458861780379542,0.030452316788323296,0.015486525745283971,-0.002660495318022156,0.034013715634023,0.004037109782607002,0.002395074937977782,0.011483997138868595,-0.006700327280801546,0.009143794292990708,1.0222385449903977
0.0196995587204465,0.007913966425467128,0.007934982575066928,0.0356548419610296,0.012028892074036731,0.020592807031892667,0.024655645056728688,0.0024994835661874167,0.010602146810542976,0.0014371206750981363,1.0317814909753806
0.028227403630373467,0.03188970331887078,0.01791808651317098,0.061161528436496734,0.02080647746732835,0.008795983037590046,0.013546076343464164,0.026613089331579395,0.030780335708343785,0.02735490886843965,1.06954651714985
0.028616576619605025,0.022687770087006474,0.012868331274874408,0.013655074817315975,0.02164907440475506,0.0035701225768842524,0.03246356608096003,0.013462858556578684,0.017033243649898583,0.0006661324695227296,1.0262834877142584
0.012963448662214612,0.008490465612426605,0.016290675945348096,0.01952151373489004,-0.007559951955209573,0.022842436386525434,-0.0144429511368411,-0.004226517704067919,0.008676838521095333,0.01693439916862905,1.0238867486412297
0.006643552804378571,0.0315680182478063,0.019551426591461966,0.018839725566263142,0.01149951744376141,0.021761705591166122,-0.0014577408702465943,-0.0002552672298363635,0.006156603100151287,0.013268323994639817,1.0293208976889654
-0.0022454939496419444,0.03757789017943636,0.02418726579035651,0.04167484210716929,0.01188049559143086,0.03231084349188118,0.018326029979291936,0.020642409928463817,0.019058879569475533,0.03688167854352394,1.0630741991538446
0.010694729202720842,0.01949492900198536,0.014317529525445028,0.04305529367570882,-0.003722190430330242,-0.019901547832614948,0.0020633908709633327,0.010672205623535058,0.011627384949604495,0.01037839724157833,1.025973908777809
-0.007934189175263347,0.0089231360382664,0.017762091852705553,0.0169398788084154,0.002027919941256935,0.012367434386949707,0.000520675854487217,0.005195781193355643,0.014067954563421622,0.025651022740706183,1.0281694799449774
0.02103052383332826,0.0180762333975722,0.0162978598732691,0.02507516669099765,0.007398937363439205,0.0005619842543149282,0.006890154010542017,0.018148124964631973,0.0052923413535476745,0.013592533240769488,1.0320628028491257
0.010893980500113304,0.011250337520001891,0.022713622139163933,0.007762404211993746,0.01744539601112241,0.015469702956909477,0.010923860025939218,-0.004079870815617861,0.010379821633660701,0.023403381537043258,1.0268675500175475
-0.01435231252648282,0.017516276458644325,0.01710242387824858,0.006964209660693031,0.010738066888220023,0.006991505331007821,0.00967794933549028,0.03504457064633152,-0.009482390478768681,-0.01352511054417925,1.0144045868339773
0.020211228261922468,0.0021991590433469536,0.013797917868959682,0.01189214611826626,0.01609632816556823,0.019341896588286844,0.016853056207837707,0.009431764221294877,0.024007805476210585,0.006542703065383351,1.0283439700061558
0.036456051116399504,0.04043573992308001,0.019476941311541155,0.02501879672378203,-0.013618125092374068,0.010886239097676205,0.01769801404370505,0.0070262098065731905,0.01460481222755787,0.034444747999954034,1.0392641923607249
0.026650171086144522,0.029578790887039623,0.025241812956492287,0.040017005932930484,0.028569717677271147,0.023646477379406915,0.008899785978184476,0.013931151695771589,0.01919807596205037,0.006995045285369183,1.0507779605133136
0.028827954915611895,0.02283188777781997,0.03102123987528028,0.03420820422174447,0.0023255311257998172,0.04382189959574946,0.01735127530475935,0.024202265173396267,0.020640313193589176,0.01079141140149753,1.052293979015994
-0.0004699157706872549,0.02442275956682876,0.024463824915225914,0.0097320059948144,0.003954964176909381,0.01744888321829323,0.015530825057543211,0.010529322895844706,0.024795688143555192,0.00016234951281330484,1.0203223482694281
0.007416140144048183,0.031335340388629625,0.0014379673928957021,0.0199299788443451,0.018277223759519408,0.0030584516306164907,0.014552836191411705,0.01112378347233544,0.013962204512560411,0.00014131183950379274,1.0244842360152577
0.008596908621015852,0.013666470243340268,0.017655686325676986,0.022677691917648273,0.008579668348329201,0.0106648355421422,0.014284756291206652,0.026399914425193717,0.02258918224268606,0.022336857511962023,1.041884136579485
0.008183581475217777,0.03695518462568517,0.023111881702030844,0.03196034803853646,0.004463337964911884,0.03155917948247268,0.015115443861061624,0.020981545410348346,0.03584836362736783,-0.005211047485057355,1.039550081597782
0.0147171131180814,0.03964278215662061,0.030543900305186472,0.04298739917136433,0.020912508466369235,0.034371049718471866,0.012042332162703487,0.017580985636724014,0.05450836257248977,0.021154620515447885,1.0648964129972582
-0.007869304394310033,-0.009149410259353749,0.012305529078499192,0.018906717653195057,0.01131212260248538,0.003881476278501288,0.0014002326130428556,0.031332914366992766,0.017165330681409553,0.007725136737721147,1.0294977632424163
-0.016700465921872066,0.021095232491478006,0.02444252167154292,0.02814635731656711,0.012767831855921261,0.01737846411715472,-0.0009787481257929696,0.0004382740252322735,0.009790900372613518,-0.009622440004327066,1.0189935336365539
0.006275987817515342,0.0216336876552845,0.024601617345638278,0.021102230510941577,0.00482888821337466,-0.000157390653149507,0.013069889356060974,0.022775579627629647,0.01241145585628519,-0.0036688778031508905,1.0224177041593288
0.01062018412590256,0.018033428073294517,0.0014469486285167543,0.00903014501154089,0.00881066007990455,0.016301996253891195,0.0037409404407657944,0.024426194993800228,0.018383511486708273,-0.018183126469758455,1.0171615793871738
0.014988635902119704,0.038567756641015236,0.0162802692187991,0.043913813302730274,0.009478881297977824,0.0205249904803192,0.020496683245947934,0.013949408651883015,0.003205974621306411,0.013028246756769623,1.0458939417955377
0.02393534966151691,0.023232452655037886,0.02358360026947997,0.0315140166917569,0.0070546419483119086,0.025957601989362894,0.00060896671938627,0.024312351904774404,0.013614825547769346,0.02686045457666852,1.053281149679017
0.018237430759703105,0.019259416910629476,0.013636420672426383,-0.01320294918960813,0.009071755535231856,-0.0038357887587824923,0.008310667121547818,-0.0058257366766248445,0.01157400055322985,0.00655510715508977,1.0017157275061674
0.01127401144950635,0.0137184719565085,0.023925812035310943,0.022220609835128954,-0.011610580154313812,0.008499858404960401,0.0063679645219656585,0.00820909794490798,0.024453298030723394,0.008043415187554599,1.0221610135368182
0.03403168431947584,0.011551271067890992,0.005352769675678869,0.009396950305030818,0.029162767328471204,0.00986611738794744,0.004985094709829944,0.010506306456715478,0.01863547330716862,0.002192109951924779,1.0281013957359018
0.010205509821494173,0.008691557681938203,0.025276757886421107,0.04336917751705778,0.009615555949977553,0.014274983991845024,0.02462102248521271,0.01802808139981337,0.023682722235478848,-0.0023292867823296037,1.0378257793088683
0.008763346798466572,0.04176119849496296,0.026220218190960237,0.022430756202704353,0.012763503185056852,0.02576394126350165,0.011370660258219562,0.02687635423139257,0.0214498777636705,0.014351561552845908,1.046333552454536
0.02003142836869999,0.03317206118248961,0.028745209409654908,0.03475333824960017,0.019532722209129896,0.020776149157178698,0.02197930315728869,0.01073098109615018,-0.0014827565172826525,0.0324354081069047,1.05275269840358
0.005339424134067798,0.02319914512995936,0.02036585007899904,0.030094145817812553,0.0238582986828666,0.02160079541593588,0.0162127680598921,-0.00045687662524807396,0.012088263162444808,0.006079208810976419,1.0342496100799683
0.015478516105719209,0.024722961119105265,0.027135567397483643,0.04122566414924014,0.020740152113724493,0.012296977006363714,0.033714067871704854,0.03339710857240015,0.004613641109476055,0.012248259764811928,1.051902830056676
0.0024443728808612054,0.020454568024496904,0.011251179825847484,0.022875758448078397,0.006163301971175546,0.03906004059789341,0.011565973749014725,0.0007621001824039079,0.021060808049330144,0.023225623233042357,1.0399552272610701
0.00790449538066759,0.01170657452553137,0.003949516476943499,0.007667845882220083,0.013844134326829781,0.003768382774397468,0.0029894430435863273,0.007759720930968916,0.012290713283630197,0.008708988889837555,1.0191667226385623
0.028966164110115614,0.03308914016320326,0.04341828895467761,0.04054479046320961,0.010044793739486258,0.033446707776756464,0.02025182544183446,-0.005302654881876149,0.013964597040632099,0.03320113277169228,1.0540149599751982
0.011331421776447217,0.027201901434078146,0.03703111879750741,0.02502187526266892,0.024452143036032,0.019288041165590523,0.026346702911991163,0.01481129015320845,0.020483712598380277,0.016866975704026507,1.0447943529248755
-0.006906736218076155,0.022998823355142327,-0.0068034536942363655,0.0160435642394905,0.006352107420862385,0.01432470119847773,-0.0021553370004660376,0.004955606347673389,0.013882514718164901,-0.01073222818347759,1.0127011975431615
0.020617872389203082,0.027584626640470095,0.02970788833419895,0.016388676822668216,0.0319292331036892,0.02505836211027009,0.008564433173950116,0.02254888361516836,0.0197110737147698,0.011353437853037619,1.0461696957367899
-0.00682567403227515,0.01944889737341448,0.028884538325064407,0.018570586413608987,-0.0013520943656200272,0.0038694340165434955,0.0016861366617179404,0.016374538538412208,0.016350179427414745,0.006362857918117784,1.0219972427420116
0.023105768606456977,0.04335014600595367,0.022526698448754233,0.05212337511856546,-0.00012168140854946878,0.021948124441444464,0.010788277970787859,0.028446588013666632,0.013885995308447498,0.009558293159628355,1.0540169551776888
0.010697285349633032,0.014134205852001747,0.010305984054666357,-0.00020722301145504815,0.006792834338307303,0.009356673002881663,0.031609069281810204,0.05134735373835457,-0.00850441859096019,0.014897369713672256,1.0328008794110586
0.022716999108127654,0.02022489206237357,0.01742246501601471,0.02103762738835402,0.011570016849015756,-0.0009863936854883834,0.002552716861095941,0.020980590962370878,0.003529757183639624,0.00855141410003094,1.0299149775490741
-0.00342330167928526,0.017925870001281454,0.003854924185392867,0.02289698177080514,0.015614429322391784,0.017129798542659003,-0.024306044642390497,0.01324727839267505,0.018289997457438353,-0.0006089695571733222,1.0284837978489523
-0.003367887280636592,0.017949444572452553,0.028520227901894173,-0.009542205998324997,0.010596967896708774,0.014325409636853909,0.011140144944849946,-0.008684258568457283,0.010027373789773582,0.022601150309453248,1.0134767878680677
0.01036059825701975,0.010025671907375026,0.013661548200297503,0.0029174665555668326,-0.007584397798872223,0.01720042463864766,0.0017336766730645416,0.01521592704351676,0.016499534316694237,0.019068775741998056,1.0235447965061828
0.007724774477981534,0.024609031546573224,0.028871697499938013,0.04550033081095889,0.016187386303927045,0.019598630780891732,0.014941353769413163,-0.004438824837468654,0.02488989509497881,0.020545031182103397,1.045901060257407
0.006606873445977874,0.0340008217341772,0.023677300987539163,0.039500407177057405,0.009342371142416346,0.021309296877957826,0.006045387271633854,0.019204337431760435,0.007156153000714325,0.024018348795214882,1.0508311239906936
-0.0007535743485118929,0.028381561360502208,0.03882683960543139,0.03432527361868457,0.00701503244609776,0.021553619912873013,0.01432676151724024,0.03254320906220953,0.0075138692271157735,0.04146114718928452,1.0603834001923136
0.0027949549766230807,0.015088066504707058,0.013550090531597263,0.014638711986386482,-0.0011579328677154685,-0.006875443399367671,0.0011660917727036803,0.0002633904141655921,0.010438770184763989,0.004628144867091801,1.0096436398905186
0.002036105324840028,0.01580666741262727,0.004454060774031224,0.030770520149534797,0.01349110690456078,0.03500587352784711,0.00601976268091163,0.004446650342370002,0.018337765291634375,-0.00574143882464183,1.0312373562405193
0.030001068466455692,0.0331000273546113,0.0289126057703644,0.034124072381363196,0.021968723445928186,0.01979053179271169,0.01937247759093144,0.004267266318143035,0.02304399755220955,0.019092794250868413,1.04815404604094
0.014884787258593225,0.027022937547913534,0.038332388805199145,0.03195104410002019,0.02909445840413386,0.03545294705548574,0.01677942038792676,0.03167398498510339,0.017957052625983138,0.005757282830801374,1.055653930628222
0.017830483679587377,0.028512570005223555,0.03369307606895738,0.0497135518109499,0.015054853067454492,0.04445169862871213,0.02108890407350209,0.020930812503514324,0.013458052533919785,0.020869830441524892,1.065139538752563
0.011661456192974283,0.011786105342206612,-0.0005351793569752378,0.012252070348416952,-0.0005536635487482528,0.015400232131957634,0.005429358440318362,0.005417279130971701,0.013066281136107857,0.011799028417708447,1.0215001068140248
0.013495954187264965,0.04439987958410481,0.03596654243920463,0.035671703843560575,0.0027687494836979576,0.03186042876069445,0.019915857482702973,0.0060827414940582535,0.016239018535336464,0.005575622386455767,1.039502069362126
0.0006591019358511627,0.012653163124314318,0.021520320520404028,0.02249359863410666,0.01582294094304649,0.013152193302859452,0.0016048264507473242,0.009791043632295564,0.02901072755553135,0.009442004055619154,1.03220362127798
0.010527104696335138,0.019663623297866344,0.026314558242017526,0.024442730677129897,0.01953180070376669,0.029123777925362124,-0.0017693813823290248,0.023677967518932176,0.024124817238673543,0.0074259553975041075,1.0447121419592091
-0.0026307376308690265,0.014747714240754328,0.01930751649314937,0.036145942704246356,0.02094767413670818,0.013163618982116185,0.0013675644414107221,0.04296698580900557,0.016276331926291115,0.005234853056572789,1.0488242693221588
0.010902669979580023,0.028086117814130035,0.03060086407762313,0.021282090263245353,0.02645823573115212,0.023930562630954402,0.005546687143816534,0.026273522874587257,0.008467132881051812,0.024866154010064676,1.0519186941510816
0.0183473379336724,0.0035812093059942943,0.014395252484664313,0.028777549811818143,-0.0026672302683697583,0.01133132068770232,0.026065038416160993,0.03389420365137126,0.014249599918369386,0.02473518724619585,1.0447247742531114
0.007663882032721824,0.023551382981368392,0.02330140511999125,0.044780810816862075,0.021699570114141618,0.027234535926980122,0.014744901843544095,0.01996634027580512,0.014237809774358807,0.01987278153747591,1.0570261384654764
0.003039153245094895,0.029199828863416172,0.02649415800017009,0.02518835544015586,0.010438259556865084,0.0237186768686476,0.01615365851783393,0.017415183613584236,0.02645769887781314,0.003498193198093861,1.0364056771675907
0.0052475282784954815,0.03375721715804726,0.035525880763924905,0.02713272422883319,0.010036123789887448,0.00687965358961133,0.026452041647064415,0.016028880596727604,0.00931374555454043,0.026262124192377726,1.041101226308405
0.022525768941746578,0.03018302035530303,0.027835164730315994,0.0366028031222963,0.022091823165608357,0.022927797791705347,-0.007179715892980564,0.028641108312651903,0.027821834243645784,0.006070928024486836,1.0531260248627696
0.022819083584677675,0.01740708477527496,0.054856166265730574,0.04663223578547121,0.005645561686500426,0.018880908861300894,0.02052765489349278,0.018927484888810454,0.03008257719639035,0.02814435250700489,1.0582412757084714
0.014426766369759918,0.013884942240231412,0.01988998091969159,-0.0052643600038525876,-0.021224742581246375,0.019080610519865652,0.016548846025773067,0.013841356245401877,0.015073865170087486,0.02235254501827321,1.0180696462865315
-0.003591009160518332,0.019638296936548137,-1.311650867497939e-05,0.006304087362702011,0.003832374371426644,-0.0005594590517047273,-0.003549560308422156,0.02376069928598262,0.0010185822154459238,0.011172449182202518,1.0194638117779777
0.015410040930850329,0.02563593472476029,0.0022886109199681207,0.013318698713159148,0.015933578425361944,0.026052041919616065,0.028543798558212277,0.010210708225970524,0.009346054925660877,0.02673310145902378,1.0398995057751916
0.0008996720248584458,0.02650886187149679,0.025331699958681873,0.02931052813590545,0.02329053489788488,0.03064138024651889,0.027241003604890485,0.025192283519448428,0.016334243377056863,0.016368860645219252,1.0514407444983975
0.00613440046742908,0.032691974297952384,0.021373483336821066,0.048699956737021294,0.014841671907181732,0.015758620347295384,0.031018973527194987,0.02257472565135999,0.013344006380597505,0.024944635452128383,1.0568870949888367
0.01027850347671425,0.02440491918325175,0.02030608765260474,0.006863720472958903,0.006836450794019976,0.007147339708705167,0.009232010984515008,0.015562329993391319,0.011516861446668997,-0.005963191069365166,1.0154013113096245
0.013406310124529558,-0.0048558346240721445,0.009935652457676268,0.02087200008636233,0.012543763787459573,0.010004274641464098,0.010832934681590809,-0.010117637471615802,-0.00156358860870842,-0.005386899186438435,1.0109931703376414
0.021947281218915725,0.033420636798688834,0.01722302183754877,0.02752882315553215,0.02235333575354075,0.013318452133515624,0.006930700426398006,0.00999851763434103,0.03743785383311875,0.013111167559641139,1.0431883438306093
0.020625192420510093,0.056495061907364155,0.04957137233210929,0.040650218469918696,0.04739088575850338,0.04209952946955878,0.01819018345047678,0.03124917638505214,0.024344866093413513,0.0263011413565895,1.0806267149386097
0.011159560662889475,0.011420661233342004,0.0007492820847232757,0.017357557662137937,0.006265355322391111,0.009445347645353316,0.011955743867760988,-0.00017150071962495662,0.020029380781007737,0.020763406452884058,1.0268261188858334
0.00763415747078982,0.032513624521355866,0.040924245989590755,0.05337863308191765,-0.0022071090307307917,0.016669235125350353,0.002681572819084292,0.017025642243321128,0.028683756232739145,0.03487264208918892,1.0597591466852603
0.026095631324662187,0.010534650107432063,0.025602617593898043,0.01226853570988453,-0.0018628256083133947,0.015406438000901555,0.005906099967983602,0.006509799554990257,0.004770342174610021,-0.0008764006870191458,1.0169743325262584
0.003162486222459485,0.02692393332391735,0.025414418681848017,-0.0010899147325682014,0.009814221113993252,0.008816090757876954,-0.000851763493393453,0.006102902698435057,0.03108097132841814,0.013360214251301775,1.0206460787888343
-0.008951624575665954,0.0022105959344418565,0.006738331895783257,0.014005482819136644,0.017726689958198497,0.014882194868158307,-0.018000852419339373,0.0044502354850695005,0.0035154572138315614,0.009707774467846556,1.0223411575656178
0.01746152363797702,0.011330671616600837,0.014754704820386077,-0.0012150501438999393,0.020181382304942996,0.02452003215176566,0.022521707927459226,0.012696922515445143,0.017926767662242594,0.01402168904138764,1.0296005419045309
0.02284481342476558,0.024988854680458753,0.0334219454291562,0.019622780619997175,0.028304159840675098,0.026818690638882366,-0.003361273066280016,-0.008321324983423566,0.013659479893613994,0.003083631158346224,1.0309694143586665
0.020970177214659977,0.03363632511892527,0.024031795889296742,0.01772535341024998,0.01964327763152101,0.022169968196699988,0.014920610863588958,0.022275778899873092,0.010833364350354611,0.006892951781560395,1.039285560545847
-0.002002640787530178,0.014466723304049916,0.03807631124277605,0.014262636385483269,0.0472593016023641,0.008501721508446893,0.010915423757634914,0.003259486527463983,0.010043630937142844,0.01269925506886609,1.033351850437669
-0.0045351535408550536,0.022985183300924618,0.04232314584486972,0.019096635358438366,0.009402931602348202,0.02374715990481871,0.009229130135142451,0.014936067891428269,0.03050212311201561,0.019874537479374725,1.0398457597338089
0.023994074025572472,0.024665584124333947,0.0008842722781711027,0.030504989641208537,0.01239920094984191,0.02226496090681792,0.012752396066139173,0.014361439641647744,-0.00040333083767411446,0.025947310524412306,1.0466559426304236
0.006543029421210915,0.01038100976277297,0.01757603347416266,0.03181792065838263,0.023820180803131544,0.005951612547513543,0.015369622054230883,0.0030744396853659758,-0.0024998562272355827,0.0069900225408284266,1.0294131312544905
0.005897971159538097,0.025269428573779715,0.02393207012518549,0.03383813623950952,0.036242942121218986,0.008764020080204729,0.006391738721679,0.03129646951530651,0.03653326210187875,0.011877155110590495,1.053900999302087
0.016967463691084185,0.021946582269361324,0.010107763588944578,0.013548872299609244,0.008156928721653772,0.015287107781760744,-0.0022979745647916374,0.0006119206056319371,0.02319953688838599,0.014775934237296706,1.0272041355194943
0.015864470297402764,0.01996805299216942,0.0072065236851274455,0.015524501818156435,8.269402422479005e-05,0.0306131220054603,0.01602148610678765,0.009997276394717383,0.019527746560176293,-0.0006184171174013191,1.0256651887545025
0.002187418640827358,0.03260072724898479,0.029551814827046326,0.028551217011574145,0.012897033244477538,0.017467406020780632,0.00854322089118301,0.02564820751311892,0.03470170606804708,0.025296576725052547,1.0515639723826662
0.015564004849250992,0.02346927697836441,0.03334835368254219,0.046392450230176366,0.02485351441727262,0.011725402606190162,0.009043903465551728,0.03616249283713158,0.032472132914335636,0.024036293208089008,1.065586125055658
0.00931407136257923,0.02745238960263392,0.032489402529120075,0.04496159932475199,0.028742997133609824,0.02810653963012196,0.021652462892989957,0.01601724449355406,0.007647641769117803,0.024841714917179188,1.0602254983765136
0.013215799307292497,0.012174107305734459,0.027680056115462075,0.007221885880469955,0.02945454210865369,0.019381569277986104,0.02187948583957876,0.015062015440704055,0.008168810645958386,-0.0028226621261018114,1.0263321959616754
0.021055430796109675,0.062338601336009214,0.047390781439364885,0.03612967378396666,0.01381397827623047,0.022678153731396086,0.017455963298798078,0.041976337487508085,0.019113881405808858,0.004691672786291942,1.0564761336730994
0.017949048561796903,0.037456975712801856,0.020271997120757612,0.039014766526116906,0.007452801606456027,0.006893916292715168,0.01667922131387321,0.005898594541117507,0.011631563944604807,0.018397972765567875,1.03981700129453
0.005868919060450904,0.016802424825210036,0.012713564567102481,0.04291438321004572,0.019335757257104208,0.023763452705455025,0.0072575801483309894,0.024835022576902926,0.01490134073182448,0.024192489523956154,1.0574396384056124
0.015875608373322383,0.03825522996096796,0.01523167905139405,0.009487794932584413,0.02320979449665161,0.015429841536580832,0.006601500678954545,0.013323096059906852,0.016747307254208376,0.005494385417043272,1.0307155694017618
0.017400665131257737,0.04363683032720874,0.03641818303575505,0.020847507939009184,0.011543006285685272,0.02072311869315534,0.02181716173613667,-0.0005960147217555448,0.012873549354496897,0.01199940645099132,1.0324562743298684
0.01974362484075645,0.030292554401445744,0.027824969383928873,0.044187038343422524,0.0069981118589435565,0.013209724676443279,0.013890180917217674,0.0009510202980668615,0.015030707900733657,0.009045030004142359,1.037944310154668
0.014663098356577848,0.02248946383373797,0.012511993372936066,0.03168633707612682,0.018861807977909307,0.02877379955854669,-0.004795710504955829,0.020135196625489918,0.027035180657983493,0.02359129329532636,1.0546664023632328
0.024396918207625334,0.0261695462628179,0.015821893194622433,0.0276835442263797,0.012051705098495506,0.013324039203428945,0.014277938739673089,0.029524171217475907,0.04126556995967029,0.023378036504025076,1.0526365530319468
0.02939589388470366,0.015393306139787,0.017755226567599487,0.05213153103017389,0.035315547889008966,0.028531830474207584,0.005941061381845095,0.040173675628041805,0.023692803168471752,0.0024299922835606,1.0671781429541987
0.00869483286512044,0.02668847707323692,0.022408629947883264,0.015774855499392098,0.01621570541494361,0.015370753555785467,0.009607321789826335,0.010907266697927572,-0.004023407242045815,0.011923709702066153,1.029645115285873
0.01519024392961224,0.04480970366686508,0.027973721275087526,0.0233278529638049,0.007602852479599535,0.013677166744689115,0.0028582699694574693,0.0050445573836038066,0.02902764654077925,-0.0034806549846754624,1.0267576645695116
0.033040730554179346,0.02939468255177878,0.059558352467901324,0.06069496962801284,0.035571255443033745,0.013284222340443415,0.007764228134953446,0.011973098533767308,0.04231904591486437,0.027768091916466092,1.0727292283521142
0.01487508279979577,0.029902561515439387,0.00971792741716695,0.02684239049772316,0.009271174685966634,0.008104931685194716,0.006717449855423945,0.009653013348316752,0.023162415272653072,-0.00043422418796416895,1.0278713436616937
0.016150771327900097,0.02974268723364429,0.014342592870447264,0.027095881309516623,0.01325463989257642,0.006989089921537227,0.023479309635883412,0.006260773882761968,0.004301940963886027,0.012406217211843505,1.0315041051637421
0.0026680365263297284,0.03405578179873065,0.02402458553473976,0.017920726265062276,0.0014561327492979923,-0.000539176487045101,0.018714000169848994,0.014028769140905376,0.022534288505143354,0.011423401065034113,1.0253224206181635
0.018861625730604112,0.022343823287199888,0.017422593302777623,0.01619361364361907,0.027208992904229262,0.016308533997781125,0.006738300462846486,0.02652865601714538,0.020542039693117662,-0.01500806963367146,1.0301598904839795
0.001463682076432788,0.018912935598235946,0.008608257630805118,0.015810177193862927,0.010551865948282075,0.008968440134737316,0.008821470779378823,0.008481966355806274,0.017244299791427862,-0.00683091720606513,1.0168325640960685
0.01689948550701644,0.003773445934666088,0.020272080862500985,0.02853622861105587,0.019485900610225832,0.0090209291035042,0.016413304764280302,0.00781525264716994,0.024261897661831257,0.010261559516593436,1.034875046545948
0.006455572082981855,0.023781036112973764,0.010129012311505878,0.03358848120729573,0.0008503162197654635,-0.0003310595574692989,0.006892167528140141,0.002544065755927289,0.024078218077109057,0.02014491409017906,1.0316004393092746
0.010350822623639448,0.03507188997812975,0.04046782110957969,0.03555088023246031,0.01361577578645708,0.03890263013353431,0.01442462130913307,0.008556648142743444,0.011182390074534622,0.019854667604952813,1.0510214987722748
0.00999148105285362,0.014786284624834169,0.0318553808220224,0.009697060683063998,0.026093695221159126,0.007650274961669208,0.005996477203152577,-0.005908669608231082,0.02520020111244521,0.0027771840766601177,1.0196586240753276
0.021428024609151244,0.03088775790587137,0.02291785788657288,0.012618328781063198,0.02700918453899865,0.015973060140920387,0.005059077781211197,0.0009602656581766955,0.027873334224719,0.02056995258805447,1.0374966739508218
0.014116458561387723,0.012020082175014515,0.018839382130398985,0.008513675404673456,-0.01030199322829741,0.008887551006169708,-0.0011961959817016338,0.02359627974566575,0.02771309357136851,0.0008717223603714993,1.0194325908986461
0.02503096271766696,0.014561207548660445,0.01652255841086299,0.03336131323454338,0.013132373623080005,0.023793816728286333,0.02142727716434159,0.02468325748254771,0.018810637906952,0.016051392694225185,1.0498758613932015
0.01758192458581104,0.029941375033820355,0.035077812613911824,0.05066912744483574,0.020913107837317747,0.04246446928532419,-0.005169409093673921,0.017987569813278446,0.05217300418861673,0.018745441586051667,1.06950713596442
0.00048721282361455925,0.026126442594836548,0.026240488925962712,0.03640952918622156,0.031034280944555147,0.0362027869101111,0.029729175695132226,0.03280389132163727,0.015671650546227257,-0.005379313570401773,1.0510611782000485
0.00488201769592201,0.030900044871500817,0.031197748992121542,0.027040816485315568,0.014697790986768537,0.005973362202486593,-0.010349551531604217,0.014692529359832849,0.01425023286588048,0.012838780579723645,1.0358532720820917
0.00981440459120848,0.036701235425908044,0.020049567528016052,0.024085739151018484,0.005109468907942841,0.0031422905957591814,0.025655118902294674,0.005268724318680336,0.019130964440989152,0.026327266314744573,1.0344868686931992
0.019992760346415957,0.004081724118720199,0.011101771826510384,0.00343018789948505,0.0006003814141630464,0.011678239509889346,0.008835773453340674,0.015600447513168116,0.01734541395638424,0.014629253656375248,1.0231617595205447
-0.006649606622761727,-0.002549521188215607,-0.0020403593997581886,0.0007376788118723734,0.004362264430834295,0.011721319707698007,0.0034364600440835377,0.033287116648955326,0.008003105944288776,0.014262392171304594,1.0245470403225259
0.006923427316244264,0.04269926714520393,0.025818998830483053,0.03821113320041756,0.028812525805095527,0.020672174577453357,0.012692401397963939,-0.00021084682291600335,0.028402381244915894,0.02279427309739656,1.050951517488725
0.0053172695594814415,0.014206395582672426,0.018437188492076716,0.019569866632764197,0.002368655305864052,0.016091642292034577,-0.0031757224737443968,0.015038635047374477,0.02595092570258748,0.02853622839889872,1.0391599411770553
0.010753161277152524,0.014675573156158847,0.008775185471758467,0.015134778808813651,0.012625160691672029,0.012208444922686473,0.0056898805816139875,0.03301955204124382,0.02068587836968529,0.02386281436073289,1.0432998142677348
0.03079875987890455,0.04002931469400149,0.009318970803812356,0.03395633792788848,0.015027754799849634,0.013720018904705152,0.02005850435512683,-0.007177935109726974,0.014705352140271613,0.018870080467997437,1.0387351896067492
0.00984842729098374,0.019228815966266515,0.024275521466199428,0.007831545571033903,-0.003958037966074065,0.00611207552730102,-0.01130099716977302,0.02261815654051878,0.0066204183593672255,0.009633516728799233,1.0217894244867107
0.008566437570963651,0.030402494032427348,0.018919453112683372,0.01373981028272387,-0.006335510268539332,0.017825486248952364,0.01354300339407124,0.007014045952683326,0.008185954229225148,0.009404288469850138,1.0217059035822482
-0.003213134099709126,0.021221019596913145,0.025612827793521118,0.025902006534805278,0.0109634528969574,0.019319501121651622,0.01055858639604381,0.010973921264378926,0.008513221762670116,0.015337913697398776,1.035281238573749
0.028597726868022415,0.028660885925897734,0.031041880664399363,0.0387065073984756,0.026085314665439154,0.043304857408941855,0.012093644521728496,0.013560178924431636,0.037730256935142856,0.01977105516925393,1.063834103765867
0.011027683460852679,0.00703992162816003,0.03645452543578931,0.022006468026415586,0.016158682391070597,0.007339773078246839,0.0008549599653651439,0.029842055813323665,0.0042498108474152835,0.01130138182487558,1.037236390430393
0.025320308643699614,0.010838153087233841,0.01815313881550333,0.040798300720967726,0.003599775568106883,0.008398755872359786,-0.009604783881942934,0.021290004037321744,0.02505682572684197,0.014120971531224945,1.0444295763789864
0.014331515193699839,0.000474398331687869,0.015680626324806025,0.026412540751049995,0.011810985887382478,-0.000614182163489612,-0.0028757477836544986,0.01549450985945748,0.020953397913521406,0.005522141193048377,1.028538184111885
0.0070245409315071485,0.021456681656668673,0.017717524233904557,0.002929109025704006,0.01176753718994515,0.01053403231087681,0.005256578563743756,0.002277143965448975,-0.0022762348791642573,-0.0015976691286001075,1.0108160132919413
0.014376895404837704,0.01714789319855859,0.014098234045929317,0.02326157412569437,-0.006177980347870815,0.017111945142522123,0.02457356231025956,0.009145323202656352,0.01673563997037501,-0.004389077916566378,1.0205194318864592
0.019541252031817592,0.03108242465251572,0.01947946992659596,-0.00890609272780256,0.014992726029635275,0.009788832456366319,0.01594730050137331,0.01421674251823142,-0.0001105489869204293,0.0007541915772242662,1.014258845000986
0.009863315220223033,0.018869072502155186,0.011682912187486023,0.027595390229708146,0.01398674331840327,0.01598560920852843,0.011240699300883046,0.01922064070137667,0.01742584793839161,0.017363831745448838,1.0420057338728643
0.020471150535870175,0.03151953495731285,0.03628661451859856,0.05496360008885247,0.020438513113738132,0.019185663501745356,0.0234069479372199,0.025455719188495117,0.02460770101788489,0.01641794755976452,1.0629461920499637
0.023236688780591187,0.012771277513675088,0.022037510445132413,0.02233536442238202,-0.005319326339699251,0.026339078625616692,0.006514519943976975,0.04021251958426815,0.02042479672181377,0.009117280109824473,1.043049916435857
0.004679242314819671,0.026496871228183283,0.0018423465622065226,0.0015735207696480867,0.014931893781298113,0.011222309872801997,0.015034082133391604,0.01036195418949802,-0.0005063593747381499,0.010092349706672632,1.019697184879078
0.004831560910166982,0.023949937595480125,0.007981334339471468,0.011531609341823698,0.005061881370481866,0.0024169496667356873,0.014136708780656499,0.01545350944770653,0.01159836899219019,0.022442617818369946,1.0278991638040764
0.016821831003054885,0.02416036775885279,0.012168961916108468,0.02552948675720926,-0.0068864801296073955,0.01084207826013531,0.011336995045740303,0.0008650300270894376,0.02700072642698263,0.017828194110237033,1.0289336270015328
0.009736858870408018,0.00494057385367766,0.01874616286955463,0.003202260430631024,0.008477754015012134,0.008469394114724688,0.02332544917915596,0.0222965664508884,0.007178056184944595,-0.005474003368324369,1.0151560341425514
-0.008417127735457795,0.029352417444272822,0.0007961596970398974,0.022484053524140787,-0.00045027217474161857,0.032894971777929036,0.01890717535937045,0.004021278991703484,0.011941829675741646,0.01889933436889496,1.0330775870713889
0.01529175469079945,0.02688267877972636,0.04197926848673113,0.04123506754257711,0.018226028251915532,0.03362847517483569,0.025546915487947595,0.023667184710851875,0.010611801962424651,0.020842795637053872,1.0594159106069199
-0.014931402857976716,0.029699337593506882,0.01169642754770673,0.0051558023453788845,-0.011194787611681937,0.01648787718989571,0.01254313586727592,-0.012728465300372136,0.017343574260223277,0.0017003145047474397,1.0027887987480717
0.01567043422924731,0.025194963859665465,0.014400704264270339,0.01926959269063827,-0.011715690374343096,0.0006936209553714111,0.0025250264998012907,-0.0008037778699642589,0.027982384870114396,-0.004290688070273472,1.0106702945209503
0.008586957779848595,0.009471014957602863,0.022241887925722688,0.04031984234141946,0.0150332348305813,0.0036656137620721795,0.014999300658435289,0.004564034170957481,0.006035389363927276,0.016266213822936405,1.0362950919977532
0.0055736891906983475,0.0030791264297185296,0.025975124589866175,0.018974697290326505,0.0021742388607000314,0.007524874863465064,0.014083758075386654,-0.00018485006480020022,0.012317235474641482,0.033213998693031405,1.0302439620712538
0.019585045603808145,0.05373138901779141,0.04765068836320642,0.049526922595484524,0.036534236045852424,0.04263125452904044,0.0188745350197871,0.02145654713759777,0.03501800687245338,0.012728531818766532,1.072285264493956
0.0007223857380622744,0.024197100312501912,0.013699415118582713,0.026847005316796336,0.006024722897983345,0.008204578441893158,0.00449061389524818,0.022004418521769084,0.008236216612952403,0.01819556321985374,1.036812804658234
0.016632730709267646,0.02917295822104346,0.007358151658903682,0.021531528248159303,-0.007790788632905417,0.01920494520485622,-0.006235199195588663,0.017579835683746707,0.01382022168177358,0.005842353863847887,1.0289621065522951
0.012062982000964922,0.04142847938175449,0.01271658673550228,0.02668556059338343,9.339299038547185e-05,0.018335260719454887,0.01170914253290451,-0.014578477531922096,0.0039457237785820425,-0.018677603176882916,1.008620409651173
0.01585333088775791,0.03332166432542047,0.011961633404764955,0.03174060939509758,0.022581330549515385,0.015124446594767691,-0.006428912935660083,0.024451575563818367,0.016223233360724853,0.020784712059447326,1.0516604742762183
0.00830897360107213,0.025835499302356263,0.016316669697840583,0.023432483813341606,0.026871199357941897,0.01815051133291635,0.003495325637817363,0.011924692937559303,0.013295462532282181,0.009784138150822758,1.0382665310008092
0.016907138687847333,0.0014062772115589033,0.02402491289817167,0.006392835998381153,0.01731794255745217,0.012486797781838418,0.003253520094584701,0.025422620361939114,0.0017005203736691378,0.0034834348838255237,1.0261927167611897
0.02039387555503066,0.03595613505230061,0.022011371060443787,0.039848385401955115,0.01958971288023054,0.02419719448445546,0.0011728365675900757,0.014027082706803081,0.04729243074511073,0.031984749849081576,1.0631641108348944
0.007183194044897049,0.01922777128457479,0.009823147468943473,0.02009900412053832,0.019468223774771726,0.03683133101821121,0.016911281863713885,0.0069834981014490986,0.01045014882248312,0.002354557257829787,1.0335123060228455
0.011690886167394113,0.017712384536995397,0.022475655536635365,0.0436291269228255,0.014948032309107042,0.0017017841343210313,-0.0009574673372200904,0.02391339128234945,0.017595804566929794,0.022656640549097384,1.0501551943662082
0.02622696564484897,0.028742044087792157,0.03333735692550409,0.022032943792295416,-0.01645878455227138,0.009595225550288992,0.00017819276420134,0.009792146116390954,0.011743735917873841,0.02962747452670321,1.0336365424695106
0.0076299018106351455,0.02223563438436207,0.026287201834754255,0.025836133958926658,0.02435297816888049,0.016153225641415147,0.017773777893954023,0.022723732512783305,0.006543002669589262,0.005347655413581146,1.0390434390327308
0.012633795452623501,-1.4278973324774458e-06,0.02354235291757116,0.01583269284695573,0.0055393651216896714,0.03252223586095829,0.0022367047767513776,0.028324585304214563,0.016932569635439855,0.029251287882095744,1.0476274498570666
0.01460748595011346,0.012284182347326813,-0.0002504257311091683,0.02057589027347335,0.009988729957427825,-0.004747010996235632,0.008089359753478659,0.016296628283916093,-0.0061152629159585345,0.00015750609677432723,1.0190032880631734
0.0017870658270542107,-0.0023560999955758947,0.003151139545743139,0.011873720904305968,0.003856267806345304,0.015431945860387755,-0.0031948199745691673,-0.0077812932894052896,0.015086964345653969,0.010748991400719455,1.0152760879502978
0.0012788385111586718,0.040758969211921334,0.009501295030489656,0.03675503981399218,0.01115574693109997,0.02623159883528372,0.0019508780924761653,0.01872651494558373,0.03106815200019429,0.012346649528346538,1.0481833189712215
0.0002491205031744581,0.017677339109061302,0.021629101016788825,0.022001423865499234,0.023435710812449773,0.02292480628428585,0.016731486814023835,0.016899707855224107,0.007161323063684223,0.008587338263097127,1.0371164010958633
0.003005762037347145,0.018502323991903928,0.017313722307250763,0.020676789300548618,-0.008350973669395977,0.03463882303236532,0.022957071000257383,0.032239137543806376,0.030629722299860846,0.010236743314275416,1.0403292674772233
0.0012240138563639653,0.028844639746759375,0.01571601551720566,0.011030250060985382,8.947748575708313e-05,0.02592058443368901,0.014216980658975573,0.004954599531827015,0.01204454494247267,0.006701719029737829,1.0221101785023747
0.00701923992457455,0.0015931185835704985,0.013775531714034802,0.030213667685444565,0.01952540357442994,0.02597977024710449,0.007919361176985907,-0.002228458074284966,0.0020162895093388047,0.004149876932079827,1.0300067757457776
0.018967652627439237,0.0168393782080513,-0.0033983503381447774,0.03759864138312202,-0.001690604129542514,0.009672015851016649,0.008269988538960342,0.01304401367754728,-0.01280414018175058,0.010697956084572718,1.0314287728845613
0.016677973255328417,0.0004429660367269925,0.033080963581440845,0.037121286848307976,0.018937010458664843,0.02376593363662093,0.015113012538564783,0.009908551377034875,0.010458195782590548,0.012870219702694308,1.043651455590636
0.0031901255808445455,0.02236328767059951,0.017269258111564725,0.029672353344430462,0.02167646302876922,0.014654944871478368,-0.0019043451945585845,0.010731522514320836,0.029161689766016897,0.016448363731623332,1.0422968373505275
0.0119659950678912,0.004457734220307524,0.015059549446779617,0.015702142712271917,0.019409347130979,0.008685186909321338,0.005886394554402997,0.009656721561058774,0.01946090598187399,0.0285350366952061,1.0371642883059125
0.004769383315264339,0.018350661629994422,-0.0018047486332195654,0.01855748448776948,0.005291957008469175,0.020959325962935045,0.003995230537005979,0.005305368572680194,0.02052665439805365,0.006476744236568359,1.0257432142991454
0.005106938721990986,0.009280009749908048,0.023620925860016607,0.006803708418704059,0.006102070554866555,0.0036556282857974206,0.01686154935964889,-0.0034791085839042833,0.007921051750787096,0.012845559675560708,1.0135637109845652
0.024138950431164194,0.0293033355987812,0.02848681904954497,0.02290849369530496,0.008474318414821784,0.024338352137601705,0.0209982571001774,0.024762867814038005,0.03746073287072868,0.006627055377224411,1.0430779860509858
0.01899651013930539,0.03751381135726358,0.02947983775184238,0.028823149658849443,0.021951555599256895,0.030068477572799564,0.00997651032174628,-0.0020913171725192303,0.0009380754553836232,0.005856916615058374,1.0367189478345302
-0.007091847496992378,0.013043518851930749,-0.002427019365700729,0.03022866156923407,0.015400705956356849,0.014078508878683057,0.010057600936703066,0.02806337307736523,0.023903322880929972,0.012032033818387262,1.0417681326653145
-0.011242686102143792,0.012525882689795763,0.028024866653513322,0.014691945837942515,0.0008191318189208225,0.007358718120971639,0.014174302350513424,0.00489819608902301,0.014181050552885856,0.009147891844606341,1.017391343867299
0.010854396622136024,0.018907871339407818,0.019502288835583723,0.025247895853792605,0.0316113439492518,0.02776798710248812,0.03023298880213586,0.027853068937122492,0.033376437964357436,0.00047278124326105564,1.0470079899982103
0.013913645555070114,0.031095259876175133,0.023393452640983383,0.014465874616336898,-0.001826248261850254,0.0054771767028475036,0.004625653584764077,0.01756635408768474,0.02300450787057926,0.0011959481996233895,1.0224065591358724
0.011099363335050802,0.014566704373288435,0.021773657054029463,0.022133382952210415,0.02323305305785417,0.030062281719819013,-0.00184841896244469,0.009535340135468667,0.01898591104135483,0.004931835977916854,1.0373702233935576
0.02719825760043088,0.043047737328150315,0.02137512039906772,0.021175338203408667,-0.0013179713112045823,0.0171113631657685,-0.014783525608905643,0.004557446848170353,0.001991452683514843,0.005920740323228745,1.0265823746836333
0.010111571361320036,0.00783454699190805,0.03994922260182689,0.012620434936666775,0.04257203761366989,0.03077900917676045,0.008398276661279076,0.03268524140929981,0.030502144438623216,0.02342826717351606,1.0577638319023348
0.012980124759634523,0.02928508172581332,0.0350208215754103,0.017772857730690796,0.010630413165027133,0.013595298383887136,0.020709870824432194,0.004658566774681502,0.02583044857041484,0.0062599710421514755,1.0277699021088298
-0.001988507482093232,0.025294498483806226,0.030913160506350148,0.03517910647976713,0.01666379936200994,0.030462921418149286,0.01292902576563997,0.006674147400461315,0.018729545219433492,0.024435600557248065,1.0490278890517946
0.009253828900892595,0.01972437327868299,0.030787936966788856,0.026653666715099954,0.0047480815474692,0.017405066653559224,0.018102182663830242,0.037964700472151586,0.02760730339502716,0.008463223245042603,1.0439538940961417
0.014867850715308498,0.02665900833248022,0.008329808294594194,0.003275421687856767,0.012421423999449411,0.005293637099388536,0.010478767628516052,0.0026449118933104202,0.003959455338634401,0.003807813587817746,1.0139851020546458
0.011060022108133661,0.012670110084512489,0.0314330160899778,0.028620013460096266,0.019361808644945473,0.02682676411143814,0.026223940339455305,0.01175134320777695,-0.00611699999262226,0.020582887368202164,1.0433750685544592
0.03419506944885786,0.03484628681374242,0.03510417791304132,0.04726890010755566,0.004838979242307022,0.011512887426382064,0.005200148998254599,0.019983109354004082,0.01607638250878615,0.01700137025209702,1.0517594879350198
0.013934294856997983,0.020624277645195727,0.02872649800421384,0.019361417823711747,0.006625305976524885,0.029892682359566693,0.01505508878474217,0.019980234498314636,0.007959665935781698,-0.0008693962460496127,1.0319642384487013
0.01774900849958948,0.02615010573382914,0.025458526327445278,0.02090274329650132,0.005710834679998968,0.0064585904506945045,0.017946119487913977,0.011780823789762002,0.0325793490282358,0.019950031443737696,1.0356458890538576
0.010405311816993681,0.03301160858202284,-0.0012805174972148753,0.014179474061198452,-3.890130009225057e-05,-0.004081893874586998,0.006164051336844322,0.017428498951881498,0.015809308714351128,0.005298408083494296,1.019888834911105
0.01782232650694294,0.02588646138680244,0.03214509058301563,0.03438923135946329,0.015103477533902714,0.015549609984862963,0.025583780676845646,0.032020602818351236,0.027450343276806084,0.01689021453029533,1.0530993504745276
0.01502321430945973,0.027262993799018562,0.0422869687772107,0.03249676160961219,0.023931993911706383,0.024399763123871217,0.018776660306881382,0.02093688614180058,0.024513062111569357,0.01253443185046563,1.0510387848398046
0.01514265360131595,0.019267420004372367,0.011879164801005851,0.03378536889550293,0.01027733250096107,0.002682273452998053,0.03439669080103672,0.01071794483376441,0.016439521269894133,0.012268731813601965,1.0342974971799221
0.01642357791492714,0.010390617461271005,0.0243700462759954,0.017941935621616466,-0.004092173096138721,0.004068659480189243,0.03831699411684285,0.019543884850450857,0.01760289795928625,0.0005644269614987797,1.0210755457584477
0.01759467213031271,0.0013140677657925964,0.01056535892979663,0.007687636185386123,0.018889991910563297,0.003378031795601231,-0.003322141348632709,0.013891369874322025,0.011219053640139354,0.003933382489231568,1.0211134598669254
0.0023100590936106944,0.026194483831881086,0.023212058148885252,0.02929591478766024,0.011009293415822477,0.017655659705065677,0.03034268331508655,0.02219511317768562,0.009260264777716836,0.03471368122902455,1.0506544487683163
0.0045365549123202505,0.03106924009850682,0.00832965025711897,0.03476734748859094,0.006647761268878543,0.028362327858212785,0.010225720172227165,0.02860307922364018,0.032188701733343754,0.01274884115018591,1.0502167913024691
0.002005158267978833,0.013737091889874022,0.002039906282947212,0.017714027016637636,-0.004417026989923589,0.010823853156033483,0.0020341117478438328,0.005978256406325457,0.021130811060223437,0.004682788716508308,1.0183631955049228
0.011546438645156181,0.026904464351944872,0.035992874362951545,0.024237727676367775,0.0013365803616252423,0.016438781158737932,0.020365327146431675,0.005761916743958994,0.030809503307888716,0.016051700309285467,1.0341776752734748
-0.000997161222160754,0.02849168079580103,0.0028915958636157434,0.016999353446748414,0.006710312918465134,0.023025287693690485,0.00884044572818399,-0.0005143904928239284,0.011053330380186157,0.010125455518337628,1.0246694205906737
0.002468706183052888,0.0087513236830205,0.02105986233251521,0.010721164806999688,0.01203861703518071,0.043443715395675965,-0.00467828799849916,0.003851919167252283,0.011528128785750418,0.009443518528391077,1.0306032586995422
0.0025784783319027036,0.02542588749166294,0.02218210413417358,0.01799674358705363,0.016591118064423975,0.020413251216901983,0.013973347955895903,0.017484860491507034,0.006255837115943035,0.01420999247244426,1.0362308980204258
0.010414636380562092,0.030446299181174658,0.028260131206223296,0.04651641818453614,0.009442895710003028,0.009305916468666851,0.020319594563612188,0.018131863273819243,0.015491932284998906,0.01026562649326287,1.04459504583185
0.0006531929491121625,0.0420497339915532,0.02276227005349609,0.03942731282721495,0.021743401489209037,0.022522141760067553,-0.0164527004663444,0.008978051708507087,0.04513702764214485,0.005988173274579948,1.0469227666647787
0.016361546281618455,0.030945473328344263,0.044415362845758095,0.02331144350130086,-0.006692243810084054,0.04787565433950441,0.015582139218629066,0.01986364943617082,0.01791597061997227,0.012012773703561939,1.0441220891054797
0.009323176411997518,0.02584449399295882,0.025257898295780113,0.037981229416966966,0.01857848467945595,0.01888462000453303,0.01890423988347184,0.024474428225242185,0.023824474015168483,0.012317785804570526,1.0501319495053858
0.005577340241092406,0.022657987619374383,0.03470117873301738,0.012649987026678699,0.004900532517161739,0.037594259147785615,0.012011136199702427,0.016527121000689954,0.022933083790719094,0.012059506120056072,1.036715775727302
0.01869138029430558,0.018157899334157398,0.03081464588547299,0.031223116280646085,0.008165917201796062,0.02525956906484212,0.021660600999542416,0.034678186273705364,0.021889928177722038,0.04728920064626122,1.06688576255532
0.0102060773367932,0.030785824897356723,0.018834565369069696,0.03680444880546041,0.008103693381234896,0.027488066483877742,0.0190330815432737,0.026368110222463048,0.018493627243349933,0.011455531392987522,1.0491089216296134
-0.005408146088807081,0.02351909155587332,0.03474327013975388,0.009384349751867634,-0.0009897688826662372,0.0041943985260284545,0.002271982838876644,0.0038312597033636504,0.005472665234300178,0.02317283382495388,1.0205960265227725
0.03391719874595439,0.035257234972394386,0.03632188854918253,0.0327618491142499,-0.01336884852667252,0.02553044823820335,0.006480920000871711,0.011771796957104123,0.04646969663974601,0.015837099003356867,1.0439758338730103
0.019592521970782064,0.03408197340507484,-0.0031006416797632434,0.021923415752947758,-0.007717909248576284,0.01492975241640331,-0.020395471148059993,0.013611486153942667,0.002340981868377126,0.012449433651900378,1.0286902319045097
0.010580224309513941,0.018156515190116893,0.026682388709768582,0.018595308424179165,0.01250810972878122,0.013836797646677659,-0.00989033035244279,-0.009065741523199009,0.013326503155904616,0.006945723697910294,1.0213114039341449
0.024905602685518436,0.04052443228886207,0.025286507320214174,0.019050555903860435,0.004752705981400429,0.00152501679419597,-0.005163488878959182,0.005088085558724404,0.023168266840324664,0.017421826053152192,1.0303597650575966
0.0053187722198233325,0.0217121574833133,0.002577242463193888,0.007743048365052048,0.010357426550840416,0.012269829191051674,0.003313536048341531,0.0175024564989341,0.018041077169244208,0.005445020846809331,1.024033151040975
0.018109920835546855,0.03939091543983539,0.03822329127718573,0.0524001936631202,0.02024821457247622,0.038444762585050765,0.015164899049415224,0.027749753232307175,0.01777469377481236,0.028049360238530486,1.0736618756954914
-0.009655039009046565,0.01568225746163584,0.010915103137771309,0.00433802484076755,0.022780537473980914,0.01616081155464683,-0.003750360610053685,0.014865548772322445,0.019327239695574053,0.0012382189802839349,1.0225702699468135
0.018180845977871386,0.021908794363995596,0.0003438231731817381,0.010706278601208662,-0.0033896340663306145,0.008282606864289815,-0.00470967351299843,-0.008940807180841791,0.015661627521513764,0.00857437999286779,1.0127677555306474
-0.0005678507864260943,0.034349829503445575,0.021578609390791006,0.01963385097610683,-0.004612723683455536,0.012522557000478246,0.007261695040871607,0.032813080649080846,0.01254363745315353,0.01407033331410729,1.0352541975426448
0.009822731484824765,0.023042244079641994,0.023091374190772118,0.007460813620560964,0.030927891692792128,0.027748449165827332,0.001196659150396004,0.02709091870647157,0.029024906195238415,0.012443199271805486,1.0442358697595324
0.012119882890929499,0.02041087846477804,0.03731724786233302,0.029183064186266733,0.020828747447882642,0.019908017615834522,-0.0036830501938987714,0.017290257439505245,0.029757610223191282,0.03828220687997065,1.0579237393272873
-0.01170430162845236,0.019628665497903888,0.01840617207126982,0.017839137970693232,0.026141257578162477,-0.010279417984475223,0.0004410364661532745,-0.0015203685616240956,0.0011263960375462786,0.014821809747187938,1.019945368939874
0.03079294798630495,0.018671273158939048,0.030325937479763174,0.014301378496328334,0.01710080486206542,0.025992197697285457,0.0276541425144161,0.007901525194027613,0.014567602399717291,0.01616926127388396,1.0375520145994086
0.00505154618691374,0.027766279718978396,-0.004802204590318802,0.006506127411401643,0.025197767257620685,0.003497568999438958,-0.00033871532019247395,-0.0015533640380014525,0.011454315312945752,0.01276327229303783,1.0208171091834504
0.02054922708681631,0.020568737272241996,0.030997083145538076,0.031166529365179874,0.020685301005199823,0.03080501463039123,0.013277304737478084,0.02486004170756132,0.02428460164716926,0.032494726933950176,1.0622250686499155
0.017322433625752594,0.006868800631230602,0.02085110663484394,0.02866629256459844,0.010859754418523307,0.02095165537978218,0.015339893455713731,0.005434713908890828,0.01932180181594947,0.025823124568798178,1.042245913011697
0.016304965316734744,0.020794308118524455,0.010208761137294974,0.014691613253593788,0.012473373585942416,0.010350840511443622,0.01226166514407979,0.019913488191594116,0.005551964849981262,0.011399705557591417,1.0308803294206148
0.019822432102545952,0.03208063443636987,0.01143448026079504,0.028100731917792908,-0.013449664458558514,0.016690326113597637,-0.01458316284345924,0.010216928135672388,0.011552493307963905,0.009990025485859762,1.0292249625936196
0.001440604494748035,0.0241183018100247,0.00032946997217645976,0.027572362989910705,0.0002607287702632048,0.008498936337038833,0.02071178747311827,0.023453159920971273,0.034838329598718645,0.02112519289308764,1.0400828481383049
0.018458764389069442,0.0010632063748484896,0.005011874589675287,0.028563360126575302,1.244891027247369e-05,0.0031150962950197477,0.020302012932429267,-0.0005032659103255434,-0.010043530495148776,0.007775158666370136,1.0184391689125267
0.018098073711794886,0.01643632928963441,0.020271272038621023,0.016493410350815342,0.019395441840289032,0.025566672145999395,0.001190062114792171,0.04237959733295742,0.029448282394667707,0.014625800790969614,1.0516037589568232
0.007525438002278802,0.031054630549049576,0.028636994441372146,0.029371411832165004,0.011361875809734186,0.03766667976513967,0.015609614527991426,0.029726267896624893,0.02500537894988586,-0.02328195466667917,1.035388046472871
-0.000539865816446162,-0.003978013859387293,0.018629555307454884,0.029470096844973794,0.013315729244625103,-0.005112007351973615,0.0034657067789634153,0.005160482087258733,0.014652903562670027,-0.0027789032787855304,1.018289333113368
0.01646681751551183,0.017767978861000552,0.033859722542895654,0.024874232507169643,0.00884889001239065,0.019092512558557456,0.025300699278109896,0.027452515333401175,0.008040480524052351,0.013615421107887195,1.0417113514199916
0.012061713535448144,0.015478154335508285,0.013239234600187456,0.04089508728031079,0.011817294221917322,0.015413114630291165,0.006393549486268521,0.02098692235830414,0.04343355054103294,0.016660376865506383,1.0507255148096957
0.0021332259378026228,0.029717685277052715,0.013263348198108921,0.03126227055842318,0.0030097938967938945,0.01648691713135772,0.005342200646882591,0.026924607993808365,0.01483256770832564,0.006925259051561746,1.038323809454351
0.02254684937052471,0.02321655111494382,0.01827859822874342,0.030360215581875554,0.03829322039654644,0.013982487251174852,0.033349339786689705,0.018419274764533203,0.013743298050501718,0.026655722095035073,1.0552617572599787
-0.0018865992108932396,0.03088834277148894,0.026042016368899096,0.015349787095539243,0.019664539568084734,0.03812026121677785,0.007572097833240503,0.007521521294449591,0.01847642913865115,0.008972454503012706,1.036533660161604
0.003066969889690907,0.026101996265187968,0.02452946828622264,0.014387600246308113,0.011326895878637331,0.03574510227897949,0.022161654240259957,0.005390412768411509,0.032209954008414345,0.023374461810736415,1.0405664841452442
-0.004266389205343909,0.0056967282572864784,0.003969788863772407,0.019706822243386223,0.005557327208684546,-0.00887740625225455,0.009118954655720582,0.010690303808560776,0.0017142907973070349,-0.015942055364772948,1.0045631679875484
0.012556899872734206,0.027301139618254328,0.02463610286565311,0.018791149751972967,0.02695794945182179,0.019335201153669244,0.015816834989935743,0.035747721705777696,0.003809353241384688,0.012615363950261995,1.0466336589590899
0.005775841333231488,0.03593993437236077,0.006458503733350071,0.019189059737170888,0.0013291459138304726,0.02457634998521465,0.0020822195418330964,0.0025217139849341118,0.005683077328099705,0.002060551688933073,1.0228173292812934
0.009271431006601764,0.015224279145876837,-0.005202820791613312,0.02837753048437505,0.00036735543638148974,0.022975664734970484,0.015134123016951093,-0.00018002169834012947,0.02637588254506323,0.007327808186657399,1.028421099708281
0.012627254357983213,0.040586261847097266,0.02595275661277163,0.03721014385333526,0.024787571955501433,0.028656152583697102,0.006573652843615123,0.023973717095897788,0.01715349580419991,0.011093974309354116,1.0547056329365179
0.016987666338795643,0.029614925999465695,0.04182753965623749,0.03993587374082129,0.0093536650297843,0.021517119594165367,0.009217459175638217,0.007356854670097786,0.013029183028252496,0.005687932873127162,1.0399678460640094
0.015655448726568086,0.024549316490266673,0.02476465727294504,0.02108023373187535,0.011508704636443521,0.030435985579282253,0.011134117692128567,0.02553986440294534,0.028618990914916903,0.016981751028781588,1.047795332526087
0.016606127432905102,0.047538462032464895,0.04894249146643907,0.030294333766532885,0.027349844265958163,0.02858651087975855,0.0007400046834637446,0.02735942082634103,0.03850413872478711,0.016876536618265388,1.0606320090589703
0.0052358645388095836,0.01150163932748351,0.0018450300754603403,0.0013954185147707718,0.016371182493277247,0.016167580166219286,0.02605569126782189,0.028035036285953642,0.009589165785406757,-0.00032022449306305656,1.0233345463387795
0.005984999149538851,0.026916448140725358,0.045272472151594245,0.03116366396402951,0.029256723261742053,0.03222069263445345,0.010461230740516697,0.02783895120705769,0.015972037673453437,0.02377978056473309,1.06044741959425
0.006010550557799459,-0.0017351467627796085,0.010833002289550794,0.009516528713522928,0.020604809075090803,0.007201241416824359,0.029666845497548583,0.010969579531513236,0.010701935213013077,0.016839416089653947,1.0266018089602411
0.01978888730440487,0.025948160742072266,0.029536650339876194,0.0423154230759427,0.02187460454253365,0.013460327151111114,0.018423482939982083,0.02104012433414313,0.023701377673244206,0.0174470356699055,1.053909330774473
0.008380008521084671,0.006916424020532002,0.01717201375049497,0.027597873596657177,0.0016912545193137948,-0.008865385128197673,0.006972746035008107,0.012828761643179126,0.02651281448367524,-0.0010836852916305479,1.0198209945169092
0.020814507589119735,0.006646490113676165,0.00287369663037571,0.015290527762811932,0.024133154114256615,0.037760758171342286,0.0011519811265641557,0.005044601512564111,0.025577512618244806,0.00092480511673209,1.0339303517040086
0.0038883309113527777,0.006733690784267407,0.01925782611606967,0.020447699172663543,0.020085137138049085,0.016793890734603103,-0.0008467769982631757,-0.0007133410524489594,0.011843678918145962,0.005591244403436106,1.0256542925304437
-0.0007726934761600919,0.014830710448359883,0.010458383138565374,0.017310233496632074,0.013830940375269137,0.01791271669308421,0.011601267178825097,0.005326188942365198,0.014994442657538874,0.031191240118290837,1.0372295510362322
0.018856306857357074,0.009869276021567123,0.0019765540745870364,0.0034353908645996384,0.016334976108614993,0.0015172914444181902,-0.0014025285392003806,0.020253532374133392,0.02806641642250536,0.02055333587493875,1.0306852568210678
0.0084972974695513,0.02149467909665801,0.014797158248300281,0.00609684483641601,0.0037838087516205965,0.007887659687405957,0.014974936686408936,0.010648932903980201,0.01873633569121129,0.022015661550587082,1.0259628528844271
0.01623126445214468,0.021275299015853164,0.014133467963431744,0.02770710411461627,0.021684197487276242,0.029247478675276065,0.03273071003838375,0.01666649690822989,0.0368086532328408,0.024171571164954265,1.0536547121094952
0.007266305075588598,0.011269242761727914,0.003560710820747137,0.03263939480613877,0.00857046375122919,0.01952540643199968,0.008910617181111052,0.02029049288601628,0.007447884366879457,0.0056400334144667,1.0363330931523433
-0.0018809192681842907,0.013580133099303806,0.0077307091522062985,-0.0041710639902230815,0.004781521756509376,0.027949052402367225,0.008299554854686647,0.010565569839687858,0.007093805820332735,0.0008117551090332676,1.0142444505623076
0.02703991395248553,0.02777494406985006,0.01617238358697695,0.04273530686318153,0.01900944966248206,0.04080682224275518,0.027994091995267787,0.029531390319071357,0.022391235850154057,0.00885621356315495,1.0610623836328332
0.01964818242085833,0.024139560249792826,0.01249385363584379,0.01430251461741773,0.027545347236677113,0.011642774010056147,0.008186472410593669,0.009020687188235075,0.02596808295911069,0.02381387743781066,1.0404125698412268
0.011241224126051507,0.03370425918731966,0.011908806970017782,0.025906456097059896,0.042655841166482716,0.011999048573161598,0.012578394197274061,0.026009929481522528,0.011213503415516074,0.016860991346305653,1.0513769115996534
0.03067315400094385,0.02755340815850074,0.04012300473009221,0.018655401164454785,0.017905965189863655,0.02275823350685367,0.02397711877379387,0.019123832759948212,0.021042529322009746,0.01915775800032793,1.0462733232327568
0.030091570922767295,0.026128622218632554,0.02852397112339805,0.03432018674583296,0.010489797848723184,0.06875861778694417,0.023639882616669862,0.038150920051179156,0.04041528328173262,0.009551319300830564,1.0696486105970375
0.005241783601006033,0.05794968423545921,0.024090162868239146,0.038484417336851026,0.03669410615339279,0.03055982450124789,0.02142813160065111,0.005583918319995322,0.010138965430858706,0.01409414532170411,1.0531681793351353
-0.004031627632359884,0.017631302136446095,0.029160492166033967,0.0010431481015979824,-0.005721826658355225,0.013396397095884225,0.011894443599840104,0.0055281325914941105,0.016186450513481023,0.0030388447782093795,1.0099883137056305
0.021935605026172648,0.005686288770724662,0.01748938491658914,0.038267760680932614,0.020559595874403442,-0.002912542359247549,0.01310078171486094,-0.012769646121266517,-0.009620886866330444,0.001744166945447721,1.020777858535913
-0.008954316991671731,0.02220334676992225,-0.016787848007599814,0.012153522935443433,0.011375241682482237,0.014581751565879354,0.004393961835921896,0.0338511624521535,0.01309485305325255,0.0009883462801884152,1.0283314773928096
0.009664324750818272,0.01985797770623681,0.02788227580712986,0.03896011331854564,0.02114238788656101,0.025750963890729527,0.006367709702772739,0.03566203056029636,0.04207412770321536,0.009804460604576544,1.0584447675170345
0.00024483647452682583,0.013086881094618991,0.02158207583267905,0.012626104672363478,0.025505765122741924,0.01975682214658912,0.019041852600570515,0.011682238471296024,0.015082728531884184,0.008351420817221828,1.0309423963032869
0.006411938722494284,0.03139885503163703,0.04543493348040754,0.012022157352554026,0.03271959007966291,0.022213449516033042,0.004446374283946209,0.001671275255313378,0.011654306322499558,0.01861611509833457,1.037223509241877
-0.004026321784603718,0.0205939206758008,0.012649328217939243,0.011612292004753761,0.009678048064284312,0.011579235632810055,0.01684869276002609,0.023157633466045484,0.009461672304673627,0.02705759963035126,1.0357793769920185
0.022725781724724274,0.02822677082175665,0.0319959850817281,0.05408349926333432,0.01712722046619026,0.024921866247670968,0.01546263158242021,0.03639439527998944,0.012981572554141048,0.026440491465831252,1.0708664472374743
0.020659005137742305,0.014939003746634991,0.035100812582267854,0.03275841416913016,0.0012217403406956442,0.035662080754214724,0.01822055320161689,0.01881757827353822,-5.088350899265168e-05,0.014174622780103688,1.044496342875582
0.01964888281224154,0.0109321006865309,0.016836394005616206,0.0034608105656097118,0.015646098140492688,-0.0005422701124077525,0.003657963589508962,0.002927977694220947,0.006279556281401536,0.020981848487655594,1.0214730436144823
0.017473560049585883,0.025812833596551475,0.03205748175649045,0.04451601400730355,0.01050136748866086,0.029558428598928894,0.017032408372727147,0.030403076188131074,0.0390100778316839,0.0023694830069345904,1.05449152506311
0.0014595947312782132,0.017558285855761566,0.021830412549502562,0.02756753216871563,0.013814918658057049,0.011877558173918185,0.0001543805640730053,0.02911201472773372,0.02319484285813627,0.002568262179743476,1.0374767422953832
0.008501783012704942,0.002650412338021879,0.0014297933908130576,0.0396995814404671,0.02451721847972619,0.02288328369786041,0.013099644640416897,0.01560589942035461,0.017951547770995623,0.01311455986767174,1.0476015465386048
0.006785156360353702,0.03435009250904873,0.011019048779344837,0.03176961808471627,-0.011056197128353169,0.00942415546909043,0.00017936386304140406,0.008477768707065925,-0.00042281398409477026,-0.005742050501502272,1.0183041206239722
0.021120756488030773,0.024543970870034182,0.011041137632632345,0.006706888653374125,-0.005024292258399595,0.004462712181385599,0.012312554343891835,-0.003987392534248924,0.01737253146515466,0.01994632647486316,1.017504146330743
0.008965111076572592,0.01002920385849652,0.03983963193041451,0.03162387867254255,-0.006681976391731976,0.022438546499844246,0.01700567633522778,0.051963747570400606,0.004295271421153213,0.009750216834814411,1.0471351625139749
0.016523255938052893,0.03686755629377489,0.007810981973032358,0.03453851783522912,0.0043531081475308405,0.01338793244904123,0.007145406506778525,0.011865320188610314,0.008018843621532178,0.014960603129034026,1.0385765061965668
-0.013908180301007034,0.012241032633439142,0.02542284784487516,0.014402198633026445,0.00694720415310295,0.02495302194881601,0.027983660843082896,0.0045381896410117495,0.021807760258405057,0.03169497896999383,1.0353023004715654
0.0065935516168873776,0.012207713371158458,0.016628876909449714,0.02105218248453547,0.035486127621791055,0.008974538204573954,0.019889369601659566,0.016285950178557624,0.013607091909956348,0.0308391094460383,1.0472065765598568
0.0016345269155601787,0.011943853805223005,0.018673747181846903,0.019032502790913397,0.015521169653618157,0.005090059004754119,0.002854035381098227,0.03494498866322396,0.004981544359962334,0.022206642293931936,1.0409202389441157
0.015438446994806222,0.008208915976629233,0.004917599480027898,0.023928903657744395,0.008271770156206972,0.013403085569633672,0.019358057404942113,0.003753258381173916,0.012957436188347207,0.011367843454114433,1.0281215665990755
0.0036187942603470476,0.03325628283496168,0.03760019811994983,0.03154991460893381,0.015227156859743577,0.02124908818389082,0.007156672850627065,0.026991949374215705,0.017002830592303623,0.019817033263776315,1.0510849587069018
0.015272197429923874,0.03436571816911631,0.017627534380631433,0.03322717563472342,0.034714572786430524,0.012671310756244912,-0.002720163533305722,0.021530151875824497,0.03353450512957036,0.007953620123556762,1.0501206604876123
0.001661288021140339,0.013139661321549988,0.00906529451399275,0.023347441906872508,0.01348893571387405,0.005538118715191217,0.016813696839440208,0.012710798111108333,0.014156615391979679,0.028421647623950223,1.0375765345312762
0.009085771790582007,0.0084948403842976,0.006523391048939716,0.007983242163861511,0.016905811741677074,0.024790159326448628,-0.012026061574831427,0.00259198374891125,0.009757917074729623,0.00037269608773159504,1.0205069167554157
0.014529615058423005,0.011847817947004787,0.03137565997319278,0.019694454183963588,0.0022328265312472704,-0.008006730410808691,0.006592960030958035,0.03156235636554564,0.008331454593077232,0.009472273756099665,1.028258605958524
0.01446638860502978,0.02433555004469575,0.0006763791737681487,0.021394812002500974,0.005110114505931568,0.003506720282365537,0.0027687375896908125,-2.6611017075774124e-05,0.009463465780894516,-0.0045264648518256855,1.0148062291418682
0.006928477425829067,0.03284748806036987,0.03087309036103985,0.016796160278501653,0.030322144987014216,0.027136627280468107,0.021583302331669236,0.028439303055740106,0.0364555710840683,0.02033447692368195,1.0536783670102872
-0.006686696394106389,0.03413376772614189,0.014846244129625541,0.013549410118363758,0.0036998603836599087,0.02144807444472743,-0.0023567887035972545,0.011616221506285971,0.009935900893916121,0.01644028752302184,1.029510306637712
0.02424024948688919,0.03466297803479654,-0.003190184798160474,0.01106982403929626,0.007795704585149837,0.007231793032804363,0.003912810561022609,0.01077515527268563,0.018296070577668026,0.0231265311182867,1.0321552581640556
0.015219708586600315,0.06096467416386908,0.043574876119043024,0.014838695556993648,0.0045785347786833075,0.014165066359085897,0.0039052929546974924,0.02238375272392998,0.04397424866982304,0.0012615150691993593,1.034527988854677
0.023717116964109587,0.005840884959311645,0.02584552270827805,0.02504050102045805,0.0008609847587849623,-0.0017580212464228234,0.006885289760132338,0.009217412197646394,0.022303175461642094,0.01143385443358163,1.026646820960705
0.0008515014140569885,0.027426999957573143,0.014977781913324438,0.019061463574819335,-0.00526650922615041,0.01350910160524408,0.014034585919813146,-0.0004832254772273569,0.011013790866893814,-0.004870495909672395,1.0125385175734105
-0.0032343980498765225,0.012613741177358822,0.012534265991868517,0.04177489378675833,0.016213219212971985,0.02144718359788413,-0.0018335577338842108,0.013435727441869149,0.0031056143360518353,0.003115201271665361,1.0382435955123366
0.001210891636588306,0.014477212592864476,0.03497345493978302,0.01245966816475533,0.007298547249599699,0.02158378344525542,0.0008086092896938853,0.0014233395896769193,0.0314108805373588,0.03231988925457765,1.0362862798836605
0.0036185743427161916,0.017104007631469353,0.02875940782209732,0.037828226524355385,0.013551437445615986,0.019898407080849584,0.025667342391514032,0.009712964306146986,0.01915962536572352,0.010551598523774703,1.0405477222098936
0.02432137028086931,-0.000940488528882991,0.00943611003722543,-0.0024920155547736482,0.004334113897514345,0.013546203433201235,0.019938540441151814,0.008095247324513345,0.005642981439774307,-0.0010630174767827694,1.010390897599641
0.004122883141418366,0.01980897222669459,0.019616811697349502,0.0184790669278975,-0.0015359331990322852,0.0069739332683949416,0.005680163260146106,-0.0007681874510073374,0.014586272366161732,0.010499014306727502,1.0190281348450012
0.016106487265161038,0.044814241109660265,0.022081701848164128,0.025681350839712524,0.02241438595480796,0.01231207381083067,0.03409096285499724,0.02457312924500825,-0.0005131943786799049,0.003347605618210568,1.0385944544044814
0.008011065009570705,0.03179964317977937,0.024977046797760583,0.012074283879838912,0.00971972532571638,0.020461077578519227,-0.003305005252456924,0.014208260258740849,0.005497646552174483,0.033680056377110586,1.0408509672379587
0.004416472909810716,0.01214902486222067,-0.0016105971088075117,0.010404371879322794,-0.007712398226482114,0.010934388739170083,-0.0013044126928574143,0.018509240250107757,0.024520477321519074,0.002800853408644053,1.0184933392425817
0.0010687644817190915,0.021526441759846936,0.02039572394342551,0.03309074536887918,-0.0025791091863230304,-0.0042544093030148535,-0.012673218401842209,0.02154356819359196,-0.0022164411917871413,0.00938331937214414,1.0279807638306502
0.026277236319826165,0.023319879733347267,0.016254439534321544,0.0008004498626425476,-0.0042626502952188595,0.0113569322451115,0.006742470883924188,0.026228281666695604,0.019209120682914416,0.0209345079048366,1.0301298064890427
0.017540795695486888,0.041179161005057044,0.04186438644440496,0.04353426411249561,0.025809044256344144,0.032950305213841236,0.02411422397947454,0.020587047528554125,0.030481713641228092,-0.0029773978598831227,1.0536993308543816
-0.0011704377040151577,-0.003713372526498976,0.01682097054935042,0.008826975868448007,0.01533627737554644,-0.006421292219694112,0.013992688943429003,0.011776504650066577,0.00780846788944761,0.014372931398917389,1.0187576374438896
-0.001761891130130918,0.019117606834662175,0.011026398093525194,0.02777161964054116,-0.0069082029890236065,0.02167951489119229,0.014767690118311212,0.0011549794502045928,0.014969034153411635,0.006597512864399948,1.023951901895766
-0.0007998581765304227,0.037582238457742806,0.02251064391399265,0.027081971587666058,-0.003901214468026378,0.042198406097600574,0.0077082043242596935,-0.0017531484909973482,-0.0017979311019333429,0.008485299454357388,1.030553331349233
0.01653032513379529,0.01841669742111092,0.012358374988516625,0.016981284773281313,-0.004235550565600424,0.02451346193098483,0.022067802389693532,0.020000891944645556,0.03622880591726304,0.02472992581411677,1.0410808010002965
0.00843017891371876,0.03409727076195676,0.005817807676065058,0.026464875522540947,0.007529003384631496,0.03720489563178858,0.004053945977442118,0.01162149090427783,0.01010704696577485,0.02061598389739197,1.044724783624287
0.01718490470140544,0.02067542999092221,0.022057148211942518,0.03330315790376269,0.009266892153000278,0.011777757416319297,0.0268228937890199,0.026284005058933135,0.009679001900337901,0.008526788047319284,1.0406877166563935
0.0138154941181463,0.003991183907624814,0.01672654350120631,0.012611070055874753,0.02230580547325651,0.018943674172293513,0.03127856235553949,0.01011026474175072,-0.0032320748758464177,-0.0015959494054720042,1.0228906253624888
0.004269869021875278,0.01411340635896469,0.015174465041322043,0.03790209486494129,0.015798085611125653,0.03713625676472563,0.024068433379714288,0.023251756253735455,0.025445618677670437,0.025619767204595825,1.0589943491293625
0.014868534979088611,0.03548539917429273,0.02625573835056238,0.02705966356218477,0.012379391178704166,0.018398476530205612,0.025545033065745962,0.009464427623591494,0.022815997704765348,0.034487936458763295,1.0492240075118167
-0.007034083659350263,0.028689859906677304,0.01649899799527367,0.014310275880186414,0.0058091622171026576,0.0028835355776653205,0.018511911208056654,0.008498866395964293,-0.0008150462316801419,0.005946954818514384,1.0167554517217594
0.0025430081434449046,0.020493735404310084,0.02200318937319081,0.01840032929940623,0.009647242274676743,-0.0005657921862112468,0.010155343665108752,0.0109956481060594,-0.0025123962183015314,0.004043697955020577,1.0193086919457108
0.03568908685698295,0.028208194085247076,0.028673894113119023,0.024830874529952418,0.03283451207419909,0.03264498082409828,0.0072365022451353084,0.019784339265819385,0.025299839159371496,0.017398239475024953,1.0568538150465117
-0.005724669003105192,0.022045272184897043,0.011281034407145,0.023185384013590292,0.025313535438794204,0.00738072451945402,0.0024785242604401757,0.025423472464403053,0.001518081461417433,0.025051630648171806,1.0433614670282856
0.010621088473317743,0.032078508688824586,0.04064189679146266,0.023949989686764407,0.025121526471435694,0.02838267886669973,0.01810992162832671,0.013784311797031108,0.016641028494202015,0.00934825560616686,1.043351737599716
0.009346202747182591,0.03587547581644511,0.04147657983131301,0.02665932712065361,0.007389792554861574,0.014198685643790626,0.009727486393573423,0.016736390655479154,0.036931098162460006,0.009775103768580855,1.039031957513912
0.009131327480406088,0.0038625371134442827,0.007656547070450298,0.012890350080310645,-0.009983926788516484,0.01312089264872189,0.011654967925958083,0.027146638141784668,-0.017498716611658846,0.006813135127852844,1.019971321739788
0.009859114414516739,0.03891913726636448,0.003498387938173945,0.008709728063308591,0.005092337896142571,0.028978725103119687,0.008583119271704274,0.0001541414514067939,0.021642837469952426,0.01533250286043379,1.0283167014343604
0.03934846072641039,0.00838767610479736,0.01220095005139727,0.03221504119327261,0.01603152957225977,0.028928964511613857,0.01754055843103558,0.01919692628190818,0.00612571980635262,0.01707093303331979,1.049788347791152
0.0014990199989137467,0.008689996254365596,0.013203837997473263,-0.0008245735888441196,0.0003803676836064817,0.006727548859702887,-0.006981226681789105,-0.0010038934781448905,0.025163179475377526,0.009390752593792523,1.0101455357915368
0.011801132263773911,0.03479442574095606,0.03540660343909023,0.025897475163028837,0.017850918851713533,0.02820707190079595,0.021531198477334354,0.023650390694257256,0.021531449360820094,-0.004562592953277031,1.039936798628731
0.005969935739277158,0.03389371507164854,0.023192983729757446,0.026656138541358086,0.02023961166809552,0.012836640236903887,0.015069125219093935,0.024860907698040086,0.011304023400539785,0.03695583752111961,1.0542192748466257
0.0004247458218130549,0.025199567029719587,0.010168758766854571,0.02317801204533869,0.010748073580767918,0.010198856733100904,0.004140536163844485,-0.004545925133799807,0.01238278500507691,0.011924196668026523,1.0244228156060762
0.016340535777691186,0.031172644364587943,0.01840280019003117,0.034448333055307215,0.006405547943537485,0.04168491919817702,0.028873694697014056,0.019558312769251962,0.041385933570389014,0.020946303142680783,1.057073377305701
0.008499683557453322,0.012473916020664704,-0.0038748771615766883,0.015392302047502996,0.009502029509371058,0.011468776344307203,0.005672501478457881,0.01786980170277102,-0.011987324363688892,0.01365132239289807,1.026964962510747
0.020306803364636226,-0.000355443551457571,0.014270529330191456,0.010309291287284146,0.019727765764910456,-0.0037025459910783893,0.007508631301065856,0.02130459275419059,0.012888183730718754,0.004319398445617112,1.0238015180929758
-0.0010103954625178815,0.01354168413457037,0.00864330143546062,0.012965623554134815,0.014220776142718886,-0.0019618277427049047,-0.007227660822629891,0.01887121171156765,0.0007102833841608341,-0.00035838977066492746,1.0178785524482412
0.012323386310115475,0.016161691261681613,0.016122152924807957,0.03687475278845223,0.024248975056557445,0.010440504474990075,0.005353991776033002,0.00958326623338229,0.0056082078987860365,0.013743985660509238,1.0410417865617876
0.012122776237075632,0.034832443646873046,0.005530825674309453,0.023645465896224814,0.019996443166775096,0.0058176819530431296,0.005602946074938392,0.0037361165624726286,0.010119813514003168,0.013542436081918352,1.0316538616769315
0.022107315454586413,0.022041279839894366,0.03699171757576,0.03924588990168518,0.007991667939144114,0.005729088592496712,0.005607018330849062,0.032970505088592617,0.020052554082384617,0.007360691716768243,1.0457829872972146
0.006258142742455386,0.019994212485132654,0.015099481969690088,0.02657651104702187,0.025118156539825284,0.020450156256751957,0.0115130862657975,0.0175842478730075,0.02034116518528379,0.025375644282191342,1.0494556226749487
-0.006932924116872456,0.015869515078013124,0.02469535468483687,0.02236539950249397,-0.0060263552276943215,0.009359032157289272,0.005890642472089011,0.025496318989358772,0.008648507465279056,0.0055454842399629,1.025750535554458
0.01420548244581471,0.01690866102699743,0.010414107051664137,0.02756584655012899,0.015656613828043696,0.008359947312241529,-0.02120701387625465,0.016912590961274225,0.015389910114180269,0.017668876076295203,1.0398668634393473
0.01920333839103059,0.024511690677363366,0.020780265576935762,0.024204892501669052,0.0015370486344466333,0.02855837587132371,0.024964343260090036,0.015799457040367584,0.02190550739398679,0.019854311381490276,1.0427020440118344
0.0016276975443098116,0.029177984098717902,0.02894944061350378,0.004113597085234424,0.009861286967806639,-0.0038244383715155816,0.0045505493249887894,0.018253750710156016,0.01705485957577107,0.008052001770951228,1.0197081899124454
0.01682067424470044,0.04242028860067481,0.011430948397206701,0.020046347759932262,0.012193486803101325,-0.0073266505304509354,-0.004563134926282792,0.010175053014450632,0.019795135358797362,0.002595322992940791,1.0235668517340197
0.013895115984339757,0.0015871721481587053,0.015260107752077222,0.006791163683338609,-0.00038245720192768475,0.007361418434842734,0.004961962098993795,-0.012094015141673083,0.01168357716842635,0.02936665816302674,1.018083594181809
0.015499822621260002,0.030158959710212173,0.039118199890007206,0.01326711508560565,0.017224602891664515,0.01866826202352878,0.02111205587355775,0.010661228488357197,0.0309712643309822,0.011983556834871057,1.035310106427551
0.01696028128914058,0.04044118945837906,0.037535480544508684,0.02857118340958944,0.008389282828932284,0.028622369440470218,0.020981854378926468,0.008142130416271673,0.013003081202997022,0.011969598485492963,1.04053065928145
0.02076189345941828,0.007954711494922322,0.04222040251480321,0.042076870911394115,0.007917626364891172,0.028257011301378452,0.01773146832920975,0.019758946834685008,0.020370367352600144,0.006453581592149704,1.0472339976997491
0.005793703069530188,0.018407088106868662,0.02210002474499005,0.0539495893960493,0.018047740449230337,0.017662503237454927,0.01736375963405145,0.01709860466754757,0.026983429249137256,0.008657847993612069,1.0515939542207806
0.021416703264045933,0.009836028899949598,0.039480821755490766,0.023871284782015917,0.007613912746133157,0.029760239087292042,0.029156308942287098,0.015239327041543446,0.022631670256222203,0.008974890986583904,1.039077174936584
-0.0027645599944602986,0.03106351786921195,0.029092785550107164,0.04333159964862909,0.015518476191366839,0.050001268461340745,0.01223396838028564,0.02011939875703389,0.04282973861826093,0.02212292500921164,1.065510611238928
0.016568222588951544,0.04387236369324399,0.024645671114295234,0.02883059458520896,0.008025307378196437,0.033647817375154834,0.03185368415553247,0.022073052981617835,0.023981879487278077,0.038021564642510775,1.060752771641667
0.011503717135518161,0.03290851909666935,0.03288526277190319,0.030273666378968115,0.026388836448977247,0.019561197247660474,-0.004257233025411346,0.019179695633296672,0.026334436758417214,0.013457531961333787,1.0492373525858831
0.021273519388267565,0.01945083242226508,0.011113022869396196,0.021987994676760124,-0.0035199418495798895,0.031695725942091454,0.020832275678953006,0.004179791788211856,0.03212587786358398,0.017010984804192053,1.0361617435760222
0.0105866046735711,0.024480509251485264,0.015514259214638898,0.005609512934346266,0.017793012288700952,0.007840737021836457,0.02531036523020283,0.019810056902435688,0.014383082823723558,0.008288401496585353,1.0267046885492144
0.023169446935179125,0.03015932320962339,0.0361463987594753,0.030948374995492148,0.015466311983484977,0.0040216005232976745,0.01988021049295493,0.030836680297387314,0.020316334421522107,0.010501156654827077,1.0449635963966435
-0.009954112154860957,0.02000815817225634,0.013111524949666449,0.02005713555366892,0.03587738359395927,0.018484584860563254,-0.0032408374270891513,-0.003161130723678766,0.019749090713187485,-0.0020468801331891663,1.0262142746526857
0.006254329018046218,0.028894831978674054,0.02275365268799479,0.01939584281735653,0.01424883647737876,0.01487482880365913,0.01582109334801415,0.010533609827752824,0.023099684393785944,-0.0031704816048567855,1.026253786678112
0.0013663023532772128,0.01821821205354691,0.021696893623128002,0.04823781225137595,0.010969799066931695,0.030265280710712942,0.0198835401160599,0.017675417563045984,0.003227391696571623,0.010566663503198718,1.0485177648242854
0.008264708329687266,0.017556682940120836,0.0009283611248193518,0.013910667853770313,1.6947844573725855e-05,-0.0007452848805818667,0.005954694589159118,0.0011396623143656304,0.004797202127733846,0.0023550601120961284,1.010503912372267
0.022808969034761907,0.019052017370976122,0.036733046141946696,0.027828379401612053,0.00010618126646991591,0.02491823522295779,-0.0029683670194990634,0.0003983726280978612,0.03589782384882595,0.026579533788314645,1.0425741660396872
-0.005315022965349435,0.020417123005933097,0.013598658161823082,0.025238538991885773,0.02105044256566048,0.018145577930695107,0.002811170136571511,0.023569362125111515,0.0006060083213838031,0.011731160296791226,1.0391650583037426
0.007646723075199684,0.01102988770264663,0.01853992778676546,0.012097539956994254,0.004160095566975086,0.0006557703436578044,0.016554416007550102,0.004782077542778306,0.007935717411460194,-0.0010196463035987043,1.0113429605672053
-0.005153810428123393,0.016761983895063205,0.020017647652091873,0.039911811031797764,0.021944113134068636,0.023721112632635447,0.01584884484401624,0.010558649374566612,0.01237431802922636,0.003907759626550095,1.0402668141622742
0.01170574073785468,0.014470221140230336,0.02252003421985465,0.01793430237568042,-0.0008043929224574482,0.020222159804337884,0.006481159112351717,0.008913291394933952,0.006960627365179953,0.006563667397301846,1.0245330423664571
0.005507065133643012,0.022587114207635955,0.017378722557776644,0.020166285860374673,0.01546105187870912,0.013576146986515835,0.01867779336956045,0.038540196283372796,0.023045206825326008,-7.138167566029304e-05,1.0379740690581665
0.03184952997875173,0.01404242399310661,0.014806164660480098,0.029314517042164673,0.009557850525877027,0.03430366707336199,0.023859711185679023,0.033809271258649985,0.011221778039663498,0.01267836897486172,1.0518696199968376
0.013528399151053725,0.011440830695308806,0.019071718426396465,0.030635666677375675,0.03570006716803259,0.011705191963314203,-0.01170132058628307,0.017432691662430153,0.010394669712640723,0.016398957917371323,1.0468420306986126
0.005021319121372702,0.007796700745827878,0.028730263633280434,0.003082509448712155,0.0006973253923629038,-0.0025675658483002833,0.017835762990142813,-0.011194647754800063,0.00998349037845211,-0.00010103993730567473,0.999560210497727
0.017115866844542166,0.02411108844859741,0.007577412873812953,0.03399931560025975,0.015307430470450026,0.022073183811694614,-0.0011263239629965404,0.0192743872913456,0.02956551481706366,0.008542417257511245,1.0456753886487233
0.012682731609366872,0.023550426939493795,0.015541255250869726,0.044104442219678366,0.031297725369723,0.03872997398177948,0.012454836259837562,0.017707742086987378,0.010441831584914607,0.02626886428332011,1.065136173475633
0.0068981632904015905,0.021503279454448247,0.022224472486761543,0.03654384250606269,-0.0011752381855401183,0.01426159904024822,0.0008998210012136892,0.016440991191334117,0.02104922961058289,0.018409390978767037,1.0412465069691272
0.026749371035041016,0.029150989217862258,0.03503071468013562,0.018165629735178466,0.0013179429029278357,0.02283896534794804,0.0026452243267358483,0.02737819276368405,0.04098889681254399,0.024240123066592397,1.0488486665030652
0.007267058830318378,0.046286095769831975,0.03528363134100742,0.03712147014991944,0.02315610652185015,0.03159382985614123,0.012888796190676009,0.025768430112184357,0.02825689385398101,0.03059621803045453,1.066357943998256
0.00859262739999566,0.014509153288812339,0.012255767495753564,0.018027251560473957,-0.0026742913352956477,0.025955098987515076,0.007618527556315063,0.014278369763264215,-0.003968173725967243,0.03282459842578418,1.0383124741166954
0.005664374426927684,-0.003971462921028009,0.010898583406598342,0.01424317618559801,0.016145044505257593,0.011072232489871917,0.0058919559981420256,0.001811375838814985,0.0066552753028228575,0.008845080307514205,1.020891125217451
-0.022238409836263427,0.012009342034237798,0.02332182019781374,0.01834091610493087,0.005931290956845953,0.02396874461285755,0.015861290857733384,0.0026390594917451906,0.019676527001715623,0.012793773594284186,1.0256074459820503
0.004161674191988389,0.03287801749936301,0.010658195891407297,0.031928119044411084,0.00893217786551981,0.039569595708993356,0.0007822823785576553,-0.020867245959173702,-0.001653865310632682,0.022868308896095407,1.0351844064039588
0.01633443332096904,0.03459627197668949,0.006535034890911291,0.048735107614984646,0.01624377999112486,0.022098426534342526,0.001012160083733879,0.01767216149371348,-0.0005576348122590183,-0.010444787603027056,1.0401482666697037
0.01611226855806519,0.01562799427891666,0.001360496518862728,0.03751077154424924,0.01467338815698148,0.006071961583526313,0.0026946263992338225,0.028537379252526897,0.01770571365508366,-0.006174388191544589,1.0363752579003764
0.0022978329169986056,0.01903098598019569,0.03192057432681628,0.028283655913181,-0.00802325837162356,-0.002311831239553747,0.004017061943090338,-0.004864451492211992,0.006728753831958333,0.027605527283947974,1.0245149117692527
0.009448691507002041,0.02187383828477163,0.013122340519061602,0.020801319972411258,0.0011130765416968932,0.0033592965205068714,0.021292862471473994,0.004951089554393597,0.007744071330646913,0.030493154584556197,1.0310547980659692
-0.0007321081038371199,0.027405331111048477,0.019334271848565197,0.03214865670182454,0.008058745010711589,0.019488756867548557,-0.0001574834008793522,-0.0017631816227860805,0.005270718332886353,0.022122962584647996,1.0359740569649913
-0.0020970518132023067,0.009977563418425461,0.008123887423882023,0.015166835516742413,0.023733503574660947,0.018478905365158067,0.01688714518109645,0.027018179991916996,0.025132717070503442,0.013580205275063269,1.0398026619188105
-0.002240512741513512,0.028853096021824485,0.035648428459240565,0.025310755575773013,0.014644800452537864,0.013442832793369153,0.01938092381079544,0.005746388021099013,0.023785041810622215,0.00946578687303756,1.0322285890584553
0.0017961568506772397,0.024355974303677592,0.03272667100844859,-0.0032372122247107827,0.017987608317962978,0.007830104319289552,0.002324156851614296,-0.001489051779182694,0.015170785232829043,-0.0098394146561528,1.0058201161662763
0.014789788848271108,0.004348657840207697,0.02958663222115499,0.01570910293342317,0.021790632108720107,0.011317802343331778,-0.00733561425290246,0.02349153657640262,0.025898142399404404,0.0037646523457230373,1.0338808870990328
0.008388596661942286,0.009001338459339564,0.026761233140256007,0.009681469428177105,0.02265833219673466,0.028720419770651016,0.01442126086301019,0.006892740690886134,0.017536274752922187,-0.014567128925110653,1.019926291540049
0.02857585508055293,0.015724853481308233,0.02079697346625031,0.010347694071124593,0.020579182489497208,-0.015012832279385182,0.01140883173968372,0.002521812974704293,0.03262889121394935,0.008492413856990368,1.0201140391956982
0.0013392820954743513,0.02956068531893044,0.047386119727072525,0.0336647334098481,0.016481359685297146,0.023353046805591266,0.009554090406625028,0.017507478087683152,0.019536682756830424,0.013274079866937655,1.0463406428332624
0.002797613344117489,0.023577172613616797,0.023652166838057605,0.010768009034177696,-0.0012895014298657985,0.011901972037198224,0.007640096192960752,0.0033854466942129418,0.01543974845166065,0.010304131914253384,1.0189331039128036
0.020512708538866345,0.02193309945447539,0.01599320831151205,0.008449873403302595,0.0011838360727513542,0.012661255089311908,0.01076102971291203,0.025261969861863603,0.007665278517513689,0.004877607744670743,1.0254121956522368
0.0021445124789478843,0.00392874256341454,0.0023332234102318404,0.04076798301387739,0.0001531559659385868,0.006769085411082374,-2.761364502596505e-05,-0.006320791918757709,0.018058972351158636,0.009436922934158681,1.0254256376344804
0.0017215533892775484,0.03519326289504262,0.022834256729080373,0.019814474801740707,0.022053378892295947,0.03138277647864419,0.003989866170628722,0.004869801115920431,0.02853020336979102,0.004055976117264469,1.0357397457897841
0.00908149289467516,0.013230137423070472,0.018770114392762847,0.0186707088901245,0.020126665365938955,0.02237321289588874,-0.011265234472752728,0.017534484601242246,0.015247543441815177,0.02225314560056202,1.0430639280254663
0.010329156094229144,0.029849453048495775,0.02270024994574407,0.018117149124054523,0.0008738062256108941,0.03476220101568054,0.01167278214554856,0.0266344942015584,-0.007512949163673814,0.0007128065324931683,1.0328075994883443
0.004524230854026626,0.018801095541940305,0.009730666928566493,0.00914081657974624,0.027565835874572543,0.010426006815468604,0.009185310468939467,-0.0009822865535702024,0.01066497448759092,0.009595137302915929,1.0230357550441889
0.0034169365948822647,0.03179392257697391,0.010817585782625592,0.006607804560771931,0.011879952941185044,0.01398080008129687,0.011905024181266464,0.009496221596926098,0.01195219130556089,0.03001389808320303,1.0330899198131527
-0.005693190708167437,0.02993524428710116,0.03548353756363756,0.02546511494293635,0.021977842468214614,0.018788133114574106,0.0008099150315777296,0.02207645099840451,0.029051413777365212,0.020981551734578545,1.048288857475528
-0.005843939017806516,0.013205601823945425,0.012827206520388943,0.027188944357205265,0.021077106644227545,0.021207787030803622,0.012897223578832691,-0.00404316333847405,0.01747636192125189,-0.00672772016176091,1.0228811922821817
0.017238763961495044,0.012139307320984434,0.03277505992850291,0.011919400621271531,0.017480428628105872,0.0007211546278406578,0.020923570051953486,0.01625677319335815,0.019241224080957832,0.005775565236794533,1.0257548177727154
0.015439516080930887,0.039933091142468194,0.034145133667465646,0.043868032138103474,0.009906434783393122,0.016895403074475714,0.018828012073631634,0.02194845994355762,0.027246713937897068,0.02041420065889059,1.0550192207520936
0.016650387551994106,0.00091734014943445,-0.002351096653941084,0.017377838712811882,0.006325768524466905,0.0025811869333585234,0.021812816783768996,0.02274006380809726,0.019811463306162125,0.0071859113546361725,1.026694488229342
-0.003713960783253511,0.030630339903796447,0.029593664926475083,0.03127032403336481,0.03431121514144556,0.04245653106687553,0.008556307138040358,0.007999459356071478,0.014097217056728124,0.00627318962623633,1.0476372749540115
-0.013385318443862065,0.020480245441633113,0.022983301145167275,0.04239481357977039,0.02678970874583053,0.013647389418088744,-0.008518373903686477,0.006852768036503324,0.003703520172571466,0.015437806775949624,1.0424714138396733
0.01890502709025736,0.02319077613231422,0.020559048798746114,0.025900289687594162,0.005798796800604134,0.009980966544640424,-0.015826968538271983,0.024734157996836315,0.013227264853038143,-0.006443024753619103,1.0292953789785046
0.020463701867200416,0.013006710748285208,0.036173568502468105,0.02921166321019631,0.014027301213462205,0.02212910595464822,-0.010968944181194977,0.02059392369718921,0.028941593433975475,0.018431767698405727,1.048816076928875
0.010695980345728478,0.03453255220025213,0.022585620471315047,0.01664476748084765,0.01046224874672388,0.019909483554861857,0.012497558084717817,0.022036680567197018,0.01104917532352538,-0.0014683509176843489,1.0302110737056305
0.009347731112214458,-0.0027461951332837624,0.0178159802011977,0.022954770360505205,0.0012040913403394199,0.03420435816260889,0.0072453572440332095,0.011884590644532502,0.015470976554610955,-0.003935568577746655,1.0270431976069334
0.0037876152167960753,0.02504006501661212,0.02291041739882279,0.02409838933413138,0.01275332390604031,0.02897420083549656,0.025027653825816114,0.012612927527609452,0.038028777767035546,0.014880228446780615,1.0426699785316822
0.022850843501852187,0.015162950830868417,0.005641621631081983,0.028825660391798645,0.020660189239986776,0.017346761934397905,0.01551685232251495,0.01208808948098096,0.010427985801073014,0.0063528973140064855,1.0371713543604
0.02053733663443244,0.03248373599089024,0.03528768909890452,0.03694411538899167,-0.011419663957259145,0.02157170531015725,-7.980254227230726e-06,0.028862217935752367,0.006608405988492445,0.010434549330262718,1.0427918325306433
0.013843812435409436,0.04280109864394848,0.01840033594824613,0.04002366033291197,0.029183364407618147,0.03048403300844347,0.00470813069512427,0.0437428846178659,0.009927724817294181,0.012993251576241519,1.0655487936942327
-0.007418356164835951,0.02132252491521661,0.028306609125605956,0.04142844121654704,0.016836824904617867,0.02312701542886196,0.01492539428635685,0.029780019987913103,-0.0031029822796697845,0.008505047001998434,1.0473535958441675
0.015857124097724204,0.0211322498902656,0.038117038650050394,0.02107959056555092,0.02060719043946688,0.021401139599147134,0.0059662350244576385,0.017476234357843772,0.014310290564395782,0.004554976862222258,1.0372926892654353
0.018273687961397174,0.02160545776623996,0.030178688869440105,0.03883468900207912,0.025464754637130667,0.020077820260172054,0.02556676548159938,0.013016523034254093,0.01242322017804934,0.012460070666809972,1.0480625527421523
0.006497212418487024,0.03387717742088642,0.024701866477822798,0.03777374699687789,0.005982193558736524,0.0022783825664000994,0.024708543231809217,0.0042863968684138335,0.030851748216006843,0.010149897815069737,1.0335597997211499
0.014153377843431328,0.023877200135503013,0.022076372761653383,0.046546608343888136,0.016482431364860335,0.031023589205945456,0.022638610598351157,0.014467034437417245,0.01774942227439861,0.009734468174694118,1.0516062502527765
0.018764362306610334,0.03143291969489311,0.04041563779856307,0.044454130963633806,0.017946260103532265,0.028488875928350192,0.008687933840011486,0.01671951802578094,0.016185824895316774,0.008763759721804508,1.052388825584916
0.0011409495349024102,0.010735788383696638,0.022100632304593266,0.025562981901980086,-0.0024284103600043655,0.02511355068868875,0.007715047487709898,0.015151334138600276,0.006427586852960466,-0.0020454020963900903,1.0256825176907647
0.0032965080183683746,0.019982797806230745,0.028349860006833302,0.04551957446811118,0.010420421118343112,0.047722158693683334,0.0004857085498865387,0.01215168996315937,0.03852351724449793,0.007453069736776114,1.0537619721534315
0.010541719382792197,0.01980734796444589,0.020885738570930738,0.00866743898216131,0.009044491604110777,0.016904687500715332,-0.00765429064404528,0.008597676545380595,0.011413152443205319,0.010713934596453208,1.0249593289999162
0.03360770848163705,0.019695732852191117,0.030053955625633802,0.011325635632247063,0.018725854518410995,0.005694812332880434,0.030494220504014555,0.00046033281622023803,0.0058378088080923134,0.019599600644133863,1.028635246639017
0.012416717568451358,0.043566710148313606,0.005772509827889551,0.054710576744531364,0.0055088179702313805,0.03343628058334145,0.005222081347019481,0.008339021566461964,0.04525371542739508,0.01404586102238763,1.0567421879636179
0.00610461169513396,0.030418414998505353,0.035594635779531675,0.028795571352168335,0.010361525696702721,0.018376630205918554,0.028898395709375392,0.013515813694827834,0.025410588322247463,0.005854625880104014,1.0365015690791008
0.01757865156951249,0.030281197026726093,0.02718709650523984,0.03891395662065652,0.022499218611807172,0.008630885039365589,0.008786759870495951,0.013208800550210079,0.023471924094091032,0.011418882989295753,1.0452984180406986
0.0006338247610627335,0.006514023341417953,0.00590642328121992,0.010648004850732988,0.003783983044873567,0.016662990685113756,0.008147618804597512,0.004425412251086698,0.028675267299309498,0.01603979840144079,1.0243577205947927
0.013489185488314718,0.031713667528489586,0.0238130017101738,0.02696767252970352,0.016408688501586145,0.016618146452184752,0.019559809203063095,0.023454773594205156,0.01626691922750345,0.011426220871490436,1.0429957259205516
0.020053045545419878,-0.011550935364519864,0.009588991847004555,-0.010089825985622252,0.00046584535469636115,0.012642455538291422,0.011807165278111676,0.006995034620098967,-0.014299868979331037,0.001343973878324526,1.0026868567589686
0.01772003101161173,0.04767850594142876,0.018071017657955595,0.012247665921855048,-0.016501428568897247,0.031030934194583304,0.009319166401291726,0.020991120339671293,0.02290839452366586,0.01973927281774282,1.0364716124659672
0.01939322839854886,0.03695816059423426,0.023293575286362007,0.026455633758343772,0.01020311464036084,0.008995397742409168,0.0013704738085884832,0.018707901074408544,0.022207425792852852,0.01840625142610385,1.0421021855017596
0.020793923967978325,0.015530847586192437,0.023651274347837876,0.012150605969328303,0.00661492739761229,0.011237055158403392,0.010434898240484745,0.008854329828546649,0.0019866953124627476,-0.005798755858481531,1.0160243572126095
0.011027365179683234,0.018256677627817786,0.033322449594308634,0.021529984148856443,0.007346269578547841,0.0010151576173133177,0.011168162664718106,0.018815994127335423,0.02278690683996522,0.013966414463478391,1.0323788527243964
-8.828226308057324e-05,0.013122913285002957,0.016100347589293285,0.015288828283189419,0.012998387374043225,0.017443073279634687,-0.005078224162137261,0.0073061672792344,0.0013309994877109162,0.006594141227649699,1.0237103190916093
0.03047299345521941,0.005560918626153405,0.025400936919430184,0.0012042637349808302,0.02245940722023581,0.02584013810040337,0.016293633406506934,0.024775209271159712,0.028332361039224763,0.00033408711288653546,1.0326070331796604
0.0128735679257401,0.02950818611096642,0.020397984215842956,0.04255368751624859,0.014808171342443704,0.016431403131286312,-0.0002767456136467828,0.01527062743696695,0.020427289687405276,0.0074507047967064845,1.0448837068923187
-0.003149424272959153,0.045136623256127655,0.016376293432528367,0.014328362539891636,0.012477331565588801,0.02378695420992627,0.007033759070891896,0.011978697555976931,0.0027080946896444833,0.005846578064083155,1.0286240069389916
0.005968518033453992,0.026087737289565885,0.019476290777138937,0.005079829027475021,0.01019992477092174,0.011362847123564696,-0.0013378036888259679,-0.0038500689120774976,0.01471060840682767,0.006638443714490826,1.0155016099488798
0.015022798961560965,0.013003677430413375,0.010418202517939752,0.02671676287647658,0.01891559895871265,0.010165074099082533,0.0030676050886398703,0.022955272460818812,0.000863658533482867,0.02266438454861537,1.0434974294525938
0.0005217866680975389,0.03470660003174299,0.027408188158876613,0.035990660247925965,0.019887690095651722,0.03547349631673852,0.029780727391245425,0.020279165870862984,0.020934403244744985,0.0059816331252517015,1.049294493360466
0.013263093835458054,0.023734565570424797,0.027457057579211196,0.02012564971291577,0.00247717491739252,0.0298045995070423,0.009694705731567237,0.033269289394381465,0.011808502510661881,0.009515126371577361,1.041713783910852
0.014975346971956545,0.03669656575260585,0.041575065292904306,0.03230099147311947,0.01234678496739546,0.042628277555779914,0.012568485414172291,0.009363038279245617,0.028572903849787286,0.016613108419220413,1.0518401140770626
0.00378470120456687,0.02317318447703876,0.029661704568267326,0.015420834126008146,-0.0002248307043988037,0.01542246469884534,0.0089547542837389,0.010022052979296526,0.01858991818347464,0.004783975031153456,1.0229766246675274
0.0046134157622350356,0.012397339455549126,0.013273703889482277,0.02137033642147598,0.0051471028771875125,-0.0013128236333973635,0.021793596249938617,0.009613715142109888,0.02428442224882006,-0.001561296694970779,1.0182777381366537
-0.012497638392167743,0.01896876185660376,0.004446443928502935,0.025610448033113173,0.0012236616627114335,-0.008532201428686183,0.009921610334370692,0.033186802896044566,0.01269186689596117,0.0042136816151370025,1.025600022627642
0.0056299918074188635,0.01612114737366001,0.029836930518188205,0.0031817559060674135,0.023733405530769355,0.0024386294247436824,0.008143417504819778,0.004971257198935118,0.02697278966426029,0.004637830500254592,1.0191776859619255
0.009957327382797527,0.04521939433854827,0.03758637783997979,0.03600575610298229,0.0074196895800341615,0.04495024759061633,0.017020215987156483,0.01049748842192519,0.00905966667635146,0.01204861788147648,1.0486500833549766
0.02123997216722017,0.01572035368701887,0.022476153730116064,0.01962848990899916,0.0048516048850836034,0.019012893481997858,0.006202103888450742,0.023276811222874026,0.02612046346620481,0.010051388844607847,1.0372191104446005
-0.005275352801550077,0.041074009776968526,0.005657616880521483,0.023729695322982837,-0.0007193165106992808,-0.0001490516353604334,0.003967013226977634,0.005021335948504249,0.004331177436392454,0.018426882380082353,1.0243736328117452
0.005395003461287037,0.03948309008616743,0.02821746747952996,0.008622927785887254,0.007674598861163531,0.020099862692108852,0.029775753117114195,0.021330856995931867,0.008636454573163754,0.02095130545698671,1.0356419495271245
0.00797293242278475,0.016179599359944324,0.009990741215174343,0.026225856483867143,-0.005051961611888858,0.015437554158733477,-0.0009783056051824342,0.016967010212887868,0.005266768983593191,0.0005294325005495565,1.0249940343014792
-0.01063629029685933,0.008703053463144737,0.013460812150503843,0.01754498490088305,0.014904268755082262,0.010509970456336547,0.022079647272269617,-0.009990600028774704,0.019374433981480962,0.005495887262710395,1.0161922546269953
0.023326537219302352,0.0238746481172982,0.025186271925828334,0.01682969229536558,0.005400192735943256,0.01936091271562005,0.020004354099934764,0.009664712738288367,0.01971679652866756,0.010322293398735988,1.031190846376245
0.009649003519579516,0.0038550016495863225,0.03310449425257663,0.02445846363304573,0.00817282827653978,0.03049619297448379,0.007959879412508733,0.002093515259101165,0.01637819231938505,-0.0018218190759697415,1.0270244146546512
0.010001706813001054,0.002551820704083654,0.008039796339674408,0.01757877685322607,0.002606277490957246,0.012048413024985185,0.020801240230463355,0.020811491705733424,-0.0018661251535700817,0.002121932726755739,1.0225660024560332
0.023608049104369686,0.04458597248213824,0.02449389854980684,0.04131808492022996,0.014605577212084931,0.03238632102221285,0.026398986146376657,0.009281731819594657,0.021869618688442,0.019012884428400396,1.054745225891649
0.01740398417700883,0.026321726653350506,0.0082667111734154,0.010914774203432932,0.011593097688372045,-0.001842207996059917,-0.005110551745679079,0.012039709513667163,0.015171349074956663,-0.0010689757068436789,1.0180785768313085
0.01876884168694151,0.018701052219696607,0.015547187305763474,0.016975008782126193,0.014903556701981407,0.03636840877439313,0.021347099908605477,0.024658143717957375,0.038404272284670166,0.011363996963151813,1.0463894684333679
0.010335641916324797,0.0015836453239771887,0.03658149892365146,-0.007243745490449292,0.014471361017654722,0.013168684868192634,0.012533854848271776,0.03512115743399109,0.022367445318877736,0.018564765077968642,1.0321964194980127
0.014499044657263994,0.04650723305865481,0.03718623778299217,0.03130023797863182,0.026069785211475315,0.0244699344102479,0.017103356415488085,0.017053185353455267,0.0259128501955245,0.0244467271925142,1.056757937570617
0.00828604783580058,0.02129443158023338,0.016720067476184403,0.01315867190896995,0.01127415132236359,0.0315277549356074,0.00786538460874694,-0.0006599094959727145,0.004770098436803101,0.015582483160346862,1.0296369236917482
0.02446760316172858,0.02700934172761796,0.02021432833689697,0.04072392464289616,0.00709065520533863,0.021145414952926142,-0.005137125080036933,0.01717052126667121,0.02262308854733044,0.018180666860425455,1.0505233937537382
0.003370635024345859,0.025268773464479935,0.00866840192972113,0.03100226574958361,0.021070344373316292,0.0013167352322744682,-0.003605844064105263,0.023665181162481175,0.027777254265186783,0.013933402639057258,1.0422540470424557
0.01195922939166788,0.038218461961668865,0.02981869602636178,0.02991135629256045,0.005722091612413601,0.025493193759949934,0.011594905477503529,0.009829573508425279,0.012826657632236407,0.006460119707335336,1.0365128257344758
-0.005474569464839696,0.02970673398753222,0.025384001834694622,-0.009278676872559358,-0.0055244752564015285,0.004287184819661137,0.009715554843981816,0.012025109588577505,-0.0011507633675911372,0.005854595858917305,1.005045324555736
0.0015926823411796381,0.024891015401586582,0.028093589752243363,0.036929662294469416,0.007206406979593719,0.03624072114428803,0.011070556041175591,0.05276084637036604,0.02193142564456806,-0.003542997173948667,1.0538522960464805
0.023444972279036032,0.03264400272566959,0.017331081704328566,0.03895752132234325,-0.009421369375551816,0.031042416045124227,0.01366510598701344,0.017513895473871364,0.034481640687657585,0.004470012147709434,1.0429064527147935
0.014463526635895473,0.027961582449743595,0.014635026146390145,0.022055385469415167,-0.010146313036850253,0.007347914703643825,0.003991921697546501,0.017713260096264956,0.00711353886693377,-0.0073031527188781396,1.0176912001189435
0.015692906717361055,0.022337146631756975,0.04422688280162178,0.01989131972448072,0.0215689034389849,0.007154695752476358,0.016650901003594707,0.00956666860130165,0.010188436481122888,0.011355071154862527,1.0325696970139515
0.02184606409735057,0.022747174619502597,0.01659922599042448,0.016515923851531923,0.014944399322295838,0.010516984091777228,0.01444645472819227,-0.008450006533115324,0.021879292614770625,0.018244319918548087,1.0277757631769362
0.026813523324528712,0.04831403430717136,0.030081751576670382,0.0519487004111992,0.03220862309335979,0.05173657292325257,0.017566651546519305,0.04055294341435222,0.03998404668102537,0.011644840934993173,1.082158361312347
0.014169862942639801,0.01346667781437682,0.01696636167540205,0.002857980513826592,-0.000914452116161665,0.008211539436285532,0.010036296708211311,-0.005469390400560918,0.01589934398040556,-0.00028153752475859953,1.0062952166526677
0.021871534146943337,0.03597108978524866,0.004765765354742631,0.03096433010776564,0.0027719355741549897,0.0243137186351209,0.018905885650791043,0.030275680309955623,0.0076509376226009205,0.030107873843135645,1.054343835934621
0.010770412712388763,0.020449234746969705,0.026582375893121485,0.006627487865635382,0.017191604116705436,-0.0048951294249795305,0.016502765828040555,-0.004876036848013686,0.0003040760899956068,0.025920772349356767,1.0205484374761045
0.0031314572465990466,0.020081927787650458,0.002829179020364442,0.01568174129907802,0.015901207925050082,0.016839937529228827,0.0012765696553987274,0.008787921415002927,0.00736199860767265,-0.001914249907788117,1.022221404367547
0.007521356934588646,0.010290253321143009,0.015281834871461607,0.01299728206694087,0.01568905476564785,0.029058791464953816,0.01742759511306188,0.023251929852988632,0.02231043030742306,0.00841894634230125,1.0368268664765163
0.0012638759080773627,0.01837306887936555,0.013122681218397575,0.007918495992232719,0.011206391394302254,0.005144336799439094,0.020072542938421152,0.003089556941115344,0.013703982442776454,0.008524018079553958,1.0170433469663214
0.0005391157931695645,0.026248403739658657,0.023953415074699544,0.020134255636424892,0.02869530393811517,0.013558156608192443,0.010439072475188792,0.04140388194522418,0.012601163159444387,0.006588991145960327,1.044868573653774
0.007178749284570408,0.03304730245930394,0.02715036065751901,0.011623767939227918,0.0018269635414830954,0.032167029786442494,0.015728055201433715,0.011290307481933114,0.02380526840196003,0.010971191404699617,1.031989219812082
0.009921010431298415,0.011869417877373358,0.022789944053877693,0.01429219612858022,0.0035480443789137617,0.014550257489211463,0.02892854637203983,0.004117003697837504,-0.0073307539533029546,0.0038708876786291485,1.0169930645398069
0.014707767364739468,0.002613097104006196,0.008191620752123121,0.008648124558762574,0.004920092097423858,-0.0007005685115514994,0.009705981357184524,0.00039911343578076866,0.02137275378396583,0.024002030629849673,1.0213033601596577
0.0005813878232204406,0.02220678685460621,0.023529747310425106,0.023338286398086043,0.0236894802889836,0.04167924392738307,-0.00744399062883111,0.029195853909979717,0.009473499324893983,0.00817372502851775,1.0489957351642933
0.024013774810208874,0.04658088227823912,0.021918431082825603,0.05325505820827682,0.023817732418063654,0.04409153310089487,-0.0048799800537020314,0.032198663752230364,0.05732840117424025,0.023293299097944115,1.0818569663559958
0.013165610149784119,0.03296246428582698,0.029588965458399088,0.029821323799047755,0.018069578596798558,0.0029728615009165793,0.023488842288533693,0.00913988229803647,0.025927202877357617,0.03265577846056665,1.0465613950875923
-0.006620360781406562,0.019827927996478967,0.021542932589904612,0.018222630071014646,-0.0036011740622265403,0.005699184823760505,-0.004477717465793269,0.009329554033092366,0.037264134662883176,0.018694409554969336,1.0272373562999593
0.011450399013924403,0.03704868027366422,0.013024295359319558,0.04472570045578286,0.006933614781367777,0.015108302102029496,0.0232792142230837,0.01666059684127261,0.024426325217624837,0.006066164176010055,1.0434193131672658
0.0018182373431551314,0.02949969612329157,0.018419344824010926,0.02064614382755732,0.02508965744458798,0.03467996433770525,0.004271264411260916,0.011306664898841823,0.0210173133565601,0.017251019277761372,1.0452917449800585
-0.004116373384607965,0.02086969585170854,0.011238111667557636,0.011419627354069088,0.01610322353034948,0.012794747873720924,0.017191493011025516,0.018983900503227416,0.007651233964961805,0.0032382689049762726,1.024790950195307
0.016248605538851116,0.006475031367058456,0.025984868841634236,0.03332288182907093,0.009722722613132877,0.025066653269177796,0.009760890662253378,0.011758585482854448,0.02138520211084307,0.003681980108561335,1.0374913933117575
-0.008367510121926996,0.010002836037730585,0.012876494658470468,0.0040287423835187654,0.011816834700161677,0.01480717936080973,0.01676875915648332,0.0042779082213055255,0.017715512155845083,0.0006753223298496249,1.0138392407849122
0.01396350785763193,0.01405765792222168,0.012624386919847292,0.031260647408127284,0.017137120881237984,-0.00023446184848330796,0.014746701953700578,0.007119067050640811,0.006816816132812852,0.014532683916921588,1.0325485378223445
0.0161339785329344,0.03507294193048465,0.04189072501426987,0.04632753130142119,0.016644524529460816,0.03099982961244509,0.007151194201024863,0.022837137340308202,0.020861798434870148,0.01577273105109516,1.0598714045719568
0.014948792212280735,0.04049338824970464,0.030973835346044296,0.029221967644544163,0.016430419449207315,0.005349696575806553,-0.0055390414447304675,0.02530179723773225,0.020660434377335203,0.024311135065014443,1.0492900087554322
0.0011449861849546182,0.02010017407486718,0.007095981100210846,0.025762970936520704,0.03210991091755733,0.0033438513365343474,-0.009615541655214421,0.022895543965306457,0.02679844015208109,0.001403618587950092,1.0367308608181807
0.024987637359898666,0.028862939483789422,0.0023069850376462274,0.038572838383123725,0.0198136590709966,0.023049366293834993,0.01418253451955205,0.018488101132018816,0.012898877116631484,0.008844513834040061,1.04822285876002
0.018176981251192454,0.02063640980378386,0.030019060836921817,0.042931807059254146,0.021252732515762682,0.03699044877532734,0.027142601638294378,0.03787727281856457,0.021512178169812695,0.018630284739582205,1.0672299339979023
0.016574808422082178,0.004163282413603427,0.008019232075920119,0.004320951356797257,0.007323529895249152,0.019555878398471754,0.010190525451934917,0.006929589392777061,0.01811277282058638,0.028926792893522454,1.0309886086396671
0.01008923351358686,0.019251978571068196,0.018561209905295938,0.01866318201098115,0.01653711701147001,0.009636748366430678,-0.009723377150000453,0.014308280124787834,0.0020164924551398424,-0.004102965369181471,1.0233911661366022
0.004636787552665856,0.009056442110098546,0.014920400726584146,0.012628028965928594,-0.0039122333016700615,0.02719831127859379,0.0010510271100829666,0.017051760303902357,0.02668204956911957,0.0007177728663993665,1.0245519421575264
0.02170594712878248,0.023233512339747922,0.03249739586773353,0.029205792910756038,0.0017396087744332104,0.016529424839767888,-0.005089689542955644,0.03524843001204705,0.03406798253593772,0.017437323764976736,1.0499923431336304
-0.0017335774603312228,0.03876400621513823,0.010795489893539444,0.023749647907082533,0.025420383403540137,0.016575969380276126,-0.0012930872466506635,0.007872696460036637,0.00891698180736561,0.017444039029785783,1.0387685418358985
0.015457259335676888,0.03485444148097149,0.013027398064241667,0.026554639508062482,-0.0011201203771218533,0.0036521925371700657,0.010122830239858297,0.01606963178062907,0.03064722597031342,0.0006909561005665494,1.0277180459805542
0.011892717336668539,0.021469141248423806,0.02208282150362078,0.049927764231449595,-1.9283298181765884e-05,0.015115072585852016,0.004922356457160555,0.0261900800456116,0.024088450682865786,0.034715948684960744,1.0602925317687262
0.006679004662864734,0.029383606003648994,0.011045656041282654,0.0546506798148661,0.016692344766032954,0.01688920195576669,0.010237809104250862,0.0038042542525075756,0.018385795867363223,0.013597807061174777,1.0482109118213638
0.006366549372611302,0.030149984349797175,0.00269429333972941,0.015120370769198274,0.004147519799702947,0.018001374741050395,0.010072062506846157,0.025163995473129062,0.014535755729794856,0.02510111712221104,1.039859917445906
0.004340097076632468,0.039632180705107545,0.03193912604052185,0.01298017349969466,0.02992360700463579,0.008664058438669284,0.015993499889255768,0.025551892944841545,0.01064336422693531,0.014709407074228457,1.0397212839149192
0.010394962623195898,0.01561622005959435,0.03503272188262874,0.04073868351650309,0.014545748395282753,0.021407783461184327,0.005231060080495305,0.00378609661712968,0.022368996005545677,0.020987907344434495,1.0467921993875593
0.005342645490686964,0.024669789146619974,0.018458629963919924,-0.0005592202656750263,0.03711765313894757,0.030095565194816657,0.017767808637428096,0.015142059770307553,0.005124131046779465,0.002210426916419558,1.0301600376368034
0.004931250785421287,0.020815580054007656,0.035706225267718036,0.022746214514803454,0.009914727578735391,0.006402152332427788,0.011082472431300778,0.017908486858376104,0.011062776365764058,0.0024641191772793534,1.0276930187144564
0.01571552737040783,0.025601324462406448,0.02283074346725274,0.03574565528391784,0.013875852802736266,0.018979726011641173,0.0028726065663305742,0.015064331974678036,0.026680533508467885,0.0035734522111207055,1.0411822227328646
-0.007915735060545381,0.009228164811856081,0.01458055901807089,0.02713525112008051,0.002123512168278569,0.005478210227113261,0.002361367572184524,-0.006203687225174109,0.013957791530877693,0.029623733917272917,1.0281491735249129
-0.011932105550987693,0.022762380207969522,0.008200632327556242,0.04188918729195133,0.0040934240094637414,0.016063974787920245,-0.0030412747984559906,0.009503106269224045,0.016287659524524007,0.012527774370361787,1.0372403103083538
0.011831366396707732,0.009926595685474549,0.0008586217340021043,0.03564633574251025,0.012613656999079171,0.014462421124266206,0.008170343928403611,0.008760073659425254,0.008819620128120112,-0.006835678127145477,1.0275295866304466
0.0072765023444333965,0.04041131930122829,0.025347501479165632,0.02962382428484253,-0.003679802051917683,0.014518877760323859,0.001793471069630629,0.005985957450472456,0.0028239609167835626,0.009269214850756087,1.0285576076765708
0.026284939567748033,0.03823998413717129,0.028461902273532548,0.053109450460227074,0.0049472070585444925,0.040646122203432805,0.013530567322761575,0.0014318837854298827,0.020195981505860754,0.030007725074679102,1.061888987482605
0.01069846677049794,0.03098746422676299,0.040776296926451926,0.039694084891669486,0.03181048686847385,0.020681241335062737,0.01183147498060769,0.03795987788377283,0.027975185441573715,0.012876650667053421,1.0623793495726956
0.012949904237386954,0.011716966821799077,0.021743456492562062,0.03735966044215803,0.004231412365668111,0.02213136282237594,0.002306521154282039,0.01837897602332806,0.024282569769503694,0.0009612245985545151,1.0383636438414912
0.012143749455749106,0.017786496436866223,-0.0003789358935810047,0.014081327156997265,0.0008267209700599035,0.01480496427584826,-0.0013291573435790204,-0.0042719078872542025,0.0009918024134777815,0.005167279415251252,1.01488117170639
0.023885458564681154,0.01456722615540005,0.02192955755277847,0.026898022567056052,-0.0013090553487243289,0.030425851521170055,0.01645224147761972,0.015379949871788513,0.02520556208326953,0.02415909792502661,1.0458443003709552
0.019648567635009804,0.02130674023249949,0.03904974665751902,0.04300697470864354,0.025930910734176204,0.035867067096918726,0.03010881517800277,0.020972983954426237,0.016244846869859393,0.0052270443101538056,1.0553212226393662
0.012153712178239956,0.042728907973442226,0.02892602817112032,0.05312530085649252,0.0034401479473836864,0.029629531219269385,0.004532473713720107,0.018411410231690482,0.03501606349063278,0.022663179066454785,1.0616422742582936
0.014961092212838908,0.046462593508160135,0.04094076131457486,0.022647787932829146,0.01402600657209593,0.011847276419072073,0.018024980149656464,0.021613679331651044,0.015347755416747984,0.010288914755276218,1.0393950701823744
0.004900319305482449,0.034986832461861316,0.0055858887370958885,0.03980416627539296,0.009799873341248513,0.013302197757010008,0.004600745852760792,0.03325772890940538,0.016174211861825105,0.007200542269894438,1.0464406031868354
0.01593401563531756,0.018967503611473494,0.010917365123129954,0.019315173384847763,-0.005266597291453021,-0.005209657846022044,-0.010255607582798617,0.009428086695938417,0.015460124611131588,0.009263296446973348,1.0192576718343909
0.024509731558550463,0.026935174847827197,0.030805709560235046,0.026649971463106673,0.009330427303416593,0.006277795593511177,0.010609739667001666,0.0023692320047380205,0.031050303708250557,0.015446193029928114,1.0344518344711915
-0.002667128265009991,0.016151479717759428,0.009741807379627824,0.04435784852059087,-0.001650654680572839,0.021494874970549444,0.006085631887437841,-0.003331938663797711,0.012846896354515892,0.016790990081918134,1.0355670981916394
0.011223852994454688,0.013228420912102105,0.013208510992017218,0.026679932701820508,0.01867766473186576,0.020181088518986832,0.008176201715684608,0.02797745994931072,0.03211009334460214,0.015116255437865723,1.0480569345830804
0.012665982672059237,0.030771961614582136,0.00822038692641528,0.025615619709893612,0.001724059993469508,0.01963610085698743,0.009827774236709582,-9.147823470956676e-05,0.006242379977583422,-0.0036981315648245538,1.0210658492002305
-0.0015196581527319852,0.00017747777101956817,0.02855491115631255,0.007922161696946749,0.014461765966133858,-0.001913487939641561,0.013025939302707273,-0.01774913269581841,0.019284560499425472,0.014025306425693072,1.0099785609328027
0.006114005450153037,0.014304166882619583,0.019253155673825944,0.04617987698967914,0.008304186521083062,0.019724673549424712,0.026132837894559547,0.01726066782554423,0.02991389500344253,0.01014198677062511,1.0464764903441128
0.00925854353384868,0.030467624623853093,0.01679147116665926,0.010930270492574909,0.0043958243454993925,-0.003981771009390282,0.021570679840156655,0.0009313849170731739,0.020290164863913766,0.014303880256988538,1.018300330999439
0.015412151399615753,0.022062666547074925,0.016157137813296536,-0.002152828700102031,0.007009727437823427,0.005281600340850982,0.010617836185005752,-0.0013565618562045578,0.0036293206773260886,-0.01004753676217086,1.0017315198742522
0.0004772071776498032,-0.0008383308400376557,0.01711943990626803,0.0216291482207328,0.0138015217446909,0.012420105097654144,0.007335179477057374,0.0006572120438224447,0.02631620964497821,0.002731316601724927,1.0227346723960242
0.003756399734901326,0.014183361129449965,0.014765946951981641,0.02874856414278317,0.01730546364722931,0.007138307964434126,0.018008522913909156,0.006790540072511352,0.02136045548678477,0.014238346029951963,1.0339741083986698
-0.009233612059680046,0.027732391607575978,0.03165711639302447,0.036545141274015445,0.010836184094046823,0.01389054110960412,0.021912668695536732,0.01872604343799541,0.028212961330428908,0.015040482941268434,1.043416152567845
0.006953065265397229,0.015536451513874847,0.036865034557203726,0.03006627679159852,0.007621128387269729,0.031235062483912175,0.01365357349409718,0.00831392909609095,0.02512449546555695,0.007515172110724374,1.0381098777118452
0.007233939942656717,0.01577092955178299,0.033503568581146594,0.020903432829941823,0.028958527948943845,0.015206254609300415,0.014754586304158039,0.02390342308948505,0.018863512659826217,-0.004492334065177546,1.0348064769704859
0.013577974364590064,0.03212467003774033,0.046605456262138564,0.0372801446912491,0.011048098196841808,0.025294655193158835,0.03109505201305922,0.043516519602822545,0.027966331401316755,0.03161572901049146,1.068009028943297
0.029551856385039224,0.025085027897853253,0.029714347711999513,0.04357071214921826,0.0030060202802198663,0.015066635789103744,0.01474544639909561,-0.011801196796057088,0.00887749976771785,0.023218284558018144,1.038992078051696
-0.008401545885424973,0.007838184163100765,0.02193786827788724,0.0063564997789891005,0.008402831864592938,0.00957017882201485,0.015122832577244942,0.01837686421196001,0.010595740048935985,-8.52118343283581e-06,1.0166691206750522
0.015769799602946256,0.031646478598311226,0.04360417986749626,0.03958451809927924,0.02332986118702546,0.028960901707317105,0.013446569944990699,0.028939837014398433,0.01918334131753619,0.024761687194481612,1.0642377423042473
-0.008331415758540142,0.010212838487643263,0.0049441328808886315,0.005294933637139041,0.02390894744724511,0.015930604366380666,0.03133029038588901,-0.003681744613596369,0.011718092068866731,-0.0070998539842398005,1.0104773835660077
0.009393758048460103,0.02208201631622697,0.01246610491978438,0.02552788086314672,0.014335431703088916,0.017717447705698837,0.003315847666410943,-0.0005930811944307758,0.021209641686099814,0.012050058002452672,1.0323373746287465
-0.004720474026150561,0.020403988159129558,0.03157845675769133,0.018374167326949013,0.010508096189385004,0.023664980487421883,-0.022873869666321427,0.02061733297660461,0.025449332769074868,0.01068281474772405,1.0368307832303225
0.011815368954292752,0.014738809410210812,0.010386082007453619,0.023885316186414544,0.0017471963716333642,0.017533235989448802,0.0032324344648397858,0.019624912872384215,0.0023887923710906103,0.02440400427911586,1.03889131616429
0.013814629504895917,0.01848212843685864,0.026613343593375634,0.03421763552104128,0.0063079374713647775,0.002099113172657133,0.002027230088666126,0.006764868055557433,0.0072659940052564684,0.0023860729709652695,1.0264715096211048
0.007530436756332404,0.020531209871309897,0.01754233275227603,0.0244862887505915,0.030584751487292797,0.01963837709275774,0.009882899628443638,0.017939230764160145,0.019146390581321872,0.011705436236915267,1.0436558975279604
-0.012031221807719625,0.016738212658836477,-0.008644668820934856,0.018098524007778574,0.013394275887269665,0.03630036576100137,0.017138018757679428,-0.00726408351248466,0.010755305643445014,0.010447182827984295,1.026041663658406
0.009698503383843314,0.012720128585764549,0.01728232461966825,0.019250923479850496,0.009235876278283931,0.03261196901745765,0.02552727298670006,0.02236130956036557,0.012298447484787669,0.018522701199016577,1.042552670745895
-0.005337756401952467,-0.010050624392447412,0.013215805026651371,0.010877694851890607,0.019075304161138187,0.006452265594021171,0.014411780248292217,0.018748996536430182,0.005183054185896319,0.010404606433343767,1.0240801084800217
0.01598005377574657,0.010288594085558224,0.016105572634624917,0.004162310135906016,0.007577917347935952,0.006010581294105752,0.006682306344256779,0.0007652299899883353,-0.007538059073972651,0.01324821720968539,1.0147552037265344
0.0056000348116612515,0.02111601371477783,0.011541195263596848,0.04230272203118119,0.0033715742291771057,0.0024075348944044006,0.01856930382780865,0.00342123866647514,0.030909490962624166,0.02279787045343572,1.0391366338272325
0.0014082027222162771,0.026555555346943302,0.012623126833165516,0.03995969052049286,0.014218544273634271,0.020875571162790867,0.019908032559081842,0.02522421226499858,0.02215228604854205,0.0007284326884286485,1.043655273255105
0.005940059640639842,0.028155274483970122,0.01287720644437177,0.01868430523628367,0.02952248534892682,0.022185828548650373,0.030309557513110146,0.021097665284676034,0.028673122587761446,0.014284744483218727,1.045061652206464
0.0014992177964311256,0.03797978374955102,0.029689955143378743,0.016000189968613427,-0.003267682872130471,0.019010524696826327,-0.0008434878600068214,0.019853157627685546,0.009957783510292365,-0.0024218576153187833,1.0237451559447124
0.01091229166802211,0.023940602870117768,0.025024288801455984,0.022976183120048066,0.007358449652370047,0.013262513461988566,0.01670011633789256,-0.00656928836906916,-0.012993519438361897,0.008975105304832896,1.0205865212374905
0.009570846413898819,0.022738376504894357,0.025836488267708752,0.034752774572103365,0.02028216259392377,-0.009569810295900923,-0.009773014568504768,0.027617067440340114,0.02976207706787535,0.0026988068518067274,1.0379695062785559
0.0018701089602153808,0.008920428567072569,0.012383802210714754,0.028585507946462772,-0.0020406903401918404,0.005421735219560479,-7.658390139374076e-05,0.015395353662643843,0.0136779888589796,-0.006065287199452336,1.0199429261116006
0.0071067608599043675,0.033226711493905166,0.05720768696085074,0.03693061525320339,0.0049907812202641885,0.016660271105615746,0.00993105058806823,0.020652447746481305,0.006129637025333798,0.0381312541175039,1.055116420910557
0.01214401700902326,0.0185669287187982,0.014239531697535003,0.03297362661937378,0.022522259299757784,-0.007237775589721808,0.01069541478609247,-0.004996012615667322,0.00017781314778270337,-0.003092319655541018,1.0192223870862456
0.03200119333277571,0.017801807332944126,0.004058060977831089,0.017543947771932553,0.003403755799543336,0.022342746290870547,0.0035279428099475665,-0.003922249757710006,0.01025313569903574,0.026400308077989806,1.033236588762526
0.009547848660046342,0.0371497445864722,0.025002718474103305,0.009339432722438494,0.014465857245304959,0.015912207930178307,0.045818915903366314,0.026988031479956803,0.007802215956317098,0.015010238989734439,1.0359676724355165
0.014081134436502999,0.014664267576384693,0.01638936903325548,0.027049898525536017,0.00047154680631163876,0.012178834297214378,0.018750709202636044,0.005380595405035875,0.021180614979852318,0.020911807752207683,1.0336977403795582
0.003978109725778219,0.026843249230036767,0.038297297164513563,0.02219238136596397,0.015350293592180743,0.01483484041466943,0.012762758983726814,0.013085772116887679,0.03094183625100938,0.043562531873448725,1.052017695100002
0.022462427241479725,0.02357030828134598,0.015219064943399366,0.03243720351891824,0.02233071703293408,0.025761117844450857,0.021609714389644562,0.019893475346044416,0.021610200813274444,-0.0025606967366322425,1.042760990579665
0.021313552386490044,0.03213089258966285,0.027588620571579382,0.0196843240143645,0.008293126709420595,0.026540458996815047,0.03706742745141321,0.008038823497513958,0.022123823613154965,0.013981593739969964,1.0372030672562458
0.018158319634241013,0.015308085060535888,0.01131275576926146,0.014546752919048573,0.013774459916815408,0.015259075739826508,-0.012354909383595169,0.018413172025475537,0.02037885964795326,-0.0116948050774907,1.0229889314854177
0.004808807575325087,0.015542275705456932,0.024000463355771842,0.01619160201706717,0.015696804572107967,0.009109261954812589,0.006674552240351052,0.012527527105285373,0.024421053600199416,-0.015925594578409117,1.0172727875746579
0.0015258980769044042,0.039675910977792196,0.03847803445697457,0.05076403685756427,0.014377042098970455,0.025335126983100014,-0.0020920267886436455,0.0244809200017507,0.03523531511812969,0.018661455774006713,1.0618078082479714
0.0034110489282653724,0.018769617418643803,0.02510880735596248,0.033114811835634375,0.019377411426147358,0.018806578932188373,0.01390679010131025,0.021619831449797858,0.03774257360439341,0.024472338037213028,1.0532512471988766
0.007277536889974058,0.023370865649799767,0.03619217829333521,0.015020694806055238,0.013889426217717795,0.040891863378074864,0.0190457518782506,0.03086029777298835,0.013611807006949573,0.009526483094264276,1.0448502192056626
-0.004436264224756769,0.01371503346894417,0.008555438937851042,0.01707442030933123,0.019977680882633866,0.01855528002871102,0.02512551051050975,-0.009086878196095277,0.014747487172751676,0.019451812349855213,1.0272764942370454
0.012991897385289889,0.020794609758895684,0.017251376463235688,0.030862151056071846,0.016284084501611677,0.0034547477647602163,0.024740706313461154,-0.007433111060439316,0.014847849880083355,0.022946255649917847,1.0330454655834544
0.021493695708965473,0.03510570253232051,0.020345731060488544,0.03906344356359348,0.011626578345256692,0.015154858561665003,-0.0016990293005247886,0.02576278813016431,0.005116706119625263,0.02010253069967411,1.0516674680825044
0.004537174623045038,0.03612284862652265,-0.0030894650665817362,0.02256772134867653,0.008326908873250579,0.004474839498531842,0.015433147192532536,0.019249879627712612,-0.0005329089016088209,0.01100902741135932,1.029638273490924
0.0157198153246516,0.01655991853049164,0.04732067613159785,0.03465837634189274,0.022982280042145285,0.020879719681465958,0.009262561381193841,0.02234281061321062,0.03705844613448683,-0.005171474854034972,1.0437927019179494
0.018752115160178773,0.0005557825448761957,0.00816229442090705,0.017236243171932283,0.02024169532815861,0.010436786599456885,0.008581858151966687,0.0011206898832494677,0.01463138522692529,0.008708663877564582,1.0256449652964321
0.011305412856395301,0.02700478428667974,0.0051755712512533605,0.017751221003438893,0.020698968084718307,0.013081264982960743,0.002801655511258473,-0.0012316805963917803,0.0067823288478265145,0.01368845807377288,1.0284894798192634
0.0036496463761546117,0.030807144512418075,0.009373735780049797,0.009341308073804443,0.03980727464673398,0.019423144786440055,-0.002120432954484176,0.009119612207623336,0.011403966103836665,0.004076296505782366,1.0317254652448336
0.0009509939420696955,0.016533634248625563,0.007579998364505652,0.024521855509177345,0.029177592384222763,0.03959249116213453,-0.0015705476031755948,0.007300592691393177,0.02589544012763026,0.02409727592835293,1.0506594494361332
0.008295061515643576,0.037732117303769186,0.01868732623574892,0.03092365123990492,0.008469040761850774,0.0015049738461694346,0.00826626079742388,0.019398825221190692,0.02189494687668345,0.006989998317344339,1.0346792922661585
0.013106907616531646,0.026843411859915914,0.010561413875100957,0.039994208803051795,0.026860515764807594,0.026710319518877288,0.0039859760210189015,0.011391789965914535,0.013434368709999811,-0.011211658444816908,1.0386876855942053
0.020788395834242298,0.022577072242380362,0.0439777302535317,0.013669232451024109,0.018084277288476967,0.024732878657016066,0.00547497267869287,0.015828313184011237,0.031255794986686035,0.02094616718539457,1.0442217335310657
0.026941997283985764,0.026571383287810797,0.01336686051260521,0.02535615376788336,0.02098043913118247,0.027637287417474732,0.001448569903270548,0.017981628458604626,0.023505775037290566,0.012847653585839931,1.0474510058991073
0.0009823425505854182,0.01769044946035704,0.010532791908060517,0.0008596991827303137,0.009252307709742174,0.020904199920720273,0.010914987874326564,-0.0006349356589082471,0.01821079840115787,0.012367668258474882,1.018918105983676
0.006804248915939281,0.022918966258438707,0.0095411018720584,0.03840730423768057,0.00028167230488092623,0.023358515238027476,0.0197268651057626,0.01282363290163796,0.007120309668262097,0.008550955790091647,1.0370805108659797
0.029294394545967724,0.03212314316045149,0.029046710876144646,0.024762191587572133,0.02618847790530364,0.04207333538224953,0.01537311049071791,0.03874945568834447,0.05237913910854079,0.006856586272740845,1.0626322165529694
0.004279977612598469,0.008231869334791003,0.014728016814619205,0.018278559620052166,0.00601373871027526,0.003627775201715972,0.017099973352650295,0.0058351769122191605,0.013284416168717093,-0.007023652547564719,1.013038398339278
-0.0017680906377996568,0.013329209942170643,0.006851315230159399,0.022610325179857192,0.019385808378809505,0.027259938934020803,0.010041556343804789,0.014513300663922759,0.020244040480831376,0.007857931628077294,1.0368324827669038
-0.004834271561286796,0.040692504081260385,0.034431410879874495,0.03526631860858468,0.018734090150500975,0.009830759580572924,0.0016169892686231629,0.008877917608447737,0.022514962138496828,0.019059459343536648,1.0432211738456736
0.03866204308712914,0.04314876843206111,0.03906692280688488,0.048690524555646354,-0.000671254304117682,0.027543521358503912,0.018221216809006742,0.015769789395010086,0.04816005124472446,0.017277756025132946,1.0590884541781096
0.012015507508880693,0.020516843867871615,0.01817597956751685,0.03323652070718329,0.001954856992851379,0.010117682596241632,0.01948758627266528,0.0031420855735520385,0.019161802758323215,0.024044384753169078,1.036965197995757
0.00016408880331316572,0.008668874614957578,0.008186429845495688,-0.002620300956981453,-0.008607758615666998,0.01396921476337137,-0.0034737409819633686,0.008728134371322882,0.020557062282895062,0.012553942656297279,1.0132230442111245
0.02036668065296248,0.044654584310906,0.016037069905493372,0.022949201962656776,0.007438693225478318,0.04042903743156424,-0.007654734986685039,-0.007031007394792774,0.022784025136440175,0.012015195847219532,1.0370180444799044
0.005493456423214723,0.031707464357337706,0.01876948896116129,0.021363686845239056,0.0215639834519548,0.013210875120292608,0.014332845545853118,0.014011498001471386,0.02478668373970705,0.019278526554569388,1.0409974436233391
0.01993691161046724,0.034096003253777284,0.030473215845092744,0.04321534829049061,0.010186314827939679,0.019536359771335308,0.01697271186301681,0.010445099033985522,0.027776658826589203,0.014968567631355113,1.0486686513246555
0.03524991044512815,0.02230663222844733,0.0021455442657127045,0.0326870625024026,0.01416285631280676,0.03985219201057615,0.019242144180087274,0.01814197048398565,0.010177064052816064,0.02988509032487894,1.0591852492539282
0.017409565861693746,0.02194570256503982,0.022234734971095637,0.019529589979174998,0.006480234210573335,0.034723447906526636,-0.00045608708486039214,0.023005704604973594,0.012327202342929083,0.013070355772498503,1.0422358317762908
0.005193590730401957,0.0235601922293636,0.002815932769104702,0.009957722274741215,0.023024585361287188,-0.003991384035027877,0.012818897191268285,0.011694122508674491,0.008959514947903823,0.013522488712581712,1.0243935747863122
0.024663470751092653,0.01382664961004913,0.0018608184150814017,0.022808495469438157,-0.0007342255966396889,0.008041973982254626,0.02133848820696567,0.014956291830257522,0.022913841227969692,0.01771842246600392,1.0332115084831504
0.01669114174124455,0.03086817020374594,0.020404860115347527,0.016616948544740967,0.02048135696347373,0.020813083652221016,0.016726844156806916,0.01891546818412188,0.006570760683287203,0.03189861967988206,1.0478521886616334
0.010071650084973861,0.0164119551639824,0.009005305401000727,0.013138014727781509,-0.00900999956647821,0.014554140707141111,0.009053004495639195,0.010601464934121715,0.0023788090307998062,0.005171803108893302,1.0171731884489308
0.020660084057908666,0.050900312826241106,0.042295489749561856,0.04069649562500014,0.016262772838811206,0.038919387249525844,-0.005062057913523621,0.0023226711865431265,0.040551426033720875,0.011772460450501085,1.0540687712324743
0.011010332478478876,0.04479806007458429,0.018498458640027485,0.022816340862233532,-0.0023419718077185058,0.013749237890494705,0.016414558231177774,-0.0006739091904816186,0.0055913493873351325,0.025499221698118184,1.0315103540435107
0.012249223933179296,-0.004444681664685066,0.009424658740720262,0.020394557305100793,0.02137132819477322,0.04651123768414678,9.309116452926088e-05,0.01719275824364356,0.001576312612675667,0.002066486958574627,1.0388270900242638
0.002773593943613867,0.01776834483835311,0.004151561942349958,0.012704744884561026,0.012559123678776554,-0.008772417337418547,0.008139925845687051,0.010491002784023321,0.023176238704112027,0.028712287559733627,1.0288939528341485
0.015705072219126023,0.038449993992093326,0.030973495598204615,0.04951136572314273,0.03516733761839405,0.021871008113581537,0.017256624651696525,0.02634677417007536,0.027029132171119005,0.015872634030399,1.0658513786396278
0.009378808321050907,0.04018293014575705,0.04359491456784325,0.034842522591836414,0.028173865405424468,0.017181815630394677,0.010356292784593017,0.03480109522077757,0.02189280372173189,0.020920129485167856,1.0605985872856465
0.02404094092919383,0.04251093779277173,0.0005272126223361089,0.02139452434229915,0.005335049222477829,0.014718340776377542,0.016986977353574413,0.0071508243341675826,0.015879257962282445,0.010432967950875087,1.0312528788107589
0.009373680295490888,0.011145860058005365,0.00115183662568092,0.017590079295444216,0.016616984590123434,0.006914999108296424,0.004523027066074635,0.005877038022334157,0.02110333255269621,0.005127161475769758,1.024081253663916
0.00013208909210237103,0.031137834728740734,0.04069739843514225,0.041464285500814865,0.018734500929434385,0.040666131169694475,0.007525105458578524,0.027334136612997783,0.0029076776580021745,0.008008754663933706,1.0549114565371285
0.03552001562185873,0.02481935241801515,0.008529354265772126,0.012169803224669956,-0.0030351470143658472,-0.00014507363539940574,0.02251135655637611,0.028359188052882983,0.006331008050130047,0.025244290945297003,1.0342988888019962
0.017420502739068623,0.018458787478959883,0.03915901941956524,0.03240291585514685,0.026118500698668543,0.021150625391744688,0.012628093197961076,0.029656092282007045,0.024558993549384494,0.03078534475845659,1.0622340696920272
0.025730274457885897,0.01398587345466005,0.045839103496560125,0.02045769688554116,0.010384247853887045,0.01789165110889509,0.01623765361725825,0.021920289079845244,0.02184911497353298,-0.010539230861054372,1.029101331463328
-0.003888995765894911,0.0316719459391024,0.034129771584017206,0.02642008866967858,0.005630600647161901,0.021474125072568396,0.0048007425387334235,0.017826664205059104,0.011797743659894768,0.01390122699218443,1.0379864309311382
0.027263606175307722,0.017370610096648757,0.05032472223276681,0.043566250023234,0.01774031356643406,0.0452063738620334,0.00340149624291209,0.02732980965476694,0.019929068952826073,-0.004498287278740864,1.0555000494210578
-0.00411837809456906,0.01649386030473888,0.019091636881882892,0.027621513469162848,7.488586799720559e-05,0.013180613506949764,0.014592974931800326,0.008709979915746062,0.014352428539653203,0.022868766666512226,1.0336710107172196
0.015088700760517304,0.022679691438891644,0.006161223039481608,0.02707790487770803,0.004361704215080168,0.019203845954218646,-0.0022173384397709776,-0.00038955555983687454,0.0232613198226499,-0.0003903542211771017,1.0255560938857695
-0.0019524283969685995,0.012322621341907205,0.0280317533651632,0.022925536260478822,-0.0009368287994439197,0.012580535541755505,0.026138728442838044,0.027571003351336595,0.01353549852585973,0.024562092198422956,1.039072915446731
0.004163330603847425,0.02416445483678406,0.013977353639458408,0.03422065933814058,0.0071985530920923736,0.01566073148778527,0.008540431331544845,0.022340251040012374,0.020606139871112986,0.0023118768079264307,1.0371772633682368
0.011826481043533234,0.03576003921534579,0.022900129517128942,0.04266963814320819,0.02045268658455867,0.024887222468590358,0.02014464685415008,0.020629739741451155,0.032051362118793725,0.016885807547102345,1.0572707120120641
0.025172711535051066,0.04148782664216235,0.021906662435069106,0.025619766496660028,0.013661781780425491,0.0161031114329219,0.012113025750208069,-0.0012112471949470745,0.021985626216727994,0.018968128208422072,1.038386860111665
0.023904455578923546,0.03235840278516325,0.014703787260133728,0.0404226638137386,0.03830591961905656,0.036149002187800414,0.027193281060514492,0.02989267214511042,0.0455043323230933,0.01709416398114881,1.0709692728977742
0.0068185059505668465,0.029857035811769298,0.02639622942736406,0.025980294194520012,0.009482439412679525,0.023749085609864613,0.004315864633341276,0.008571673278527746,-0.00798743105778762,0.005163498698984321,1.0304867243181732
0.014605505389311203,-0.004251304029127552,0.021088558546040758,0.010551219576229127,0.0006272190241728634,0.013208410718347526,0.006182450853395694,4.496805324854039e-05,0.009847800148332532,0.01771245123443823,1.0205655431755096
0.003735880054729593,0.019603003265873612,0.004229439783788567,0.035326179322300096,0.009357953814770012,0.015534122440382183,0.0017949644193124272,0.010895998998651195,0.017338711737801472,0.008253984222583277,1.035700805545709
0.001661351222442235,0.032978021851938724,0.027449130139467384,0.020006424513870216,0.015050085004855397,0.011719328812790848,0.00029806358431737,0.008668457641091878,0.004993132453105701,0.006955085036898524,1.0278695832080427
0.0042551959195686676,0.008369693726694334,0.021523390691888196,0.009482865762491011,0.011043384052334123,0.020375182572362177,0.0009103321723831076,0.016835628182160882,0.019145231806613445,0.0010248419956687682,1.0247324570590677
-0.008888865757797725,0.042681868950981965,0.032443404663358814,0.030135123708418667,0.015664821480248066,0.022075090000812238,0.02764790133531099,0.03369004575595826,0.02700194897223135,0.006853963109749608,1.0472631790602138
0.03348839173820257,0.03232789571806795,0.03418919380845412,0.041401708750519364,0.014869158357779287,0.02233560320655289,-0.0031470362379765037,0.002257424808935954,0.013115351710544426,0.022786778022742635,1.0507348433676515
-0.0027106407631323874,0.023810811773746672,0.02216698340052415,0.004609392678408012,0.019273488207243426,0.00923350299141976,-0.006778036466436466,0.010454483126290147,-0.007101678757067695,0.007465999375686357,1.0195604793867805
0.011249529495168734,0.0342570806513388,0.03094726185755217,0.03222753899424722,0.02062595666196344,0.021608803504721615,0.02173089443060984,0.01786535316792766,0.016388938918784558,0.014843615734566235,1.0477700852020089
0.011644020814724723,0.011230924174750901,0.018319989146502926,0.027400574002563974,-0.001284604554556517,0.012073190919263871,0.017491711101348992,0.00010217762251602328,0.02327645075454007,0.019522916099575224,1.030397347110867
0.010589039713171612,0.002551539920065732,0.002610835125316416,0.021530154006975534,0.015651182902754544,0.01403171855941427,0.003034505437940114,0.027078647514151656,0.0021869912045902815,0.006947540115837624,1.0340555168552488
-0.008575009933278855,0.02415051728753221,0.003156281926632424,0.031592467266311194,0.019507629140613613,0.030372785744298525,0.021443149343703286,0.03336542314684341,0.02205729189450708,0.03807866533269235,1.0634598265170105
-0.0005418543608764663,0.0034776483700915623,-0.002826387456041012,0.021440500297467566,0.01236569823103505,0.0029112732873049353,0.010551132387129316,-0.0026005986273323484,0.026956973570877105,0.005668519173550421,1.0191096452695272
0.0037271482513696903,0.03965756290144276,0.04746098847212215,0.04248284871363255,0.01636598961649498,0.02740999855839886,-0.0028320256737068422,0.04869366567254721,0.033860880056160655,0.002791168765506214,1.0613797705952652
0.012041865380244326,0.01578646481481955,0.030166140318810767,0.04530269744798262,0.01094556304413351,0.014432631675925463,0.010009784196853784,0.022473568688943523,0.015506825487250759,0.026971043913864227,1.054876930547621
0.005853133317379069,0.017763869441906693,-0.011956727744639264,0.008852701358897477,0.01245658288234661,0.018906825639494987,0.0010881773544551623,0.013699258827098536,0.019437762218707078,8.401333436206318e-05,1.0226618456712788
0.016058574876452146,0.02846535145761295,0.01707234123880659,0.0021041293184474313,0.008582852777143773,0.012083314790559284,-0.0005901374762780388,0.005870224516010733,0.021282939799429634,0.018581068925712402,1.0253467705803476
0.006759846822229664,0.027418370121700508,0.01430264117054686,0.03661195033912079,0.019426645808623563,0.023175300788800462,0.022067982474045976,0.02565360123155883,0.015417875727316245,0.01617466547491906,1.0518011455777816
0.011557615764045298,0.05397906976904905,0.023874256907535356,0.033411653447124025,-0.005196282734758771,0.015251927110074563,0.027557939685533717,0.013980951182727661,0.041655084486458285,0.024398444418625806,1.0460712346795331
0.020364662827251388,0.025955889980750435,0.03426116390500293,0.027781504457999952,0.024600809051107328,0.037670387183862786,0.020521531358716198,0.035694663118304666,0.03460559456968429,0.016644680987079143,1.0621709542628641
0.002238640403041961,0.011359942015661904,0.04528635331981849,0.029703422448600435,0.009382324143903062,0.020239291957905383,-0.0015635232295587824,0.016450142342978084,0.02852230874559543,0.013755287233652673,1.0411479229182774
0.018085475537237064,0.015661264608029926,0.037462796691418866,0.0563600611836615,0.02258621455997789,0.053279098423145335,0.008958270270087474,0.0031567753188136358,0.019327953013527396,0.028510950176941538,1.0698612905414029
0.010359613812433105,0.021789446097986748,0.04062289691791962,0.031152320408623865,0.007123478897162157,0.009504807529830826,0.00976153964724199,-0.018269794318346792,0.014589764648431602,0.017819205668589515,1.026378322209824
0.013047313553348195,0.023808453557371392,0.02544809979100267,0.01971613632993626,0.007838180670011827,0.012733419921631893,0.005673064747277044,0.01916267903590802,0.023738421935452385,-0.00024549116774122415,1.0292380613984977
-0.01596383195561355,0.01741264457440804,0.0015556494728000674,0.006164354061556035,0.011302728166706424,0.014111233189767246,0.0031839092621841272,0.009259502666043161,0.017661661083437752,0.012514528057165854,1.021436980134814
0.01856501446941773,0.014768930971387408,0.01822185316674712,0.01696651288008678,0.0019031571640597189,0.024542265883321014,0.001301036933538988,0.013900729118862854,0.007035896343800091,0.0004561727679262173,1.0259750709202813
0.027580398900448312,0.02171410388873616,0.027593686980423592,0.011165867063101412,0.011564563378053963,0.019357701998583138,0.004962975964804257,0.021019813700176863,0.03040983772046761,0.014518566535164616,1.0385977383744693
0.018579272174277697,1.4490738196506342e-05,0.0217594268605846,0.025636041234088938,0.02876380119903133,0.01797093839975468,0.005546365568551622,0.010296652653860868,0.03769440767875998,0.014734173035636445,1.043728435754951
-0.002909450670988488,0.02630850871694462,0.013795718765785487,0.030533797679726138,0.008360700508945537,0.030600815340147185,0.016329674187814676,0.026276962793109756,0.016024774593806877,0.009840730890333119,1.0441703581521535
0.01716222347684716,0.01743844748168513,0.009927688537518005,0.02612158668086763,0.003195655945072655,0.01809577745677003,0.0033014624598835364,0.01924429906418316,-0.010336125758538588,0.008511314823584306,1.0321433253715377
0.007839629882749673,0.024915437703510783,0.030448735188586838,0.0370450540333646,0.0063136210917629524,0.0066618632031141475,0.008250863365764914,0.014008165080912993,0.007845842213186745,0.01762088649511925,1.0390607205218152
0.02131341836883717,0.03531542198547943,0.04210931258149357,0.03180112755534547,0.010942250122297322,0.033919398609952356,0.0036404934304480486,0.019334826253566237,0.003980672992637942,0.010442292246098736,1.0473127384361232
-0.0006364882216696004,0.0037659721364356157,0.04345378900004362,0.022479036794149698,0.01640888849846322,0.016686145546583243,0.01950271609071047,0.032353576651623195,0.029896655280286597,0.016763381404901856,1.0453122705470486
0.004681713619078247,0.012807474899303877,0.014596430517834812,0.04372284699339371,0.013359537604612497,0.024279324312784456,0.0012399951052973653,0.02106646016757386,0.0211102175227626,-0.0023748782717524838,1.0425554539414752
0.00013114483086609785,0.01959943838840965,0.011625446453161496,0.03905650983960087,0.014294702072595655,0.0028794739986494153,0.024665731616764164,0.004174517987545439,-0.0032175750148831384,0.016146405322197067,1.0333165839282485
0.0012295106413300581,0.019399894479342025,0.01683783099767562,0.017286176908392913,0.010699928493677586,0.014316665210560636,0.008601729936098076,-0.0012093773371606859,0.001442647484413603,0.0014092810681041535,1.0177948501012402
0.011177845515100482,0.012669784383404707,0.02091790650719272,0.01971651614892059,0.004039699861152638,-0.0032048717674803776,0.015365764713053556,0.0012343073889403023,0.008267945235746352,-0.001405934406200099,1.0127223846968025
0.023268314127647245,0.022503519208947685,0.03463084107001687,0.04118741867952123,0.027446659853124045,0.02807787671832053,0.008822847506729632,0.021326894989738863,0.014988779291337977,0.011076478155462088,1.0559533219867132
0.0070801634523455495,0.01704407330802052,0.01305187100387261,0.03490043033892853,0.013796131260054169,0.015014475109638981,0.024133261040499267,0.028578206085570462,0.006168370745701512,0.02086368073770932,1.0483267983707456
-0.0017684227215687721,0.03111196433542464,0.037408982210846146,0.028198237682458084,0.006628054954837122,0.000916093448896791,0.008906850101947483,0.00976961818820354,0.013521788221360652,0.022881250965696008,1.0344834833122627
0.0026309441313824636,0.021111244587096307,0.03637186142156269,0.02755961108373723,0.029121219265885793,-0.0007569907883177435,0.0028265794332590875,0.027214777885313533,0.016698279065042634,0.014290444172683464,1.0430450252560093
0.007453531244489377,0.03019057737120401,0.03870940775194154,0.018914123315361426,0.010004184681799711,0.01029327947381795,-0.0003221070916476776,0.009531184658752011,0.004643027925112186,0.017006510835442357,1.0313493044496458
-0.009917224942073618,0.022129252030006635,0.020611720508520805,0.02317011540476334,0.003104113794528794,0.011946665064394119,0.002648123350528173,0.008846444293384562,0.018704281539887336,0.011772796547560754,1.0273862276774586
-0.009770301099411828,0.00422544578821844,0.033019699045267824,-0.006590731127302872,0.0031747851574108928,0.015506669812630798,-0.0036465389762029444,0.019403618875848988,0.016611292658321414,0.020988273124514196,1.022242582855286
0.006349661224832763,0.014836179916835973,0.010606750657565122,0.013028866657907479,-0.00900761275978339,0.01616222019582422,0.005010141897342374,6.183727214017446e-05,0.017583591106279637,0.010801224331058307,1.017569360466045
0.002711653922381623,0.015559566110393242,0.029816804090201654,0.01703946868252701,0.016477457373540505,0.018025710651695084,0.016943690422272777,0.017868305488535956,0.012830064451629012,0.013612911478379348,1.035133286429899
-0.0009663157312194571,0.027892484068701387,0.02027327644755447,0.048093563251032145,0.015855196783612236,0.01455246541232639,-1.820303623414378e-05,0.0039307478382005386,0.003676666155191362,0.013267213502331518,1.04182893590268
0.016253185206054958,0.02405846026415261,0.03455991244514844,0.05140627393735912,0.015915762762362014,0.011580686500567296,-0.0031959942076056624,0.004642574614480028,0.026912651661928837,0.026373033575824618,1.0538885613682327
0.0014200128871012137,0.006691755172158524,0.015087458264621299,0.016823324964869893,0.0036742315555238388,0.023972572221686562,-0.0069195252791326885,0.003379561711154817,0.022624237602269764,0.019828722777272448,1.0306030202787348
0.014332743061334256,0.0385460568047404,0.03925150035013358,0.03292233874434852,0.01827347846045273,0.013175708184925436,0.003083758833262309,0.015060412422716215,0.006404430453491735,0.018432248958728827,1.0454511866853229
-0.0018553127698502144,0.031054862489085226,0.027004111697547017,0.03269786417534968,0.015311198854696065,0.024657684439042808,0.005790753399172526,0.020594982230057846,0.03386509031845375,0.004238624834376639,1.0436650068499722
0.009531172673309314,0.008418778818961144,0.00910661900410275,0.03167622089072819,0.0174906055267344,0.023555100928047343,-0.010150754403653034,0.0025784456648463502,0.02628049918685111,0.005189861889665126,1.035388993113252
0.007229221160400965,0.034582148301228355,0.01332321654435973,0.027519477299994873,0.0215459209670833,0.017379853130466742,0.011290529060465328,0.017878491707308868,0.026269769760274543,0.0072701010443652955,1.0412957604040032
0.023659648052586933,0.008078960304751331,0.02158004672288487,0.010286978006445907,0.01747951348875767,0.0013850853232343883,0.0016385133923311002,0.008111991857091367,0.004976848388244049,0.0007712272116465295,1.0183565044968395
-0.01872108185176806,0.028269973640607023,0.01701315914623092,0.02272660991866704,0.034146121364837564,0.018892889853428796,0.005116962673633282,0.007877831940734393,0.03055944758946516,0.01883403689985902,1.0420809624113128
0.0010141620423296995,0.02864521271106621,0.032937238304361266,0.021414989958882538,0.013681616315993326,0.0031292253955033274,0.014867206921650786,0.033738111516385005,0.017396766540197096,0.020072816856708333,1.0423739077649776
0.007372445644159224,0.04711921885972077,0.038981178820928074,0.05362433057407275,0.048183226729589024,0.04979980957950937,0.01725069390880128,0.030684654855877114,0.05576706415162055,0.007759752328888843,1.0811466572568096
0.017914861970223996,0.007625770266143236,0.015633077535506412,0.0163134148665158,0.007131100782735502,0.013823307735854544,0.019975745574073604,0.02538152513428363,0.018937273620769572,0.0005132193721397935,1.0288565324747851
0.01724839788362802,0.018323010473362787,0.019115368930826777,0.0012935148889756456,0.008877549309837314,0.01596917119361508,-0.002050269508554978,0.010084567985426897,0.017168816655090104,0.013685562438785796,1.0244922320989447
0.024903963250371176,0.016881040725491202,0.001112776449857255,0.030952879347962245,0.011233433807421103,0.020363628751731623,0.00784962827308809,0.00840110496569162,0.011769599894646677,0.016754904479341238,1.0402886856981424
0.009735151919266853,0.02097523746565783,0.039177560013998414,0.030277065317731,0.01102929474126482,0.03445357130245459,0.005680814215931309,0.023841951427666663,0.026607677727478865,0.019429730338568915,1.0528676341594505
-0.0059370992551089664,0.016259672963906305,0.025593903202778573,0.01524329813963678,-0.014629575817151144,0.018510627624465117,0.01202339740052805,0.024144356379616427,0.01197982010444972,0.00765571905110313,1.0237551942326601
0.014717772623585436,0.03601057893756653,0.03204478612093539,0.04041932880382387,0.007758343627430912,0.006125377305671434,-0.0013750872782784009,0.01761757883993511,0.01235358130894515,0.02401091892072034,1.0476214731518754
0.022380577574425294,0.03547547497760587,0.04989341198946912,0.04153044590002662,0.018045519754490022,0.012814379624839122,0.028943451142321754,0.008685745805013197,0.013663199342226791,0.010547861894812254,1.044613211960172
-0.000734797015839026,0.0247029609194468,-0.010034979035154486,0.011798643575478515,0.001604847502829792,0.007268806814754359,-0.004840080007642978,-0.007226843625547022,0.012190902904699269,0.01526003545662876,1.0155039296215747
0.006459996733711557,0.011085217717902253,0.02833270225160973,0.015596768072843584,0.013591408871521868,0.013177254200836128,0.003643692903054856,-0.005882767723959166,0.008394978963270999,-0.0028304193926382334,1.0149363593357257
0.013785617811703043,0.02596822140194058,0.02045693486283065,0.03410266779176684,0.010698827532353456,0.02428761076127081,0.003966108306550947,0.016854208763875674,0.02806970485704549,0.02930488802494402,1.0538974615426133
0.00863705316091935,0.012978445257753799,0.008192329326542704,0.013528196003769097,0.007978849901931252,0.019339194533907113,-0.0032057820844306334,0.023516668719748918,0.009183075567653657,-0.010050242904301671,1.0219836691515014
0.006416554845539277,0.0506719768583823,0.02557229969354054,0.045138389842510576,-0.00599560560647034,0.02780053784769447,0.01576063709681431,0.007134958700025082,0.03251498995178902,0.02262484141605349,1.0497656146488694
0.010160927677617334,0.02852356284124299,0.021031832602286728,0.0344594152951947,0.002721331114454037,0.02312781175215598,0.025378138043418666,0.03571914424288347,0.019056553375516278,0.01474415123495375,1.0501627349310574
0.005203780350140094,0.029997136395212808,0.006291472807412306,0.030664591506230188,0.010832436191546077,-0.00238853064878421,0.021134734748973746,0.009506550787493276,0.006583549962857395,-0.0017100316190202195,1.0228682282197783
0.019215182137332483,0.02909025905321634,0.02217464167025993,0.021822402819233415,0.03077762775397438,0.010873920328037894,-0.00300054894969627,0.001329445913425444,0.02061023484345363,0.009993560415958603,1.035166286575744
0.01050955160700566,0.025018879339225232,0.030468520532133826,0.0394511206785024,0.014435963482190901,0.022890227113109365,0.020415312885200758,0.016784776469655937,0.03907910763896799,0.025259050588232617,1.0560146789459748
0.01182754270762468,0.02322791606128192,0.033341680328482885,0.046355194593646995,0.018427565416067077,0.040782535120033124,0.018101005127912607,0.007639624240783122,0.04792974457873353,0.008032186903321319,1.055253788678017
0.002695397401356623,0.04106507888995066,0.012973966544288017,0.02294926515056659,0.010985291973361245,0.017394323430701266,0.015043136110654982,0.025286680136043082,0.020233297599089543,0.03743300817633456,1.0524849253606012
-0.0009283904259182567,0.025919755639037603,0.004015844354630326,0.016641153052615293,0.013285771831884011,0.01895086421750422,0.02000298804853496,0.01611281350841509,0.010711678158203036,0.010882160766355078,1.0316040414027319
-0.004197897032030447,0.009504461294958237,0.01995490073320725,0.007684640087316083,0.0007499477014165142,0.017903939880912063,-0.02244758115958765,-0.00018711912929290139,0.015692798606785716,0.016118194354751175,1.0196863881243101
0.023923989092296927,0.0072152509840394995,0.009507472446015904,0.015176388672463612,0.028051824120014952,0.018155989756034874,0.015368074511396886,0.01686910183696736,0.037190254209724334,0.0158440846289528,1.042501724589832
0.012174363614008667,0.01790815076509319,0.02348698628108004,0.014407832447652884,0.0015624468040225017,0.0009590777765376944,0.02602907901565487,0.03604273901265308,0.025000930723213355,-0.015286197428927822,1.020025717959886
0.013289950544704457,0.01912422701432288,0.014108815304743776,0.007782478640974878,0.017525964320052153,0.010018334093003898,0.011074983700226821,0.028498549704202826,0.00606422253747855,0.007087188511234651,1.0300743469861529
0.01841553542119037,0.027023633370026428,0.0038944497806053992,0.015019350649544294,0.012201090033247874,0.01929973971107854,0.0009306853963595612,0.00764037082492054,0.014243493924634648,0.005565492634193676,1.0278776905480704
0.001989963272452544,0.025955418767795512,0.010921816859435544,0.009963777520501049,0.01678503906054214,0.012221962649093277,0.012871086434917071,0.021037632481124897,0.027705527673304853,-0.00031806552917253497,1.026754479982109
0.014812935220048866,0.02328648369847918,0.029269862711530575,0.022585518190983273,0.013295207713628382,0.01912136458846398,0.029663760779882656,0.03089215749698845,0.02304187344648105,0.00623584585637571,1.0415950552060893
-0.003236802176768446,0.003944142442404243,0.009334325023873144,0.020174818860217148,0.0074930493558622285,0.015246991297558616,0.006619497809890901,-0.0038204606948241075,0.010872694543232185,0.02018317772412994,1.025537389566874
0.001611915563048967,0.024134109955296093,0.007737935751701055,0.025065043098749993,0.018209463201938392,0.0046204327240839775,0.01607940477814748,0.023024656281228836,0.022875536251520893,0.019763501288207634,1.0411293270508821
0.017221543862292937,0.040110620254977705,0.04424500143235277,0.046219813658514755,0.01617467519459439,0.018207941478818615,0.008110775247812932,0.015107073849666336,0.012771145729112638,0.016252027257656964,1.0526952959362692
0.00048365555811404233,0.02987371191114053,0.02251009831383987,0.04940292579072565,0.002453829176764573,0.02273242805774831,0.009171256844755117,0.022613015251528194,0.023155569582109427,0.014460175204122195,1.051266544270871
-0.007527107375034609,0.04251778727069093,-0.002464424792573989,0.02752826586519142,0.019303922410789487,0.010260474095739464,0.007119963253246126,0.020784045074024093,0.022249211318611337,0.018013051455135248,1.0426377948321675
0.010663723686921095,0.01241015314090851,0.01692477736095814,0.012008768984190867,0.005263120045456988,0.016179912904217025,-0.0018450894352632398,0.0010693385691313909,0.0012432999490286888,-0.007905342431936227,1.0114869327100904
0.012803214616748732,0.023066406552361265,0.00801491979163836,-0.0011518786263036394,0.010002747646552826,0.002103747204769653,0.02294607136035124,0.023768088836363874,0.01536741687418534,0.010547221473584969,1.022247665619568
0.016190827516264578,0.005068671607477761,0.008037128112185212,0.004454032268177642,0.011457559904874973,0.010969231284749498,0.017237898406229482,0.021863215658193307,0.006424666628231229,0.017855311983416153,1.028687133524985
0.0119179394121473,0.015633154413899564,0.013935393135094109,0.00602656400964506,0.010719105182921844,0.01648805884516806,0.0062739351489029,0.005210832043730308,0.01151361480594192,0.029895402262462258,1.0314187261761718
0.007797431729079343,0.026177657298212892,0.03723258058750108,0.05505870877394903,0.012850315969647362,0.03552294362167183,0.0029863621339646634,0.0206044205666386,0.02732637439600174,-0.004781109216463745,1.0524706378136208
0.008047123626395817,0.0009592011976587017,0.005407987239852827,0.0167682387260958,0.01663858574003718,0.03695463735580466,-0.009945192248917527,0.011235930347747926,0.011320837233820307,0.008358200125242948,1.0346391609024923
0.017814342394673475,0.00265900505010783,-0.0058122141394553045,0.013633912610570235,0.005154816831326593,0.016716709867836924,0.00478826617735396,0.008830925367934402,0.011081500767942645,0.02417574404825012,1.0310208625990565
0.014099177122868628,0.022829037006164156,0.0027348592734438744,0.02611665735227656,0.009590215403333322,-0.0005570004732897236,0.0026828478185302804,0.019731573859613823,0.012602503181891139,0.02559212268617043,1.0391687312226223
0.028637595431166042,0.04594342514296879,0.034191234294486755,0.0376726216730829,-9.18014686071382e-05,0.01692428531588535,0.012857543822859268,0.039222582135562435,-0.0017625026654868071,0.03193094664040645,1.0600453378449013
0.01857319698644879,0.01472761355831538,-0.0025283300541352836,0.00818809970188202,0.0062716507698206735,-0.0033977753815678403,-0.00826036188678009,-0.003244201575901465,-0.0011535551451537264,0.012676316795567886,1.0125095090358387
3.742387596537486e-05,0.03709532439285503,0.023372041655035054,0.030865812889242276,0.020183766182883284,0.05239535347674077,0.010209565208738097,0.004862854565976765,0.02476286087386121,0.02337072392862796,1.0552221783385933
0.009879943846808162,0.03591194398328355,0.015823326431503117,0.015425354932741666,0.018269922426388037,0.03486903457853119,-0.0037473592478289106,0.01496118064889724,-0.0002985444816886243,0.004368631450020562,1.0352103221176019
-0.008733491076888726,0.030411910524716666,0.014511338991048213,0.03159077129630518,0.024438031512161975,0.00760491950716977,0.0017742297177490741,0.0038055763928658334,0.0007198280241804203,0.007110419559199869,1.0305013656613504
0.01164245422597949,0.0346623926375728,0.0234291470725759,0.03361548106752195,-0.013655254241280518,0.009447975123351805,-0.006223961610209328,0.02803928146205219,0.012987982780370156,0.02924557914122526,1.0451165101145157
0.01442159753337471,-0.0012058033499992953,0.03146088818803413,0.02452127673063138,0.007277067068198731,0.009760085164931669,0.025845956512041097,0.014245311409519547,0.024438342810000527,0.02407762497640911,1.0383033544681377
-0.00036152245435519884,0.013180939704134139,0.016225597909169588,0.009232444997271251,0.005837141900836894,0.0021523240355460476,-0.013877792417144187,0.025039119372558885,0.009123009906619187,0.0042653752068941495,1.0208740205570366
-0.001100450467924851,0.036228454505099504,0.022821775441059743,0.02625933549835527,0.017250253012660713,-0.005811208401411992,-0.0009594175804226593,0.0021254320904539542,0.00714502552828613,0.01875049602185425,1.0291671696670317
0.016628148684387042,0.02860355785307752,0.02126735616428854,0.03750869455597033,-0.001090593298240912,0.026120850550555415,0.015076484077997032,0.011551841745273864,0.01878248888856581,0.015253397585368733,1.0431895356595744
0.022276116193526527,0.02430712848412303,0.014384339826996913,0.029256985572435962,0.017037635735245586,0.003719345149094171,0.022749559312518396,0.018887615891490028,0.044369520120809004,0.024035547836022554,1.047968128518162
0.01129169632810845,0.020235784145711068,0.024377931282817587,0.022510992722603648,0.02071959589916493,0.010735908078791549,0.007700267174921915,0.002175866893650782,0.02704874718514516,0.001627023335789719,1.027921701734294
0.006112246443221352,-4.799098821254774e-05,0.022265290690786317,0.013431450944424187,0.018621301353339698,0.01925218335765139,0.0035215747505261104,0.013896618944316793,0.012260706233530053,0.011657245241827638,1.03109268691788
0.020566426769943958,0.012401671529971688,0.032053822423135786,0.022090021049419095,0.038079479405863335,0.010942888714601973,0.011012937529764812,0.01570014679582211,0.006319935912446808,0.01527948775056993,1.0428178903966272
0.003828824008903621,0.004985703111108807,0.025787189689011773,0.0028816751157270636,-0.002309543077684776,0.02346067162017839,-0.010197790789257366,0.017640203335151275,0.01751906637521442,0.02493017456006192,1.0301649638138688
-0.001913504657923405,0.04134109249270265,0.03350392900409601,0.04839090153995371,0.0058499777720131246,0.050992880629795845,0.01569148120473721,-0.007299039964738151,0.03316947431567176,0.015435324745048037,1.0514606878490178
0.008421258330235912,0.02558953687457795,0.023676414037142053,0.031802526360943835,0.0022638656130469902,0.02258267081724122,0.021606167907442485,0.02803136483053862,0.010298778886915712,0.003255545172414961,1.0389249388408255
0.004456019436300684,0.03145140974459559,0.016598902895416573,0.03581243283733283,0.00236525477566284,0.026379808063124014,0.024153083697283043,-0.002843590342015501,0.02477327690931131,0.004461670501529508,1.0321170317387636
0.024968108887015096,0.019068708869057663,0.028741620514818877,0.029057986673133647,7.639800549768747e-05,0.007237343612759833,-0.004500166185810823,0.00219864392943781,0.021356004226953284,0.015046183889615237,1.0312773349178193
0.016315823007018254,0.04103548209292846,0.03516971645255126,0.04388122954015481,0.04448364627864763,0.01863208152239996,0.01506962977780384,0.007003839007424271,0.02069497314900858,0.01254689882054196,1.0557490273197074
0.016019863915584593,0.03195484148434411,0.0450309171502669,0.04901886864332647,0.056162122586946146,0.06388118847761591,0.007003546330423793,0.012644233978673406,0.056009334953374366,0.03525265436329779,1.0920165428907738
0.02207710811114353,0.01809269110710409,0.003848402782241,0.02275290080016383,0.0037199411959864224,0.0038534286093766116,0.003963799389789729,-0.0030849028404214465,0.01879301638429843,0.016052161252870192,1.0253195359132259
-0.008184460598010578,0.0194371108324472,0.03485184076168762,0.026698531641887263,0.016860827645367255,0.03176773280950222,-0.0035865341061145535,0.0061762564911772705,0.0038048037720450414,0.023744474637620645,1.0424860524239632
0.029090433432121247,0.02542838886080391,0.0235709112998603,0.031283809727234144,0.029574061911349907,0.017875945400684858,0.012914697927148031,0.004324739667232664,0.023505454758454884,0.018348051161863502,1.0474437629243825
0.028371723640322373,0.02646698757351138,0.013413855529711525,0.026048670426565976,0.03525154647638025,0.03744768796151448,0.013604660037223696,0.03187289562082436,0.011786246183941506,0.008380379330609098,1.0567899202121842
0.01410160884323761,0.006743603520948729,0.011327776646449557,0.04000687385069939,0.018966097502114282,0.011946593398544512,-0.006552640058071418,0.02414465208098107,0.020925929757842774,0.019476191999183927,1.050926140537921
0.008825959327204237,0.03469684985393787,0.030888644543642724,0.033811279424160394,0.0225331396287019,0.026540244856912597,0.025808037869801695,0.005648665650120014,0.04046128108250891,0.020590358265532457,1.0511254086185213
-0.005463209269605749,0.010494403676278612,0.01601322560580524,0.022366826171195796,-0.005375267901909149,0.03045991223573743,-0.009838253448388862,0.01802119857691964,0.00019674633344799776,-0.0006982962528885167,1.0252029677761396
0.01616500394961425,0.02224908623145838,0.022098640233372133,0.033110967259296714,0.010844037153485735,0.018282167581815736,0.009779300702680762,0.02581653350151848,0.0320419511399995,0.015134224614880377,1.0488119373282152
0.013942003867485876,0.022035478163395822,0.006831287856336108,0.010145399923559268,-0.00863840177965444,0.01971784125438646,0.013106415671873909,-0.0043603035246152,0.005641068059235239,0.0018827499548479606,1.0113653539925396
-0.0002030687344042048,0.02459551891680565,0.008590155890017883,0.0067388598712387615,0.01920907804369796,0.01610567607068689,0.00017674598537867174,0.011028861950078269,0.025724559779775617,0.0018422066933312473,1.0238494146855859
0.015123634259437243,0.03428607854822203,0.027371394773736808,0.03454728008736665,0.0190121746071966,0.014916764877171612,0.014096576846315819,0.031037500963830227,0.03519869233558682,0.022333324368565985,1.057548894542408
-0.0012855168332480734,0.025693702955299068,0.021876010834528243,0.02923181546803072,0.00038897867540876874,0.028540406677871083,0.01537485105417501,0.014785293352306408,0.005177832416784864,-0.00867049999093427,1.0265596277163007
0.013364761711641074,0.03319578567868805,0.03165590894578326,0.0296439709559016,0.015421895929921044,0.024353718241655792,-0.01190496436892547,0.010227815974755854,0.005225714789109208,0.026093866787455077,1.047575007973041
0.0189445495661867,0.025592141989497667,0.026638127579143887,0.031156300140143416,0.027587158138402536,0.0288613621483108,0.012022067602118387,0.036162427852957355,0.015885159992286617,0.011583654637007893,1.057142206068419
-0.003679205402614379,0.03295377768105324,0.022666753860983452,0.022874424908084036,0.0272229089239476,0.021514947237079446,0.002026554625921169,0.011834366557068658,0.029086213444334617,0.019869118165888967,1.0450931149879774
0.01670083368585721,0.03317606247720767,0.03157859178898065,0.031479575581439434,0.026388097298771795,0.02351821554908006,0.02775652723228505,0.025939951134907244,0.015799919923549854,0.03280721884903065,1.0617687989208404
0.006213042592499492,0.029319203556781803,0.0035095607445862747,0.011358849997554057,0.004538190767391145,0.001989048632124701,0.00400959825684343,0.005233356057983758,0.01462949087278801,0.031266442360122,1.0287190100020156
0.0006460061529780722,0.02172032957469321,-0.004859588114908102,0.022419893324729774,0.004674579335247324,0.0035269728269046088,0.008429173446943043,0.01761752699465246,0.00980631769358571,0.007697165746550358,1.025677663846732
0.01693851053279882,0.01099450037888965,0.0026766997256637386,0.038763397505129964,0.019065030485408824,0.018201662998116156,-0.0017475154604186518,0.03266922463281505,0.03297077858111454,-0.0006888666450553665,1.0477291298767142
0.002445123632640378,0.011438366713284935,0.021049632765316892,0.01281210744012188,0.0018985778452063808,0.018020120154600285,0.003883208390297002,0.025146428745980914,0.005318639926300472,-0.0008829396344794864,1.0234706934884645
-0.004164216800947982,0.02595447431675365,0.009115316584873006,0.024590256416174034,0.007918787487656846,0.011612348513111836,-0.004193918400738803,0.0071913094547260805,0.011729440627959959,0.011646400404173403,1.028521404259732
0.03589944104619918,0.07970464465345597,0.08424567750296576,0.09449665377278434,0.08047062795694082,0.0919309871302277,0.03334633881118071,0.04822295815942669,0.07630237402212015,0.027669002543005358,1.1476976921853987
0.021187662036767002,0.02576307057687366,0.006340934677858484,0.03410947876332727,0.012546667617452026,0.021468854730102096,0.022273843484189655,0.012262016329681212,0.022843014599660608,-0.0035886354038197586,1.035809436208935
0.008662282999084002,0.008472095098494246,0.05116815262210313,0.02766306803701539,0.004072406681334,0.012893108250820975,0.010396640123388623,0.020922560438058197,0.010331712715258358,0.012522788461291179,1.036010373042775
0.01906226233492776,0.01179635024302295,0.015718325828996595,0.002094995714772346,0.01231276146783494,0.007894348317559178,0.003944520733071908,-0.005870382697883524,0.021258293541370106,0.006711022752270829,1.0140101110873088
0.012463019764630648,0.0275681964805854,0.033200738825343065,0.02124313467211914,0.004991352086292231,0.004686371149304385,0.01656328393088452,-0.00533574701891869,0.009803254470241076,0.022109547431643076,1.0265984545354596
0.030084588827738318,0.0037059372126175966,0.023543820750804682,0.013519403992824402,0.011877124318911272,0.023756580774450815,0.013559600517317569,0.015545953129001235,0.025116606991104788,0.009910442662162448,1.0348791421089287
0.018955931510512895,0.027634964006855382,0.02242254237414723,0.022139529581199954,0.020334026880361716,0.010475641641439725,0.007424507172753033,0.028620857857867343,0.02259679745011735,0.029378546438853768,1.051754057727943
0.0025717604044731886,0.0026391434787438536,0.018428162477354605,0.018615240533100194,-0.009279916951335083,0.007307172868461857,0.002321589199520433,-0.0012480220185848,0.011621564076381251,0.005235425172304686,1.012380042169529
0.01642195667111477,0.014816214122747865,0.02321176322157827,0.025283202509785888,0.013007068979247388,0.006239084368638554,0.007029000260951441,0.01641952165268916,0.026924844471579775,0.009226485685595923,1.034752152237011
0.0024873154473318932,0.04387677345873024,0.0062572207732858424,0.02683981912356855,0.009419653980515915,0.007539908992499476,0.024073602498213286,-0.0046154054390106,0.006353944433348457,0.005502325035509273,1.022443538822098
0.004967994689558081,0.022737771763387895,0.006666086787096921,0.01848688362485446,-0.005060132164935996,0.027976677947941404,0.009662267146821309,-0.0021236530694939302,0.014462270024560964,0.013771994245722728,1.0252789370975264
0.0028442593739158905,0.021113976856646385,-0.0015112572692723078,0.015511227147978066,0.020023400185883798,0.006069386118525465,0.008238152329350117,0.028877337266818816,0.011677842003035814,0.007768570185285153,1.0327045540851802
0.023192131803198145,0.020109398578369304,0.036701990690259596,0.05672417704969839,0.017793480115699343,0.0206489391477509,0.02891585666627846,0.0316547450882188,0.025435560521358428,0.011084109134339243,1.0627450101374738
0.029899713484643587,0.013856539562129858,0.008554072407061936,0.015515785830736296,0.016253075727277994,0.020625535709372762,-0.00015494628830314654,0.01762555470215448,0.022538769429855637,0.02060307252945138,1.0421312467666723
-0.007825448414914539,0.010745239867034307,0.01672798396082867,0.015658339068599952,-0.009668193702805517,0.0063292301441258405,0.013263165966182707,0.007386047568392437,0.01589350223915311,-0.0015369577383508286,1.0104374622514993
-0.0010017784594770554,0.01203948098187862,0.03358370374799895,0.029704642401129303,0.014398790295975539,0.027794576351688107,0.012589771673672975,0.03642484002314071,0.01296023531411972,0.009404159226067292,1.047819687806326
0.013725624829119439,0.03890922862905559,0.015054125503157701,0.03822287165086787,0.006685023937934516,0.0111362028414769,0.035778662136226984,0.023288557144967116,0.01586558798227333,0.02341857023069159,1.0492961424989327
0.019340573389764106,0.02635689397246934,0.01310120088256949,0.00046789687501542707,0.0009731174226829814,0.015597828320418904,0.010836579934161976,0.02476898872354553,0.01727062178455287,0.013639372139421705,1.027827143321851
0.016445027304415227,0.015182292486488586,0.010948927381987775,0.026604623252871336,-0.003263928467691078,0.023789433697040195,-0.0015184379839613396,-0.00782218555225503,0.025343265603666336,-0.0019281137509666105,1.020890098355112
0.027178368611242468,0.022408443042074178,0.03169523847998317,0.03783682852186648,0.010829888513859283,0.017696890264810652,0.010015035363915344,0.024060440153952155,0.031070366550925252,0.017966126027288053,1.0529460184325945
0.01453426372024665,0.010567381423981143,0.008825072148947219,0.021358058544879682,0.01266412009760336,-0.006525385273698985,0.008819324682222636,0.007171158588544653,-0.0028323498903876374,0.000554982698206025,1.016820714364906
-0.0027416138723950923,0.005925211783522998,0.017222045405440947,0.01957124700172535,0.022274071696959052,0.015905463903753015,0.014627902384626463,0.02112249367485416,0.014913961755840284,0.020210423394117077,1.040208029971987
-0.001787631693309406,0.018066279461468326,0.01914375911952717,0.022201812934049343,0.007050711788106294,0.029552572548515663,0.012117595691102085,0.026511748960114434,0.016944485505313002,0.01390841964350544,1.041524249441994
-0.011085034323594483,0.025104314079662,0.030159030739673826,0.009296806976526241,0.02474113300541757,0.0007876267480239219,0.01593910092299905,0.016182335868575745,0.006024080865575035,0.015601627018925484,1.0274320125803464
0.020636431523429394,0.03260982962529178,0.021862664500384738,0.026481151492084947,-0.001176872921012026,0.00913140685306741,0.027758820198806274,0.012481138405830674,-0.007977451059161166,0.010909074152078094,1.028806537480325
0.016163536312983732,0.039417521341897535,0.02313458939707544,0.04808785326565278,-0.0076598890180396215,0.02733461759950815,0.007445709471603059,0.01508346838857429,0.02358335994380722,0.02208166311150728,1.0525108063762716
-0.0028842668246849227,0.010496389047517493,0.006897566755715992,0.017012498110634922,0.01160957762135307,0.014960643404180457,0.00855348930281287,0.01239679965418617,0.0008334359623997003,0.01686628633291158,1.0291263883791684
0.006586693328701854,0.03258391184296652,0.02759486733263118,0.017469760592360196,0.012648159728347208,0.004451921374057512,0.010331740726856914,0.014974837542380638,0.022094063785194934,0.02533331985064214,1.037392598763956
0.0006388760256258817,0.01764941584302516,0.007357855381014156,0.024798313343530047,0.017931019450476128,0.019602736001120398,-0.009359238960289984,0.016861519793741397,0.02271890847271741,0.0086873335104983,1.037499917880381
0.021769008839229626,0.020048603109228243,0.030312140569587368,0.04040088644671486,0.014549111743811476,0.03259957653226392,0.019111813212121853,0.038337441577680605,0.04432226097279836,0.014153712486546559,1.063977184001959
0.0185320737460951,0.03207750501756384,0.012594049946665967,0.014555931228114383,0.03738466465346538,0.02386779972556729,-0.014917566402101375,0.017409234078209854,0.016536533059374976,0.02332224759238056,1.0497441902846543
0.024208060939357647,0.018368323843424173,0.03259075244745018,0.04179036976770256,0.02030790040150921,0.030948816137027074,0.01869880729615584,0.020471423229254906,0.02867270608586134,0.007604039788753753,1.0542504015055714
0.0123119798081427,0.015779869980871785,0.04387281324239501,0.022205295374469254,0.007005260752808095,0.013568984978516285,-0.0008261818104733946,0.014191709489703233,0.015116560544657995,0.026366288615402533,1.0400463913760647
-0.0028166415858068266,0.030481454418495105,0.02439636825656382,0.03716818266208191,0.0027463016279874915,0.00467560436001962,0.005283058183732545,0.016384728111992892,0.0349281288347102,0.016197583656230936,1.0398863664822005
0.032893601169725666,0.022127510038652452,0.050906489250089365,0.024906420765233767,0.012467771615947896,0.028051405771891413,0.006194690069263162,0.022110210342622543,0.0181316634576226,0.01144966131272649,1.0466443696579026
0.007934229069172509,0.0007298792178541021,0.009792390657162841,0.036873279915779295,-0.006906209513716311,0.022724394441975798,0.018082081784720087,0.02277922228977559,0.007756012066939278,0.01225882173740497,1.038175364067605
0.022120489566882763,0.022330618905826386,0.044756488529569524,0.02843989023104641,0.025578241269459998,0.018568539942454235,0.013548672337757441,0.03313891297874912,0.01773081151754998,0.010480202853703643,1.0513994393625672
0.006314764782367147,0.02696216943404964,0.034861739589926125,0.038340229417758415,-0.002233602906812498,0.01729294000268626,0.01042894424818583,0.0038518325638749983,0.013528876399113321,0.02730563755142142,1.0418411467617006
0.000759481045282482,0.031508822954727234,0.015952791363741954,0.02081247283648424,0.000392250200450606,0.02900288556411115,0.016096347165976358,0.028774807916048743,0.017305697604724786,0.024387458363314803,1.045846876571143
0.012572033984814822,0.01857797333664168,0.004382773013010434,0.00855086335046561,-0.00797968176027725,0.017427718570725535,-0.004850974050223948,0.0011386312613357388,0.00525148343881699,-0.00920777359125521,1.0066238880140148
0.012077910755557853,-0.0036542180588185116,0.01358186458448109,0.020565985207220173,0.024526270945220092,0.021792304115906522,-0.01661494672746897,0.012968349968093509,0.0313989294163037,0.007130889093726621,1.036954837946321
0.036701269669893254,0.030506514973984638,0.010422180724006039,0.031071615464959193,0.007299190583669067,0.03942697245383676,0.00928952980937272,0.01876181001558146,0.00248290451544763,0.01708014199084798,1.0507332465982617
0.022082524759679027,0.02698341041876926,0.025600591472572203,0.03888114690716743,0.029386481883845142,0.02855970866314728,0.041626848143215475,0.03675567813909453,0.00819536317388372,0.009978676371168019,1.0597690132608195
-0.004725200849298685,0.024518244918594355,0.0102413157886843,0.03183799946689286,0.005439874376370158,0.010308868915370781,0.01946219500132387,0.017721676650082625,0.0008623875798143693,0.023143935421197158,1.0385015768720818
0.01339876717771745,0.0031865106413014876,0.01262247675447112,0.006323308609665855,0.005648685647324209,0.011275345513123695,0.007297916026448012,0.013768765643718817,0.034642877452724014,0.00958465612476155,1.0239843479843955
0.010076836947036021,0.022324283826941075,0.022065467334855336,0.014428603523114989,0.007859062409011495,0.01696272518145136,0.006286239972774318,0.025891765733883507,0.01621860006308156,-0.007113431156963371,1.0259834481129149
0.00365315582524427,-0.0007886664991349004,0.01908216832763334,0.007138264074866443,0.003923269665879338,0.006538253922990872,-0.006667585728991759,-0.0023469263662736035,-0.0017030425547969888,-0.0018742591000655891,1.0054373842005402
0.005709016875874823,0.031250550982681743,0.025508669711991887,0.035912028297042195,0.0317484332158448,0.015873552243613274,0.0024715075245463677,0.04200833291320753,0.02619336734778579,0.039821156257052945,1.0723724397526033
0.003968165221456675,0.05994278073081637,0.012722534987596111,0.026854978937777874,0.004319887215109896,0.01643510711051465,0.012047004627801894,0.01743061555230805,0.027886774730466905,0.018471487291601394,1.0425248942281786
0.019539524669266835,0.02690073523039425,0.009097003914599198,0.043348470753545996,0.009716613086995202,0.004368937383282348,-0.001977355580789701,0.00731907260460111,0.024075750811093848,0.03330152069112152,1.0499917524153244
0.010109592125001773,0.008109191183400966,0.02371853557298005,0.020376015608133926,0.015578846211465783,0.008727514978824846,-0.010721058907095892,0.013682971654167167,0.012720164654263066,0.0025093078233117292,1.027083431170994
0.007376733767210835,0.03492925506347691,0.0018675405325858513,0.022355793429811577,0.007910996437501391,0.005888144194731426,0.020522510734445682,0.019501279486101787,0.009558303367426068,0.012697723414734166,1.0322734328546523
0.01943021318003409,0.015005117396340951,0.030534824566459895,0.014664705780308509,0.014928184381195949,0.02889322906111009,0.024099502247804893,0.02153797515292097,0.0035680455823928776,0.0022458395505689874,1.0337001746534984
0.010676204783420523,0.022287710736409262,0.01729723770080118,0.025747010502012356,0.01172474846425807,0.021250075052138072,0.007129806081088985,0.01893584504083626,0.01438152292416602,0.0011930191543619946,1.0345387056225817
-0.010832332194692543,0.0332579019435302,0.015730603244593865,-0.0003049400905559656,0.0213491422249718,-0.0015818888498777637,-0.00894146055910481,0.0031146056296538077,0.006339466977116485,0.010687823102510935,1.01453684448705
0.01479603838471235,0.019634089640952253,-0.003025751858964084,0.02465960775118799,-0.0019874806996430707,0.020970930376142616,0.010418423495597334,0.016372018305624493,0.0189276975077069,-0.0022246943392394067,1.0274689577844762
0.004525939571249114,0.01815913375548181,0.021677085909613848,0.03993055623057985,-0.004870190291529637,0.028894757372416854,0.024363950950602422,0.005643993054257165,0.015960482164189552,0.03013301268236237,1.0461735510344141
-0.006702297366254335,0.01678081729924535,0.023822387061670447,0.01518889238602303,0.009922152969376673,0.017480882784180366,-0.004601449768257467,0.020924732411244477,-0.008001542214259035,0.0072295995585888555,1.0269301848264272
0.027436747283668184,0.03421095439918891,0.014962488867980532,0.05150512917856115,0.011523852950411695,0.0019328308986460117,0.009738307349453839,0.014786720098241423,0.020106929769968716,0.015768974560120975,1.0491033884325334
0.024559604885800487,0.016196970744814,0.011874622086170038,0.0049415123475930745,0.02092374971537717,0.024069764952746396,-0.011071642912151604,0.0019623632478471837,0.003728767249700631,0.016839456392273834,1.0295363063027174
0.02001604056994806,0.022238234372656724,0.02829170557890309,0.029592249686974763,0.021692713012257524,0.0013281584609789211,0.019282485573128564,0.024517206516797164,0.021030462854514886,0.013431082622530574,1.0431919659707198
0.011142381709420446,0.022039184146060313,0.023739136122039088,0.029864021978486546,0.0029223480113818963,0.015094784066690937,0.006106270603488259,0.011865657985245772,0.011761430955828794,0.030075782966774302,1.0429027613030293
0.003941003877490206,0.02137849384995084,-3.694148343877206e-05,-0.0036116075050959436,-0.010954937243108937,0.00528745689733101,-0.00956129452814158,-0.0031759016226603288,0.009811667816352268,0.02402383115326643,1.0103087534236173
0.005083470622747249,0.028747717036705006,0.036489808724979145,0.04128598582234374,0.008378271227041958,0.027884862951411377,0.01334187273449472,0.030663022300687022,0.033281881565732745,0.020699712216151783,1.0589673100551777
0.010611445154145343,0.032793805700753534,0.015076241895917908,0.021162101020524467,0.02108633517299857,0.013352176453849144,-0.009499520478750734,0.011885885522337056,0.002895332946412775,0.016732614765441932,1.0370549572934502
0.009272914810551479,0.00048690585167004627,0.006261040123888541,0.02612130819380651,0.019859847035061332,0.02631759204708406,0.006724449517240718,0.005590571835204471,0.020405643914871752,0.018348949164302603,1.0401983020185699
0.017935536602956284,0.0101208411757225,0.02738963016554799,0.02547532833889845,-0.0036951225517532025,0.013575514371769772,-0.006662185267690215,0.017922292923283047,0.013487548107600928,0.029111901043413872,1.0407060388146736
0.010828646865713224,0.023957350074315122,0.046295041651762195,0.010126052936366967,0.019303861015471022,0.019045572924722077,0.011760183298965297,0.021828487799860227,0.02851485858324419,0.016167972511076725,1.0398811556925347
-3.1832130287812524e-05,0.02265503841171524,-0.00451994309181946,0.013270721790929384,0.013983312124715024,0.015626421327768727,0.009549356951316961,0.019301239666339197,-0.008935679957383032,0.01800538972269181,1.0312689821265222
0.007882974745888567,0.021885612321110727,0.034017646937783946,0.05279134119050914,0.013810533230446353,-0.002966821827077276,0.002052847545102413,0.02036232649483635,0.030207061070407024,0.014780004107998375,1.0491419861427604
0.002974058442709575,-0.008328692788412742,0.007404565506575535,0.012291310645423173,-0.0003339133558596906,0.02048184656643296,0.01948619753858044,0.013152301092427484,0.022125831442140375,-0.004956102363849372,1.0167124922777393
0.025300014698976372,0.00768395385417853,0.030843644419466004,0.020758893319332714,0.002910657496616873,0.028558290331464023,0.007079373696430932,0.028348526574364923,0.028939175814031895,0.00011470553738288786,1.0377309932403855
0.006547770038953304,0.029643740757349657,0.023968562496572515,0.05127083750041786,0.008804923680702658,0.019070515499819383,0.026220427676925836,0.02764276873618208,0.009921475253084733,0.01776267833782184,1.0553646857850363
0.023340934351726,0.02622390353500946,0.0150887509526873,0.027942375467509016,0.00840485215073737,-2.6779051378546595e-05,0.0029662663665352184,0.017692424151387984,0.016723327673335793,0.0015353728350505184,1.0298271230661091
0.01089808406861049,0.02004817422421023,0.02454041113316452,0.026585483047217195,0.0009690154376466448,0.022515206714372106,0.0079825344553123,0.026734268455016103,-0.0024810912498814224,0.03134546491110739,1.047542336866493
0.012590349151296469,0.012841700050888636,0.03829458603421291,0.04598890577932381,0.010298720044400248,0.00641311350536195,0.004170237523040885,0.01763479847044355,0.028676248844256243,0.02144627492099098,1.0497859028672862
0.014834166269169849,0.006869349622216659,0.007786165154962743,0.030131313951433043,0.02774912044246864,0.017428288299305053,0.010748394046067557,0.008262445804965834,0.018258806740183087,-0.0021928762306526687,1.0338017634183763
-0.0018144170762958971,0.020219208975867722,0.004873934186842634,0.015463603777016884,0.008894093344454426,0.010773204830300415,-0.0031001542464707717,0.01667370672422333,0.00560042642335317,0.012300886835635854,1.0273199295062998
0.0024271768031296544,0.014298617264180143,0.0050446525923697905,0.025198233909644964,0.013939657734975752,-0.003187422115738246,0.004560483783368643,0.01740005575764688,0.026731911572617492,0.007758066377984848,1.0295412508960675
0.025963971171154943,0.05938476078179711,0.02989147608436973,0.0161183446826539,0.018252069855615838,0.00042654683101138804,0.014732898613370685,0.014404464850907042,0.012895001242470635,0.04412520277123547,1.0492037243072536
-0.008880277248344509,0.01790278689606353,0.016194820001896558,0.034361983623361986,0.008139034796588483,0.02490000471796639,0.027349119970584215,0.0029576492574002137,0.005159574499254515,0.013638790685466843,1.0343169998264805
0.013509465882344555,0.0023986399645828365,0.016719893142562836,0.01148098473001157,0.013812556149248435,0.01166654354076459,0.024980520382651,0.006017726850389454,0.018515327500999455,-0.006738805565593321,1.0161211868067883
0.00269394194651587,0.025435308120947586,0.017199142305213272,0.026634112636342494,0.0062408632217106404,0.01217262245818174,0.009332043677545001,0.003978900623190249,0.02642544543773906,0.019529619458914203,1.0342381108447056
0.022804407849933546,0.03564076704791433,0.0319424632487691,0.0443531972412894,0.01370167589039781,0.047508149119422666,0.0019310354429364403,0.01370290065889164,0.020658170744068033,-0.004493238995302771,1.0505638472523446
0.019723391674157594,0.015291218747655828,0.012533003052677625,0.024994228415512194,0.004845168328452036,0.018594620416265695,0.003510109972118286,-0.00251174128700897,-0.0040023688629942464,0.021652895151221804,1.0311409415954105
0.006409445316190559,0.015239983917346808,0.010547421567074906,0.004829577218005735,0.021179763628079374,0.008992137052901346,0.002126876331147912,-0.0032155055581722086,0.019332159722158036,0.01616948629860065,1.0221011267840643
0.0005494401261505657,0.02681043561247752,-0.007959746178352668,0.01697921331122413,0.015056476014604553,0.0053192816638026824,-0.007294295992716625,0.01667008179537322,0.00902985298939675,0.015836603654092167,1.0306699429283874
0.010588896026736202,0.038129228750937605,0.03252340132659534,0.03203126207433274,0.02424489515387797,0.026243081890361362,0.008922306584608568,0.024679897379918953,0.02811624746487718,0.01718921916466168,1.0556607219491978
0.016029756342485713,0.020737647229612584,0.0239464726052913,0.005161539200439224,-0.0023375982573891722,0.01462838010148941,-7.2005040208439e-05,0.0012635544461902827,0.006757249361463099,-0.0022567164799397396,1.0105517600588358
0.005200591380395872,0.008946576474222298,0.026920748349414415,0.009890012785455246,0.009546465557962585,0.021871527117307284,0.006284926113241192,0.025912221675792588,0.001085841403662073,0.00316465908553671,1.0275715001616996
0.018991655523016238,0.029695682883992047,0.009159573637541931,0.015838226828683768,0.015828468259082462,0.020987723256031345,-0.009045804542571667,0.03457371755664604,0.014845832226772823,0.04221190237385664,1.0581576240926824
0.021070812146751355,0.020764461874104908,0.017553942760125837,0.033697971474287276,0.00630215190785926,-0.0001978076683556932,-0.004244753296207156,0.016602233844223047,0.004990384142301803,0.021154332711277483,1.0387633000669745
0.031086326381624056,0.0194430321895694,0.025784617780031074,0.019571406603445148,0.0021171035439964975,0.016327925972377758,0.0214217428000331,0.024253112225555356,0.031734704659139745,0.019808541833023826,1.0426238547540498
0.01715213433430152,0.009145678962602648,0.001958216948233957,0.03176440573830639,0.007866226606137566,0.01900950398964216,0.009794075198331505,0.0028757450851119365,0.012040439799795657,0.011190171415830591,1.0330249937318807
0.010181859904669114,0.009752579854199956,0.017043525102518584,0.042601371402188795,0.01893121133196375,-0.005351480403841837,0.009420611659344236,0.015268321664069781,0.017314629115143487,0.013252074992338311,1.0398302252133291
0.01722849297689106,0.019446925670162075,0.004479923751669451,0.026068383790032058,0.0009883879462210636,0.015898305367072527,0.01551131652832555,0.014067703660673444,0.01809301147882794,-0.0021849750004871576,1.0269316829310993
0.021680359851296266,0.025664432970111097,0.01008615637624407,0.022540405614314626,0.018224318671826435,0.024494832348760175,0.0152106665098149,0.009925419931389162,0.024283714590614593,0.013893938769328136,1.0409661176893528
0.019214336908009486,0.025205477644400367,0.021314536693303666,0.028779987705926418,0.009787555107360877,0.019615264451779107,0.015657325450186835,0.008097002019694986,0.02872728603483738,0.016462003177714197,1.0408991128193565
0.00589149833033629,0.01825223591161146,0.03634609363561821,0.01726784130455976,0.022527938722203267,0.034080547022107985,-0.012785036001242377,0.027752789216568742,0.02105044077745715,-0.0003937381705958684,1.041107198636436
0.021761943227701114,0.021425193162713695,0.007401653756351186,0.01907973584173261,0.01844086990382146,0.0024780723743996064,0.0012243793014110006,0.02559913197603025,0.01689702263544075,0.002590655436408908,1.0322814763194335
-0.02080863366285946,0.019543541474439097,0.05942799323229616,0.013941840972366901,0.03428628405044047,0.015197318669284046,0.008151416181601525,-0.002598841265107097,0.017965957474048597,0.01529329750297426,1.0302207460179205
0.015755141508423342,0.033897217899006,0.04009697202929066,0.011260654362685512,0.023870978346903163,0.017078772994772375,-0.005247855417153967,0.015409725377076825,0.012608044061933943,-0.0010865608945353471,1.029965667307102
0.021060451502975544,0.01415574264109535,0.022529465169027853,0.015060952232292608,0.006734774474694178,-0.009912735877303017,0.005575424129052911,0.016349599032353106,0.011167206631296965,-0.003856950009327823,1.0157607466812788
0.020576572711598563,0.030174126482122653,0.012230055981806735,0.026240840903551593,0.01982149514910707,0.005314466722004583,0.01906074510111563,0.01422938834494122,0.022641277660375374,-0.00022931257251471333,1.0322731810335646
0.007049963682110308,0.03384603530405293,0.00343220583996638,0.014435838034656865,-0.0015736459231314864,0.011388336758357182,0.001132483571925387,-0.002940345125196586,0.005689720381382533,0.009829883799835312,1.0173004027232995
0.02554947895748071,0.01086932389736333,0.01460702097159623,0.02348191391760584,-0.01504510974794987,0.02565551164885609,0.01785186309767747,0.026679071403350837,0.030057161924398713,0.009663129981233008,1.0364832425299175
-0.010156063251512634,0.019690520221301987,0.024266697993918764,0.0005093531393221915,-0.0009726960965848169,-0.004840967668026306,0.00573223365365048,0.025298591440218704,0.013447417378034995,-0.008935191393694041,1.0065042962381414
0.010101624281091251,0.01677565157441017,0.02946662361708728,0.025015482101386568,0.018504672915458254,0.021223731600045845,0.009487089307306963,0.01831750153020451,0.009869123257702396,0.0003268451762720864,1.034876621953619
0.01506399463409722,0.0439337636866621,0.0151327160461903,0.03584497587631548,0.006609056088339322,0.015616128894742912,0.03069528712504439,0.015789202763966767,0.03778043154887624,0.00658533497837179,1.0418652543898983
-0.006240208749396089,0.01577743776277575,0.02543099409163997,0.031198482816552138,0.007853626645624702,0.023088437438681227,0.012539912212757826,0.024292936422612363,0.010162972385328279,0.0026071387692262124,1.0363599983635812
0.0023701021007002604,0.039050751049028616,0.041672583364209474,0.022704932434325975,0.0027950221799755157,-0.0062479802991011295,-0.004655909088268894,0.0137322550687888,0.016294303784637254,0.01335391941798962,1.027385337934467
0.016629541368668198,0.03238892167187212,0.014611891366448311,0.04851299319769734,0.01680431108582401,0.020516683570357304,0.016553465648558266,0.013277737228038579,0.02974490790818842,0.011012467613247229,1.0517376429910348
0.033026107886333256,0.017226955193485095,0.009285631768732462,0.012451207543460817,0.024271499796571283,0.006622049458875346,0.023396948786683774,0.0025624719834898262,0.021022826259606726,0.019419346208739027,1.032724149548469
0.005577683934043819,0.03395440198692808,0.03031364689617418,0.03525596211814608,0.017270808937929854,0.02872052698068836,0.03401159091113775,-0.000754526139625504,0.042600175887628,0.0228446491932507,1.049220050322886
0.009933927090686308,0.02566396395052355,0.010870964641942251,0.02403532076613614,-0.002717775251383104,0.022847796120829874,0.0026966299209671245,0.011875068669796986,0.01844328120003107,-0.0005878352555742459,1.0269527064101587
0.01977328509723133,0.03244616559810171,0.044108768771222495,0.04111320338926751,0.021341257938315802,0.022975522913056223,0.00984891944129392,0.028179756374785085,0.021987152296077873,0.014760522961623567,1.0584062358681423
0.004628606720513746,0.0399374744059438,0.007507565042447165,0.02614101903085491,0.010874764946387006,0.004714250013566476,0.004192180550719886,0.010994432597942399,-0.0009719578393555216,0.021131517866268715,1.0344393265248282
0.016503100095107574,0.021440655368313164,0.020645966579013752,0.022756295590068323,0.019385088068088738,0.019315506848721718,0.002983205647380263,0.031220490482889024,0.0008968789140393011,0.012011925291249531,1.043874262287526
0.012204269355145278,0.02366831991845055,0.01114709440302228,0.02696435781670928,-7.397060844909018e-05,0.014813956932424306,-0.006701875948868716,0.004855596385872047,0.004090382053272718,0.00909810011686952,1.0270738968416078
0.024119016949343042,0.020193746671524987,0.04727728788491034,0.031881746609744806,0.03242317426838366,0.038979115656148956,0.018902062831050684,-0.005765289948629036,0.025094127911393194,0.024976724015575436,1.0541293263597646
0.01899137656605465,0.02089094314351715,0.02802921454802354,0.025493774680627537,0.014149302502681475,0.0005182649237728404,0.0009172471632198018,0.01523585383059753,0.006613410220610466,0.02506692455957614,1.0391216434021553
0.007115776380502883,0.0012885155087820864,0.015913345595489525,0.028390491105780704,0.019421550863007047,0.010338568360877404,0.02316792105237716,0.0026657843449265205,0.02190320993178394,0.005458377511291547,1.0291046020573424
0.0021702323179534546,0.023563813274558698,0.01652743659632043,0.02200796470990241,0.02166270085986379,0.03252046820544261,0.012358052394661647,0.031122945511269373,0.020423517639312737,0.03251415624469227,1.0584447011064702
-0.00838682435768946,0.0006292130177179261,0.020718661561949753,0.024888560783540327,0.007032863267241958,0.01598196381698646,0.0007953526924945713,0.021943342167214996,0.020375611424114114,-0.010326909814384534,1.0238100864725355
0.015426772574984137,0.03497232534991182,0.026033727883053234,0.012818036340343961,0.005391751369683126,0.019922039683930456,0.0011517189814851687,0.004707369983365885,0.024737147216849754,0.020047492038175276,1.0330032079905798
0.014005471484614875,0.048505867510498624,0.028168924270270828,0.037984278648795146,0.029723033363455973,0.027197398314750126,0.0023621503475341615,0.03854022262620599,0.025162839969340482,0.012193313636679368,1.0639876840386309
0.008903698579055876,0.011203168542831921,0.021468957418221083,0.03171923366418525,0.0067931849944528186,0.0033149372061486923,-0.0022373300269290606,0.012736948444290956,0.012247051156843736,0.020389114484350924,1.0360127241520654
0.016140564632848655,0.02882829638420662,-0.0030534040626171433,0.012676110694509458,-0.0020467686097905384,0.015582145001334912,-0.003495620281312623,0.010219832984019833,0.01371430857609832,0.022070582408630527,1.0299618359261986
-0.009386331362628848,0.013466795838156213,0.0045208927720665395,0.01815532983605392,0.01928690075375647,0.0038997501555433235,-0.00036342627850665873,0.009616810001860605,0.00804176835001144,-0.008604125180011146,1.0157081270913766
0.03041082349748605,0.03055698300524898,0.05048077377058348,0.04883549594635978,0.02392129486537507,0.040351253793242614,0.030097892056398116,0.040019247634177815,0.02325198173596745,0.021468550931591078,1.076906371124684
0.007902342246032933,0.01018601530369685,-0.00448210722562453,0.008202146253700403,-0.015230740872220235,0.0035450969060261935,0.007524405641906243,-0.0006034894076051341,0.03236212661540913,0.018836927366571263,1.0143304472311312
0.018625053071490746,0.0004129297578414695,0.013778299528581473,-0.0009223366048783412,0.009398779362578389,0.01735630809825283,0.003925659883220486,0.0013649170916614148,0.01964428993694946,0.016164335527547057,1.0207408270847738
0.0008453284648537347,0.0060919521564144,0.017146332363398506,0.023341773071835995,0.015585112847059095,0.015896359179828783,0.017811573865224768,0.015516193844596621,0.0063609984343219565,0.011902755837215378,1.0332583824235095
0.02815165067458006,0.01559735179295515,0.017395619088421577,0.008355887036104081,0.025220649914447366,0.010736885520571187,0.021324240667348886,0.03846757066659003,0.017768883360392215,0.009775175707760266,1.0407505195285982
0.00662613185554912,0.018237125271952474,0.004195872666360241,0.0007381479816010641,0.004946447534249875,-0.00030480846490142655,0.012120148599527819,0.011380552833077564,0.011717195040459054,-0.004260212741960307,1.007586409330992
-0.0018120368723631881,0.010586949940599253,0.02411918068273351,0.029781622592965948,0.0035512698947318955,0.026541370805638845,0.00726376091293055,0.0016745916830033774,-0.003055544074631194,-0.0052905744444799495,1.0216868963643353
0.009894565755784176,0.023669295001845614,-0.005579305543173648,0.03310141556817389,0.004708454927066922,0.024639147015764064,0.011338162128330359,0.016299003438054585,-0.0041645096198448354,-0.0029241957250089427,1.0309595712074755
0.018259801706551733,0.017403222569145158,0.024256639519923125,0.027009898439146487,0.006587903720623598,0.01772552732231733,0.006607423689501209,-0.00510513255640771,0.015559188938221304,0.012112873782800297,1.0293979074759108
0.01676057052429123,0.007529427216894622,0.010719644522183129,0.025516525202513844,-0.0006851590077144101,0.024875527630556435,0.010399477336755194,0.021101190742489506,0.008464486140676884,0.006588540249851092,1.0339275554909833
0.011495748431952625,0.04348525994001955,0.014763118641099734,0.011983832902825549,0.006754176334167773,0.02095187979866776,0.017946728678675118,0.010857449296172897,0.016924664868191185,0.02742499729908596,1.0379314033094071
-0.002787744397104294,0.0130403135812708,0.020627013153670982,0.047537086384585134,0.026335489136641466,0.029681490153621023,0.016576541785512107,-0.0041716185985692,0.03321111748191702,0.01691860474900624,1.0498195362993878
0.022799991865004525,0.017618253269366262,0.008198729790251694,0.0191527531793036,0.01873748075598465,0.030262619452019184,0.01592248255221637,0.02689525143743114,0.011389376343663155,0.0031519958902295865,1.0406596010075109
0.011734795048646694,0.03250760401457724,0.022043338335835983,0.034670562183492674,0.02898615117763999,0.018213847408404902,0.016726036612747505,0.006782931154030367,0.027454392416716746,0.0058184366911810635,1.0427715184103599
0.017418872332219545,0.011550892594522418,0.007897055612955502,0.014602596217545168,-0.006208834797417623,0.011738972502404141,0.0035740052620302203,0.019729753203746203,0.011896783217097017,0.021258765170280358,1.0305722288985646
0.008196553522275139,0.04871847119247437,0.024061789372447396,0.030678243758795208,0.010122546626061258,0.019771217443247904,0.018162296985192904,0.019018321733692792,0.016564608692815033,0.010837690356418597,1.0425585822968366
0.001136309144936635,0.032363351675348664,0.01846263387538605,0.02943854693763705,0.013108608155268067,-0.0063472256243715264,0.009167797650033773,0.021652103553947664,0.02563052470573462,-0.0048854175892214845,1.0273652745790494
0.00604695514946063,0.04674592030799103,0.0053176607206439665,0.03098611079950584,0.007020776434621671,0.0031989031974147333,0.027496259704683536,0.019309741946372812,0.027458615963778278,0.009872684247518426,1.0365814060873002
0.019014753188846018,0.02461593669464174,0.00783615875526424,0.02323007727283254,0.005540816238523019,0.0012785497353185703,0.0035100534061962042,-0.0016014280544243004,0.02903839076606677,0.024464098115892844,1.031322375066177
-0.008730597451068594,0.004228339482619831,0.024936476352794237,0.010464700746918167,0.03212583962422707,0.014018429851521364,0.0034612669850033304,0.0009030240479118564,0.020884892924281737,0.006904602800211804,1.0245635079746516
0.027957221268589637,0.02090453132434736,0.026377575084376055,0.029818787991350224,0.02339536629333541,0.004473417352650336,0.00940619259574714,0.02440168702686481,0.028107785641392633,0.01743569948963682,1.0483223667062613
0.018047636730201072,-0.0022881039869532063,0.011139596646217744,-0.000784314615690172,-0.0002303145720579016,0.011280719247855795,0.003909573498252518,0.011466459360659155,0.019342891537867564,0.0073007640564829715,1.0153902448154561
0.011584902452635147,0.011097333245368164,0.010326746977515254,0.013913909743337366,-0.0029640017366387612,0.007930621985175239,0.0024378386208212567,-0.002544798231187995,0.011547950102267857,0.010818571880317079,1.0158964810449986
0.004615508936738986,0.023149444096476457,0.04027833450895611,0.02187002099234816,0.020081280879615283,0.03710145738852651,0.017228483433508062,0.02290519242106475,0.012718950266549327,0.012938244767111223,1.0469148317220573
-0.00319503363050061,0.018870447749978345,0.031869991553176893,0.02471296186164801,0.005204375664448464,0.020330915365030164,0.02637068365065484,0.007900348770763614,0.032202450351582895,0.027640880030746155,1.0406430291876996
0.016256878433136675,0.019564887982591983,0.016241419511940955,0.009722188691336236,0.003403396707770413,0.013935295881358315,0.000845873509130032,0.022827421474737337,0.012068127022506831,0.013455287404245666,1.0301192919260231
0.013837965026088186,0.017685647195337953,0.01715582345596725,0.015121670174848428,0.025319048382279462,0.02726813097687076,0.0035026952257386492,0.02263714828708384,0.0167534109734952,0.00963758162162132,1.0412957828513372
0.00972992631677344,0.02355590307072957,0.0039401299522638464,0.0024708423494687846,0.012722097271286441,0.0027966888403290636,0.005922240300642602,0.013548421075200996,0.01567512410497557,0.020971519963588477,1.0257122224483408
-0.005833003700128795,0.0031241729997273527,0.02708641319973392,0.012764178793942694,0.010717777670510267,-0.006381454707692295,-0.0005489636877843134,0.007966872882403213,0.013322766269897746,0.022450925150765084,1.022684090388048
0.017026305862967876,0.03369559802747402,0.02263062734193327,0.010787840592354658,0.007873783116455011,0.011608718081376888,0.004371333357401965,0.011079091897300414,0.03359879382020439,0.018674448587441602,1.0330559480154176
0.00188297244468921,0.03595657984008826,0.03310082484404611,0.031167814850739665,0.03262540606002058,0.01484542007810163,0.028900549134859586,0.026992060213588083,0.023961726748139858,0.015217011653561957,1.052328265901631
0.02106370120722871,0.031377983047201255,0.004367032785908722,0.013681393014042162,-0.000645865160967608,0.008870652908761283,0.0007992784751423006,0.006794059527729705,0.022596593987461538,0.002592545402340156,1.0202329721783197
0.012861097960256515,0.03198913775811129,0.01437184905070877,0.0387939157345391,0.00444309898667606,0.008488259424420252,0.0006297866349051712,0.020676577213556917,0.003813141078062472,0.0015666863661294508,1.0350339139914981
0.0026098914009112482,0.013068930653158357,0.018426708919130827,0.0161176144321526,0.021972022366646034,0.005445882318780335,-0.0075299765446772745,0.008892710428740364,-0.001833997755863367,0.01300470654074964,1.0267693917712344
0.03570490293009785,0.031325490410752665,0.030102408894928077,0.029804646760606533,0.013961589440115444,0.03686436944112157,0.01987544744070723,0.011905075726837905,0.01976621190452629,0.015226652280993819,1.0503036903603713
0.018536662455762232,0.016991750338323616,0.02165710618832048,0.02410263148597602,0.0108495595427403,0.022272022279839866,-0.0014612857416246667,0.009282274273697955,0.05316166331291701,0.025798070662525676,1.047133126014195
0.0202182937887896,0.022582985330278933,0.018814287812695882,0.0312662203731934,0.020078648222686644,0.022647764459508356,0.0051286032145295805,0.009211853619343275,0.02115533194106561,0.026444887372817596,1.0502071008762348
0.009419982257749801,0.035391090901153104,0.011863545101577498,0.027356353940696854,0.02233644392243683,0.03809404908239768,0.035490434655797425,0.022683653421833445,0.009020774680205198,0.012393974450229722,1.0500108851499228
0.007732233103605647,0.01377569415922882,0.005458286016997297,-0.002024933042555979,0.0010606991061919676,-0.0015992217714152906,-0.011661656028796347,0.0015305888878108737,0.033771842346692005,0.020912804363163062,1.0156551138306227
0.007378364063432773,0.04999144866456689,0.024092696065921456,0.029969241001425274,0.01234768296280687,0.022773376528876593,0.0010866938678669984,0.00325457617070634,0.029512559375747933,0.0164979893334001,1.042166812538591
0.021030131185992944,0.0309349769459024,0.023012664034970556,0.025541547519377365,0.015345781686330525,0.003965347084493826,0.012339500966908513,0.02375272588736979,0.019052592470573882,0.014190742985024896,1.0408267857094742
0.015494700717692173,0.03450115278900507,0.022549735421458796,0.04484399105877488,0.00913176275489844,0.01750463408968926,-0.0005768159472086913,0.012304222259349311,-0.001967026082274708,0.03726027012728779,1.055742645174051
0.00936614965606452,0.01891884071261445,0.012858219401123028,0.012402117760859593,0.0032159462461727618,0.0073739346972185715,0.0006978673266246505,0.010142703568165483,0.024296317204795758,0.014134431893320207,1.0252196203202906
0.010661130183417558,0.03173741915698078,0.030426859901079822,0.03724862668580541,0.0171952138954711,0.01911181261526322,0.039207843930853165,0.03499284539674384,0.014969361785324967,0.014065432470930964,1.0538293166233643
0.0008090286833457635,0.0328829711337642,0.0020187764245740668,0.011101695793490258,0.005994759381201423,0.033965786966476195,0.011747525229697369,-0.009873351796452216,0.00014507605136484213,-0.010772911401511515,1.0108154492912735
0.004992410039186349,0.04847025708553363,0.03775442913285172,0.032294660251062764,0.003907522205367423,-0.004602547664820792,0.02684332981478375,0.007047130995093997,0.017148547231596978,-0.009116330772894511,1.0200034586889943
0.008057468293582625,0.04072699941072394,0.016994430819048858,0.013565124251648594,0.01034586820644329,0.01584016136209381,0.021367802343393645,0.016502790119585466,0.019033100616433662,0.012468024127663908,1.0328691504417344
0.00990954630459335,0.018378042086033487,0.014780188565877208,0.01022875203585668,-0.0025591956701149264,0.012352743091669822,-0.0009104841392560611,0.01625939558217056,0.02944511784585746,0.009965067689369254,1.0251152807577413
0.02197773828960021,0.025757114800968598,0.044753438558669055,0.03097600115099768,0.030128508616885638,0.03440993764063569,0.018671381988977744,0.018880776515940376,0.016751276996017344,0.022867465792155775,1.059206061444498
0.0165098591132841,0.014128870942965522,0.005500590935724829,0.020837144296570895,0.008246374799275556,0.004923608941152045,0.00253026820419872,-0.006293029981544629,0.009914264218263672,0.013486144551686403,1.0217224936784617
0.009175523657530098,-0.005475876655898788,0.013441240624239027,0.02405464226913831,0.02417269911813781,0.005085994767178299,-0.009672884007981306,-0.013322979057652146,0.012672478307545858,0.011357431742970915,1.0225412643693754
0.014812170272794098,0.021795159074409994,0.026394371938260268,0.023201393237166933,-0.0002532510335452251,0.011491947785259643,0.011323049730890693,0.018904006745633792,0.026071254525657617,0.011047820071706804,1.0336243984892481
0.011947630019836416,0.009772086817152453,0.01437468042161958,0.018941777800059918,0.013275930201519749,0.02386926069171472,0.026368043061149864,0.024290429128881255,0.006391112347979159,0.006909825865683599,1.0354098278788229
0.01268896684691531,0.02712055323389087,0.017417469893108623,0.004518708961270946,0.006984242218578236,0.012501321152739924,0.01491447657078981,0.016966551471859073,0.005490867588564683,0.021138646066976467,1.0290489643991005
0.0012249513416218126,0.03141464167047046,0.03564440272624072,0.02183747904640654,0.018050711957572935,0.019296226637024076,0.007723594163910821,0.0064521484863712935,0.01155591976434659,0.009008675462921978,1.0327861124260302
0.001434811045675455,0.022107624782788486,-0.006605029445938371,0.012736991746419391,0.01679111869659243,0.03090148927887429,0.01790610850565466,0.00500348655392282,0.0005202520441726557,-0.008431490100109254,1.019552368033906
0.005966666061661458,0.027918957226434095,-0.0022425910142324125,0.0195346252573103,0.021285776197758878,0.037483902077026766,0.013404583191687407,0.009566717613900159,0.001965526412687448,0.004079590452422326,1.0349873190983256
-0.004329528413656553,0.013912512219210891,0.020251226080054446,0.03044088368763489,0.01711321217233183,0.00843124541424602,0.01322857899557572,0.025573714309470925,0.0066175761607607025,-0.002986871982932496,1.031609004608312
0.0009338176490757757,0.02570198775065857,0.010930276881812846,0.0349971346231586,0.016821460878308686,0.0035009506819550576,-0.005634354850974703,0.00940614786583576,-0.0034586503654555414,0.006210949828879886,1.0305375335930311
0.024744938382012555,0.03293044125101359,0.016588569229720795,0.028674224152657905,0.005669768854228966,0.017686361356711297,0.021465204644397006,0.02891020619734903,0.03315984868120556,0.00743571444089168,1.0442892237879273
0.014890370127187018,0.016053784960626614,0.015608470191741728,0.029648700503837964,0.00850378751927118,0.017059035912475484,0.0031920206254092715,0.028126566279828288,0.007899653423004298,0.016282283162562333,1.0440207521359604
0.0032205358680296842,0.005573763426459562,0.004931981001609931,0.011113927977956642,0.01084596864233526,0.026749554541579696,-0.008759939824683307,0.010681817183647337,0.012224726985930552,0.01287344562200412,1.029062182184877
-0.0017984967475832246,0.04453089719036565,0.03076758034443233,0.04103079215296979,0.03779028448853719,0.043612653606107055,0.00996753216477899,0.03035503259942005,0.03979308314731219,0.025840390716053954,1.0756208350185787
0.013928502896126047,0.022877238025928198,0.004738311395121894,0.02578929042793516,-0.0010891896362746258,-0.002608829589383157,0.002144606030395616,0.009101838196018276,0.025967353185402796,0.025373164186075884,1.032706155543125
0.029842448080102824,0.03626077691742407,0.01479600018713762,0.03892915544781894,0.006394000491527451,0.015083937619517002,0.00436494279654636,-0.0005951809608658078,0.0175502505109267,0.009301725785727747,1.0371229561870208
0.022965847443433454,0.05567155668093164,0.050144551220887124,0.03600446836694962,0.02936869166123425,0.03245269938612094,0.021166392352272988,0.01097732844166096,0.026706566841944956,0.022882507550561808,1.0613830707234138
0.012102259247518508,0.03864606507515085,0.022634903872359273,0.040254349230693105,0.03914875936173495,0.0248604683415292,-0.0030665253026530385,0.013459631791936134,0.022644856416159383,0.015175548005272575,1.0575014550569928
0.0022589733780705784,0.007300683010758816,0.013675255026053807,0.022392671996662394,0.019542442508009086,-0.004691328612449523,0.001569505013302502,0.018939159910524403,0.03378082373110587,0.010435144841453694,1.031887236701834
0.00937347655918963,0.01061294333125421,-0.00020194911805542122,0.013341963617436867,0.02057967414751198,0.029592322178037866,0.019572062304143878,-0.0018042825289112906,-0.0007216843014107542,0.011262252513813393,1.0273774309917718
0.006283252898393451,0.015630300932334237,0.016050953268940002,0.013086030870859054,-0.0003123364167661809,0.004790440361140628,-0.007145726709765325,0.005517080204455473,0.002023827234799975,0.011695901979056988,1.017738486176141
0.016833670890806236,0.0397833759778725,0.03482601273125094,0.04315086183667476,0.009637253692176601,0.01709118894573519,0.007953750527806232,0.032135352592425614,0.012099943133780938,0.02302436260487228,1.0583308659470603
0.034568412229834825,0.042812240416891814,0.020562981306446886,0.024108038261346117,0.01844173181849059,0.01958746480996744,0.010993173837088184,0.019140512882483727,0.007160565576788895,0.01990805951728868,1.0478427473480412
0.03252497430621388,0.013618502083533608,0.01970118410005668,0.028050350185231544,-0.008283527823285805,0.021495603078145572,0.015831305410149734,0.009818328574944652,0.015073139668652966,0.005460356725711852,1.0302917955602415
0.010334542922302887,0.004220079238862563,0.020996423673516104,0.011205737495082746,-0.00587296869295498,0.02819335174091525,0.016566494341070995,0.018605543904364096,0.012601885801701932,0.01014377718676402,1.02737257237232
0.002317984707889408,0.02059638557617879,0.00019254612041384386,0.03807035905083943,0.03251294028423736,0.02560924966270559,0.011206142265017892,0.02580244505492608,0.01766430130525933,-0.002960925577640468,1.0469082921903434
0.02273803681452869,0.00951892372749345,0.03053380455552158,0.051919206474776484,0.02582174227751724,0.04060742248109414,0.028249640514321342,0.020157787862634467,0.01139253143517873,0.0074424761543001195,1.0601592966459221
0.01566356978561285,0.031890201052506575,0.010587885928528395,0.013011468793950674,0.022089862799961692,0.02402731724294316,0.009165083922193173,0.00489057629369574,-0.008377360887493607,0.03903475615921043,1.0436665279039072
0.01598821452784007,0.01848681944520881,0.0010896945029441399,0.025590071215366644,0.015422820429505619,0.01164530836180733,-0.02032042408764459,0.011746840532652503,0.0119258429000302,0.009180349491437825,1.033515714252836
-0.013320172585767986,0.015444320846585763,0.03610206503299237,0.012535580203859411,0.015531699745186684,0.002083644929036444,0.010897998730121882,0.013536787609531992,0.01385261499269295,-0.0022354197015004747,1.0172608935826406
0.015808552485894144,0.024114964203094252,0.030654883504632736,0.050304164614798426,0.013356008013705694,0.017719020225580022,0.03330841744653405,0.021586554905428688,0.024090625510038467,-0.0008205398851843793,1.0471696642500723
0.011036673557202652,0.02679006711270282,0.029295485149798142,0.040571449217114655,0.02847957386825732,0.010801619521294019,-0.0008823247030799852,0.02383350165082537,0.010124248755380474,0.011319122618633876,1.050053428680957
0.019455269890201285,0.04304008576652324,0.029795311836898285,0.030521455198080482,0.013584450972325078,0.024366500960494364,0.010080250560313123,0.01089232274055681,0.02772464459651503,-0.010419858780937631,1.0341667632958316
3.430205486865297e-05,0.018605420080830572,0.0007152223719053257,0.03644071975785869,0.02844483146894007,0.00874826503231845,-0.00047675190426965663,0.028506079029507105,0.01751977341504912,0.011716284927204952,1.0475558961381737
0.004363272028198451,0.008956511297871058,0.014855786887618749,0.025924342979870636,0.014665345583976886,0.00934241488375771,0.00524717102883638,0.018228400305389785,0.012784698085688766,0.01119670023312301,1.0343265895402212
0.011575837355020942,0.009980583708863514,0.02726119469534523,0.021552031490868408,0.012086990623871986,0.005788013729060208,-0.008664096439247605,0.010454636232515758,0.011779157526658254,0.012798079844397008,1.0296436270427938
0.017868278163817357,0.015761261344773445,0.02435473785026133,0.0333251166502961,0.030369362755761888,0.007518611684594841,-0.018795260556647007,0.0038573180279508675,0.019912361857899977,0.015202041067141573,1.0416657154378963
0.015270239785775064,0.017124046889737135,0.00650188364259147,0.028072715841642476,0.01538085209085343,0.025183116940122003,-0.00012043137286152188,0.016618589928954278,0.02529713307161561,0.020093074145641064,1.0471185337296494
0.006511790378208011,0.014735133073322864,0.008663783035169102,0.023630546014424235,0.015573556224384458,0.01765955630531805,-0.006120273765893863,0.004640231120474024,0.008796679067868476,0.007862942999904055,1.0294598554701704
0.0024843905273152665,0.012169231044757698,0.02336042972313638,0.011323864089796912,0.02196172250464287,0.01100398358936615,0.007462684176972418,0.01442412178102971,0.01673058596640873,0.008326261305242088,1.0282562903679873
0.028889132092077448,0.033355977468658225,0.02658408301500626,0.04623386040561645,0.003006983767159653,0.02243916105030981,0.01180558309563956,0.03147863389885826,0.013401907406442193,0.02234106194497603,1.059613683974379
0.002988302067810978,0.03513052835034926,0.012156253290493576,0.02725484787316685,0.006388107318598463,0.02936234704481673,0.01437000335963946,0.0098003488210253,0.025709095855950777,-0.006107030698343761,1.0303279201236186
0.02000976074133456,0.04444521676021662,0.029642872708058883,0.05476786737678159,0.023865957265695813,0.0490364161364482,0.006180652933351065,0.0350368935552254,0.02724908175992953,0.0008336653561132751,1.0704396855229847
0.010277904238598243,0.0174762524860367,0.018640912873173814,0.04531229112657705,0.004004837220906462,0.025061945447303967,0.007709566674700639,0.013559971081119407,0.022004176050406932,0.012986643153962998,1.0463699064256042
-0.013248298909905412,0.00037111875198925573,0.013645804783932129,-0.001474283681498224,0.0047440419128894126,0.0279610497065541,-0.0021877724362497596,0.008494762888575202,0.003816175724871972,-0.017760718853688722,1.0034073299967097
0.011759829313164064,0.03153506955430294,0.016219661678988313,0.04332055514321055,0.011722424658408281,0.010322643502116816,0.019542396404158002,0.009059015936008757,0.027607454576442182,0.03076997606134989,1.0516807878898398
0.022335626366773324,0.045147732352083934,0.04813693058388696,0.04560518111777635,0.047102797962367014,0.0394646080992605,0.024088210234064086,0.031079492862024338,0.042786345627041075,0.022750877718872773,1.081619933404438
0.023390696602832377,0.013110807974518288,0.008021490687697932,0.02178071606584475,0.02066034521836011,0.026572549008069993,0.03299862826376081,0.00915663544226154,0.033943300768864176,0.027508303227169052,1.0482456325919716
0.012909283999784136,0.012322188794873321,0.014597972778277585,0.014942834472023443,0.007376392152595483,0.006187349947968733,0.014797987224983895,0.008395582151103259,0.037377607758750694,0.00765117838592335,1.0248302245913552
0.010977631324441385,0.021025968725097745,0.02996033115491005,0.016884320750661375,0.012135081367790825,0.018297998017599886,0.011589540844599962,0.02298480253499271,0.0303662721157504,0.026112271705960463,1.0452799984038612
0.0098161847419546,0.018085662843277797,0.020792013404527757,0.018454703429307783,0.006656085664415621,-0.008973149852667972,-0.0035161768223587516,-0.007292546305028123,0.00764056382720173,-0.0015219597147866672,1.008232751158964
-0.007432309486323244,0.023553415516229456,0.014084970263497046,0.01916067268467618,0.03428756939290272,0.03102992804688713,0.014435002491076645,0.012014866216470453,0.01593078786067103,0.015955037267195618,1.043470036202193
-0.0027067017913109054,0.0005081936557654633,0.017528363634163643,0.02747851791770881,-0.001797517061198968,0.015526029461297256,0.006277531704322964,0.006167400109195152,0.011948199806901105,0.014692311956676063,1.0276098264019002
0.007671589942952235,0.04549138819587085,0.023248930891662797,0.03705076836746239,0.018995692061186516,0.024580970555625036,0.028790186658241065,0.03505239911069119,0.02634618675327385,0.022956289557544036,1.0621058300294814
0.02262485625024712,0.030770542341976053,0.02788078964144378,0.03870579860546471,0.006066542442022149,0.04398108974236914,0.021182097075764267,0.028846248037266087,0.023646420020102282,0.02285552456999826,1.063080396897707
0.0044730472455456515,0.030353092988706296,0.00437455531452819,0.031007754887615188,0.012344337167016158,0.01541867341070334,0.006433948291001802,-0.002304394583532897,0.00022710796101825179,0.011862462199109558,1.0301060244707352
-0.0002957595603294413,-0.0028399176591462436,0.021526400589685003,0.01318579480406211,0.006547453509454972,0.0035760403668324576,0.028140616129602183,0.020131906839591714,0.013052040515123516,0.012046140655734611,1.0240648639585688
0.024952696537135464,0.02300419324515143,0.018426313821756763,0.0321311427657354,0.013380401325862074,0.034313277049487376,0.012590845503002818,0.01702420704053681,0.011531544725489767,0.0042475772689163005,1.0439974360331126
0.015054595319858765,0.006371412329937896,0.017562007337459357,0.03221579969708332,0.015403750892985426,0.009315970635323384,-0.0022269332051297434,0.029243681838463126,0.006956364392267,-0.0010928584670349753,1.0363197491714473
0.02659635845895244,0.013205095620655789,0.03180005354083034,0.017664924733103108,0.027137018592343746,0.014761102139724546,0.02048412856718084,0.012092840511940203,0.011077644608237758,0.01087322103921244,1.0365013109400771
0.0072224174844777505,0.02140433745487861,0.023151393843150292,0.028846716212930605,0.009504238925898726,-0.008085928836992717,0.0040837048524048816,-0.00981714995986454,0.024224513740313914,0.008877612076602624,1.0199142295929857
-0.0034547091860474624,0.010354922234960783,0.03177890816309766,0.022128523171748352,0.019263481430237695,0.0230869127709437,0.004508084342868854,0.02360673149795765,0.016516009788312913,0.026895891060085334,1.047807333982385
0.025337841858702477,0.04681520383335663,0.03715991377307444,0.033602669403976604,-0.004137821682656135,0.01723909578882109,0.00809628518798753,0.037722383616373006,0.02127575762297753,0.022848335267505095,1.0547410203686822
0.021528648432635095,0.01831806991291913,0.02563812272539631,0.0056777110220701706,0.005480885161099015,0.028254061384472787,0.029087935943255393,0.010642557442462232,0.006804470077910059,0.030812992007754253,1.0367189356629836
0.015200953295256281,0.03617090114294208,0.013901816822955373,0.034792442267746485,0.019391876131510638,0.037143012347490116,0.008598207180107498,0.030755940543589745,-0.0029344181426151743,0.00923790952346837,1.053526119960983
0.028154589636558466,0.021528540556214143,0.002058662407019983,0.01693965327606632,0.02588816121563496,0.009067889630038014,0.005498621555228012,0.008247062182639375,0.002239385398481449,0.010116251018124633,1.0312637620225622
0.006391620241438687,0.009465096269741886,0.024695251125692787,0.024312857216809505,-0.011925818695848241,0.021731522414231798,0.010475493745207036,0.019263129477459277,0.0016772959769658091,-0.003856627305134851,1.0220263003237309
0.01200079275033403,0.0493789348270478,0.07156578481575177,0.07372825843480395,0.07811958519218512,0.07571262243344777,0.008908124917541116,0.04910319259925355,0.05355517853975894,0.024977185326643975,1.1237501622438222
-0.0008926252146934949,0.020606161700288412,0.033347894620651436,0.03428036177430037,0.014633743603813735,0.04584871003854137,0.0004317678365333838,0.012410864321905215,0.01778996608515692,0.024485564073738475,1.054793538393738
0.01296342667986861,0.04335577250551447,0.03202916206578116,0.02729219895606412,0.015642292996258866,0.02236354845406869,0.01054389478472032,0.031211316374649977,0.02978967465671182,0.02259342135388164,1.055713468498733
0.022214974873603417,0.02221569329012179,0.021046371263352466,0.022528350381629356,0.011390251727404039,0.037912323319255564,0.03323494463472786,0.008421910133135053,0.011761368682362123,0.010779298345832394,1.039453302270883
0.02509482411759311,0.0074044179285276054,0.032151181814305485,0.02144363824918595,0.013169761209768795,0.013753846165530225,0.014745487125436543,0.011586513507690955,0.004900071380410936,0.0039803181533202125,1.0290673019681467
0.016751145403894288,0.0006528675731746932,0.01447860806882686,0.014811945260655195,0.013486057111428612,0.015692704476970656,0.03809729437429245,0.001320270777286232,0.018127997383707392,0.02219690761525791,1.0306928852478339
-0.00031501942869916616,0.022158942589748556,-0.0030766825367939035,0.03088832997118106,0.019108672910860644,0.01207208044906262,0.0013343835878320076,-0.0116111707938517,0.01010859013919394,0.01024295270685851,1.0264747329697554
-0.011649564448212772,0.007540982752812178,0.007652225889057407,0.008778940498064195,-0.008708269684330593,0.011387426162678257,0.012871669991964525,-0.0074953058942002874,0.006758874310045857,-0.005219789127360165,0.9996398263403572
-0.0026055592750559766,0.024961165642920318,0.022666186262058192,0.032568157153384396,0.0074672063487417764,0.012343590156167376,0.016059192974749937,0.011727424496085423,0.02670313006072262,0.012117353132013925,1.0362582785587977
-0.003305037345716473,0.03008963769649962,0.02459228760490943,0.0458003597573608,0.017788635501091204,0.02330909477343836,0.017413464583924548,0.009515742146575482,0.027929197384756656,0.017973977246574135,1.0510699266966301
-0.0038540865818620183,0.026745001235161023,0.007659299191564276,0.03640776886264712,0.01975616567815246,0.02572919060267852,-0.005369968500979736,0.020332603944603324,0.013574336862868418,0.012422187995641204,1.0473365250047308
0.005027607585260387,0.020782604197857248,0.014972300473653347,0.02350547637484368,0.013868571082547618,0.022553306909066918,0.016957819892519585,0.007324871835569671,0.016926868059917343,0.013623408660943685,1.0353400746094523
0.01322957817328864,0.006624227144597001,0.005934420463148696,0.017325272279444325,0.008280759632003632,0.017334111468834075,0.00862645109959945,-0.007362610534042241,0.003841863281836732,0.01457890069836755,1.02229027891184
-0.008152946446636342,0.043070479984656254,0.012113973579637064,0.023961589523826772,0.003731447118390509,0.016863053261815,0.010682497945540066,0.014679254302667626,0.019284166558739504,0.016140154658416714,1.0352649343168676
0.003589853839970963,0.025981366338283584,0.01713759305372695,0.00496105272990875,0.012409005564576327,-0.003089314431127456,0.007259643878454112,0.0070821370239357515,-0.0008247702107738314,-0.00043634281126262407,1.0102477593511827
0.027274088531554403,0.02330384188440428,0.04721112566772681,0.03880233485006643,0.015918104642135195,0.039346147173644284,0.013712591970109973,0.02297445621357353,0.020888781389878756,0.0005466269783510336,1.052107495658811
0.013052906250295858,0.03754344072637419,0.037444189070967214,0.012076182693687466,0.012291608454922085,0.020713184679569965,0.003870970422160983,0.00655349433489685,-0.00841276769526979,0.021934935346874525,1.0328962428063861
0.008638011133659636,0.015583556713880838,0.01007988811976145,0.02684267521042047,0.029509662646999058,0.04007093807060126,0.019844826916016578,0.030447633468493055,0.0191275547567085,0.02216015711828253,1.0597782850629867
0.0053248990911704975,0.010427831101527736,0.047133710732659484,0.01659944410727961,0.026716295818436375,0.02557910673812205,0.02059162001115766,0.022751042174673417,0.02907946873849128,0.012909936349023932,1.0440940521907125
0.000688227578391154,0.023684103978131234,0.007533983379094977,0.023858118359178122,0.0031762105338806242,-0.0020724363356448925,0.0278474901120558,-0.002847483894260327,-0.0019140974162569387,-0.00015266831560943432,1.0115853264643682
0.02630219166629108,0.015310368998939337,0.027323829815079796,0.031340700903478735,0.01733093126456747,0.018416412548868753,0.0010375507135203452,-0.002312549561034896,0.03567801061282515,0.016171072825405274,1.0410308825164052
0.003989034107771823,0.018900307582665456,0.018403302259386703,0.03987825884819742,0.0369778872218699,0.046745847920321895,0.02275554878979834,0.028144970884133064,0.01107095706563124,-0.0002881059141189371,1.0573715511900188
0.010827374649641378,0.02813711138530423,0.0440862290699468,0.05083986927823085,0.038527611128215025,0.030849306510259716,0.025033069667091762,0.0331702244628118,0.020825481282547555,0.0013121176227921631,1.0640971243619184
0.008079150018589694,0.024431491058830645,0.042657154066076494,0.03765550338170237,0.034969148582127005,0.03969332273992502,0.0019626816602441336,0.021714925967352184,0.01850589014668819,0.01683303718501212,1.062067987650683
0.01815862077846725,0.012222952667491467,0.01738877191872641,0.034769868291852385,0.008887586731188618,0.013280438259329477,0.0007528762699466245,0.021499986581145006,0.009008334155060988,0.02060704977207524,1.0451314261038207
0.019422400800975397,0.011636074765517375,0.02437038276305236,0.011593584223440898,0.02083630821490426,0.023983133696514097,0.028700090281949725,0.047016710949674106,0.0214346914244704,0.020013021772445735,1.0523255546285843
0.004697744066132738,0.020428429201753442,0.02987432845429949,0.035061904458855805,0.017326335223555134,0.017576170107951268,0.017168758080120184,0.020006044573877318,0.020682652221239346,-0.0016587675906055473,1.0385258847346774
0.024823177142437737,0.013017568538386218,0.02343908580595653,0.019414480152565056,0.002072361305289176,0.01831142853349235,0.01568208269730272,0.021198966474832086,0.038603266421047555,0.03366750085494648,1.04811533505178
-0.006288309241251611,0.02290585896315658,0.03574391348216695,0.017435447542607698,0.010342063904450648,0.02070403255281386,-0.007116559824909703,-0.003931757082030366,0.02223770233491371,0.010978216051467635,1.02578856244035
0.006544444036273166,0.013724429932773338,0.024600416730803067,0.04016060720975403,-0.0024930361294741524,0.01699028272681999,0.02918503401734656,0.01323020155946443,0.019667804024815563,0.005868509735638573,1.0351072512333575
-0.005667795223835984,0.021062807917396707,0.01621767596421384,0.007710057508360199,-0.008822959962901904,0.018642155948001348,0.0012828256400585119,0.012252091193496772,0.01702528617439812,-0.019274771581908948,1.005557810167944
0.013908945905277872,0.023814599432068487,0.015503103011656421,0.0017888196742944645,0.013170392457445957,-0.004739798204281512,0.005789021787790968,0.0158665228990521,0.032627228946048636,0.0014474532400102023,1.0177232753676762
0.004590397052981707,0.03722190375712771,0.022670615437572844,0.0013548897377253545,0.007578240750331718,0.0035969855016942144,0.006075010463844351,0.002029881966864578,0.025236632871462668,0.010734244063056078,1.0168208856454803
0.009525536542430548,0.010263656075405653,0.017440621778028395,0.017255170524670425,0.017444518165246097,0.012966547652279448,0.0017663663992710781,0.007821001954022421,0.037568585218692864,0.020936302451110313,1.0366852163958198
0.02108222578805515,0.03013718328785785,0.03033182790671875,0.04582380897139164,0.01724719910721297,0.034538720197138995,0.01904412571981655,0.011652039570538737,0.028371582840379952,0.013534847772018655,1.056143092094048
0.020111209772716687,0.027865456314617308,0.01352822935467092,0.02506445775295424,0.014135318947797074,0.0069799661427391,0.01737025163183709,0.0098195832318764,0.012726242489706968,0.018489639487875256,1.036440734943134
0.020071048062065746,0.029933067595982243,0.02058457794106102,0.032004541050898797,0.024529742781978538,0.00667728101951847,0.017595965709769065,0.004992823739338428,0.011615702521453579,0.02084307957627328,1.0420673021023608
-0.002406411384463251,0.02885107288794575,0.013758081767202234,0.03050945377117559,0.0028643949168085554,-0.0003421105226302113,0.009038962407774749,0.008691958757159678,0.01339733294926573,0.01755329073029264,1.0300947742748918
0.018115221837329033,0.043669212146247915,0.04743584908545043,0.0377315330476016,0.00587976105199442,0.01787760220783015,0.021494934083845525,0.009807795231834813,0.018360542891680702,0.03630322453401176,1.0541968248353435
0.0066679002394974,0.026506588676774044,0.029381660048357006,0.030266352421995657,0.012548398139262592,0.0211216361321772,0.018597899836528427,0.002088913497824696,0.009219013576741897,0.018216534506126012,1.0379295496380645
0.01603513616178754,0.019013074270715177,0.014408879656154937,0.02905213879386212,0.02631500656825153,0.034206868050056134,0.024143325415548506,0.00814471510250821,0.004222973555624647,0.009362823840897296,1.0429265296385943
0.01566118674859578,0.04271429682847548,0.015335736127483538,0.02975187895170222,0.021173427553014303,0.021293794148629266,0.012979929529105266,0.010451408364257429,0.018559936267204744,-0.011182119952519973,1.0325483235149313
0.012143990067663936,0.0031530160465726154,0.01469607371742409,0.014577026165792062,0.021689684651812733,0.008538993006307989,0.008993038994368176,0.019395788474622987,0.0013087209532935736,0.015795952543702658,1.0327035128747846
0.012507422291893626,0.02606430913710764,0.033493694642976385,0.03492153183558219,0.01440479622386948,0.022651679324042835,0.012664545941157507,0.009984814903811742,0.026875943405763176,0.013281185596891922,1.0446521178926955
0.001375937060790507,0.027191683568827167,0.025977203067420913,0.015591044724676283,0.029874637797003195,0.023709910239295407,0.0017041304377728161,0.014370079863344086,0.02842550876603783,0.01883858861346154,1.0438961013591863
0.01184166063209009,0.04862284140312213,0.025052186230766996,0.027159493110710378,0.01612493336207031,0.01971653022191105,0.013538761579957361,-0.0024757581036194826,0.0036103020217172835,0.015243124903395343,1.0355599054393407
0.019179375629790846,0.03605896132367871,0.0148004171631006,0.013433556106896085,0.008337619559323866,0.016208096444766777,0.007010775613620889,0.019368589865013094,0.021905234151095562,0.00559659425179853,1.031545116323112
0.007226940928590235,0.042898533645589876,0.029485407548372415,0.029858336625007646,0.024031833195744756,0.0427000502660961,0.012832935219567332,0.0045080010467295675,0.03709929350215431,0.016609551760772077,1.052505385492959
0.025587160089242965,0.022720047632788808,0.017903556889261804,0.012060926910093774,0.02394878524064725,0.024888695126404632,0.026437863900437474,0.0014366666683899715,0.02614108806129585,0.013053886737774408,1.034934571719689
0.0025825177974240256,0.02944370845905092,0.023368032726737032,0.05221878370623534,0.012611754780718534,0.02082670764185756,0.022271158986888303,0.023575479155157616,0.015060851652718752,0.028082069955256826,1.0609347590774114
0.014048987539391536,0.033255078923073604,0.03864885448004507,0.012652434203061905,0.014462191388805654,0.01980273365042654,0.01623400730057026,0.005263570752221718,0.007312132950952918,-0.009521978369541466,1.0196193601442802
0.01495660424119944,0.047510819739849566,0.036137023357194056,0.03733022763581658,0.024975256199753285,0.004925155877847698,0.008078508849409981,0.029840748337038432,0.028682866739787552,0.025063242800309526,1.0589409276882151
0.005403748669364069,0.02417126844986366,0.01432496058392551,0.015157632640862395,0.007955528354223475,0.033373253436122866,0.020846793395597734,0.020103985729492707,0.021549379063869813,0.013061628248268165,1.0385101741262166
0.028581936785920765,0.029481538152908368,0.014354518993320655,0.03313370106833998,0.028772290563831075,0.03328641008303545,0.021578831955683705,0.016968951166580516,0.028336119121137145,0.005853438754867367,1.05207365675649
0.005137253050184332,0.015976610178142583,0.01611302287292042,0.03177006644299199,-0.0028806279575483706,-0.010211296898593382,-0.006976585311350477,0.015585261882698539,0.011399964887511086,0.017618957209614452,1.0285635469631254
0.015843337599188302,0.011683320502703261,-0.00015185588259748056,0.009398555479431175,0.00971923567081939,-0.0032190685340812986,0.004466332240676134,0.028677034373674443,0.0005361132753317569,0.0024001494744898266,1.0210382321871578
0.002438758799674841,0.012300046213602894,0.006029612286268175,0.026690509967230845,0.006591617562790788,0.016857377529563934,0.008841334490218247,0.009198814370601568,0.013332653984242722,0.00031956049019662286,1.025745106331762
0.014385515727710659,0.05178890154577432,0.001676299945330804,0.01371550859084079,0.013741135105817386,0.006790348920263496,0.00798221979382672,0.007582378098888839,0.013148514743910013,0.005201476294275761,1.0248948679562622
0.0274102701306031,0.05255741608571435,0.03511949195064358,0.031159205072774615,0.01668155456667804,0.04153576489885855,0.0015985811612255294,0.02578481270534536,0.033730085710917075,0.007951030970037598,1.0576470135502836
-0.005096849700716659,0.02250371939661471,0.03199467907269861,0.03790076678983991,0.02494402568361346,0.019392543944306298,0.0197878560273334,0.03097692990764692,0.0068256058157114986,0.01234820027891466,1.0508715973571892
0.019478584033694644,0.015039261472264056,0.010636604546454712,0.011192385753952396,0.01769859425209888,0.00012682027701949906,0.003405598732084854,0.008797033673623365,0.02021425735293231,0.0012458416823247047,1.0204026667908692
0.019210326732075674,0.009622239472655409,0.0025497093531824423,0.014512059224284541,0.0035704225688779345,0.004812639330156156,0.007569033943661192,0.00890631774354371,0.010696463637617622,0.00947852152955997,1.021271850482851
-0.014773647299478028,0.03277714221099475,0.023653944357065776,0.023789103382482277,0.013194539314621159,0.015117599306563555,0.0019772787865294785,0.015977884596717486,0.029904156526768706,-0.00466206405616873,1.0281829032329053
0.0021151346566416103,0.02178950362765375,0.04735844779744527,0.05016603223047334,0.018029305276283786,0.03461571975813378,0.04095931373489889,0.018359652056445776,0.025419320824141906,0.022642171031620972,1.0623237264240215
0.003076339768747504,0.017076003173661106,0.019587081682891982,0.02622323443097494,-0.0028567929725739037,0.030504391375678168,0.006042113630550797,0.026007320458169485,0.02283114015296313,0.020283992256726398,1.0448331533716995
0.004489514320691621,0.020187840641548885,0.026074495256691303,0.037557233558655916,0.01080304806579548,0.017623622599135448,0.018117877172345396,0.03489045480354806,0.008475998190031494,0.010232396031476252,1.047496528290304
0.012438723535573775,0.0486078168185416,0.03456317395493826,0.011063818258528955,-0.001657243984409848,0.028517974121308378,0.010844246909794821,0.024025264884950978,0.02850827345279309,0.014873706654797657,1.0389860880447048
5.795651906489747e-05,0.024308528535736833,0.018396337830617886,0.013209780651434787,0.007175871030471653,0.00889292882275795,0.0203674634143941,0.00047053833396862137,0.0013915386004568937,-0.016065524516322163,1.0057568038298546
0.000883975437315835,0.021416113832883738,0.014368360254188226,0.02605518045000019,-0.002301421180920013,0.02007758454570449,0.006416112731313577,0.007359112822351328,0.019064204472302528,0.008009056968101669,1.0282497035149054
0.01281238694469082,0.023213770966009333,0.019060287303262036,0.016479834415549108,0.013266501955033778,0.02489297671130014,-0.011810039162642264,0.008557266494841499,0.023525968441756057,-0.008385927136407623,1.0250300882544667
0.014681644467752566,0.0047833686791208165,-0.0010795443676964306,0.0013842498579869408,0.024237776971974885,8.626217735061004e-05,0.0036332665475692005,0.009937924045666997,0.021838119133724236,0.009233732393002013,1.0205507560606046
-0.0014069704160860359,0.02255049575142696,0.02183285297502699,0.022821942613630148,0.007051026406766374,0.008717164462498206,-0.008560775567444629,0.018617389408492436,0.013210087064266456,0.02164631899671109,1.0363887071536397
0.007244284242442743,0.031172646954282016,0.03792695434294045,0.03899055350924689,0.0043438986965150545,0.02459271894174281,0.01956585802603471,0.013477080091551748,0.03366798935677423,0.004146576554417239,1.0417647507225796
0.014168383386685005,0.030380954762327515,0.02126057661791017,0.01584846617052879,0.015292900334354431,0.0061183972916286885,0.0324684650593731,0.006673001655418146,0.021524616429365755,-0.0016073432524954853,1.0221854943414321
-0.00534035813320425,0.025272515389683385,0.01948452222278908,0.021143196342298873,-0.0040461558146315975,0.0055449368396167514,0.020115540856430823,0.011608114037150914,0.021489231620197544,0.005615181026891713,1.0214325209858424
0.019706240036509316,-0.0006353331436103754,0.02574148318648279,0.03545836882256156,0.00950666479795963,0.014364526050040197,0.008319430170902569,0.0034594770664453153,0.009744676199557493,-0.0009368477360899834,1.0282783530416144
0.026126245299490126,0.047804070019025355,0.04936370657475653,0.040161389845835734,0.017269162936802425,0.021729701085910966,0.00992356389432256,0.021772451155527027,0.009276664197433906,0.02007635454249189,1.0570783005923055
0.00720532013414205,0.0006085075601962864,0.037146450743199624,0.030559423050440526,0.04844606887905615,0.024422810061232633,0.01831915275170362,0.023273725524113283,0.022777938787556577,0.023575666449408263,1.060168649402676
0.02711382108824422,0.024373393160568635,0.03460381554705537,0.043290502190817814,0.014261962064539408,0.022429409259182298,0.016985968241897235,0.011962742584901254,0.011693227663018368,0.016053953483735197,1.0502186222671395
0.02785884659222502,0.025054037492450682,0.007763631543800366,0.026171283283308637,0.016633438421467864,0.0011109650665374511,0.0004644431343737536,0.0021168248211096558,0.014239402403227025,-0.009506422043327311,1.0205317005521801
0.0077109826504110045,0.023060284382423947,0.014043631987689927,0.021813851898428847,-0.0032212611159837465,0.02969472088126083,-0.002110027948968078,-0.0014886472537458343,0.0034596653136970534,0.015757980233487772,1.0284588024465389
0.0065473771885230896,-0.000686169861112463,0.014411622643188442,0.008104211984409781,-0.006566901625677938,0.007773163013128515,-0.009775761257112436,0.0007890251084232769,0.023799193294339854,0.00329063770960541,1.0100497427678479
0.013598725951474658,-0.003717861900418472,-0.0017022025933772916,0.013401245024923887,0.01585949856261999,0.013589881523789527,-0.0006254314152523647,0.015133067333492466,0.00950549991653079,0.010487879355571297,1.028035876778723
0.010543329419164403,0.008971548192766736,0.025067785037833308,0.025835459675613827,-0.0025077078008963706,0.01993322092075692,0.001950526396435892,-0.006900645411681464,0.021577464573622328,0.01094214742792713,1.0248427305505858
0.0063828620064653365,0.027415997656004228,0.008501288262348534,0.033938999322079166,0.012119468566072522,-0.001996401882045175,0.009455147140096556,0.0214995863045971,0.011003378576372928,-0.006903771885519278,1.027632712206567
0.012124372687976752,0.005022439739789376,0.0012775969292776659,0.026228618002916117,0.01216660957032267,-0.004075482510893191,-0.0032217070601915313,0.005614542071917625,0.0132567822137418,0.018880295422329208,1.0288081354689955
0.01729956237592266,0.034526371400331636,0.05012776321237548,0.04526213143256947,0.025670423229558988,0.03302495050063997,0.027246907284731153,0.030619359556347425,0.022270892562261172,0.023675789612548306,1.0696833357977236
0.0259495776291324,0.0419295649729338,0.039237115510583086,0.02872876175034249,0.03087754509139918,0.037102867677093546,0.005285424333927592,0.028843960954707357,0.02183082237096622,0.029359994062174967,1.0684050762609525
-0.01150055832893362,0.01574606481427247,0.03235393269187432,0.03615506213644123,0.01847504424708972,0.013290360472961298,0.013381561101855885,0.018383325954554334,0.0275802960224196,-0.013214024273955611,1.0306031597456315
0.010378779445266648,0.016419321157170142,0.003627647513328884,0.011532902182977107,0.010925064983876163,0.02281584432323906,-0.011142625341573181,0.013741985231633214,0.0185193602708033,0.0010727998044528647,1.026050784626125
-0.0011349401055619872,0.04632391389303711,0.008873024601225042,0.035355550684910114,0.0008152292020214193,0.02605835774186978,-0.006445046154128449,-0.005098647850573502,0.021933915507801806,0.0062377736642319544,1.0315844981865905
0.00744955057766639,0.014465733825816854,0.017979873062758677,0.004458258728383781,0.009574400545305228,0.0014631293031262833,-0.003506241202924942,0.007344969573795006,0.012478643631067142,0.007322023975896028,1.0156293615176697
0.02903317904549293,0.021726115941232707,0.03197527763688559,0.03040665234033513,0.025681271722701276,0.023610094198253672,0.014962685320588257,0.023669942266548238,0.024350289134480924,-0.007529551589416074,1.042808914370066
0.0186608067887481,0.021042496409204796,0.029401164709058084,0.033965370787375944,0.010723977111642254,0.007205104400743461,-0.003655800596696018,0.012352964064605745,0.0032201693686406616,0.001269229413727483,1.0312603509655016
0.030660976514445725,0.03778517259676321,0.02533160919267975,0.029828434688251654,0.00664761035258633,0.019738149858987582,0.013799377320207534,0.025703801974859615,0.018558357070686576,0.006106249331520175,1.0435858443353354
0.018477176859183077,0.028434763893536923,0.01756394477360139,0.012067712470758404,-0.00427286451263177,0.013280712684926293,0.008047227188738118,0.007902390226253478,0.021030128615952517,0.009342366395631265,1.0230235440494577
0.020918659420632403,0.01913429511521061,0.02829847505425108,0.019245325504004276,0.02162598932618564,0.01996010209335796,0.007185911606354895,0.019376856389946573,0.023374023687079516,0.02672368794878871,1.0487600238129777
-0.0016242582737492385,0.029113078360102393,0.011692943624341149,0.04099006362926148,0.02315513307411885,0.01649127464375237,0.03864108219714778,0.01663230447792946,0.02682773197584648,-0.005997180264851104,1.0390843452331113
0.014311123047690664,0.0203239703923185,0.037792673117580826,0.022701247285555535,0.015037851028159544,0.03349602139806628,0.01653094544090994,0.020820061274745255,0.017127872695539923,0.01258028378471393,1.0451202951783687
0.017349002756991465,0.0215751811720513,0.031708379536343576,0.018778268349373562,0.0075040714106407325,0.003835751548637802,-0.0025569812331337517,0.013685467654003249,0.0015505884251473638,0.02421036277058123,1.0335476852879448
0.0010654736272373722,0.04095527122006093,0.005864297369428093,0.04054882144866578,0.010472807660613762,0.021271561984349624,0.01604130479066005,0.021688445325002748,0.01644650169914716,0.02007417529159798,1.0510066817113937
-0.004322728151743985,0.021086851916328225,0.000287002426023298,0.03003009086893224,0.024746654593642083,0.025047858044965225,0.005639565610601055,0.016737565871239455,-0.00224315594975201,0.012114222159118414,1.0414788170466698
0.009479645774142372,0.026285441304121505,0.010033794162221228,0.012425515988439561,-0.0027015670939578,0.02565137054476442,0.024087958282377593,0.023376176552977346,-0.017305229073431235,0.028987911708442157,1.0365249357962374
0.0010722777068702671,0.027763323156223575,0.02247813982494142,0.02939216342911857,0.004109761234789075,0.02892210693927463,0.02194436097341962,-0.0010881775880646413,0.02311542209000331,0.029909006743169313,1.0425736601066826
0.020847026595859866,0.051838048631670616,0.04054277144834732,0.04645392374534956,0.02196510264304934,0.0398907398541926,0.011513410423623503,0.032447760703307196,0.009552831702185002,0.012914654663164932,1.0669476970983767
0.0031160089781790915,0.02789690922825015,0.02987032284294426,0.011163016006799378,0.005886205374177585,0.016832985034582817,0.00454806474793703,-0.0009240918541350614,0.02466510151993661,0.03141845018422078,1.0327778959674743
-0.0017452498912096017,0.019395549799747024,0.03556654128097681,0.04264326698232516,0.01963520670992583,0.02603930567008788,0.021147336503109408,-0.007133958280132212,0.006354332533398737,0.0007367887234695121,1.0335861932475177
0.016089202945318237,0.00971682070213822,0.025877562974237746,0.01724879955849103,-0.001785535228231631,0.016129120806538152,0.020314422502799044,0.020053903832415895,0.011033557222385318,-0.0012765984146778878,1.023811079448849
0.028852393886542628,-0.0007289562468587845,-0.0026641678270439024,0.004667143815219673,0.002132249508051725,0.005925823972852538,0.00533212863953148,0.009512397043140835,0.019418767652355666,-0.00324336115920188,1.0121327007115772
0.004671968887050584,0.0321480036653742,0.00813725795505116,0.006200661566683242,0.007764078351992441,0.005979924500033018,0.020951782141821113,0.006161927019170402,-0.00598678786258857,0.004274451645128409,1.0136529572630124
0.01544161583631457,0.046696505671808344,0.04375445680384287,0.04211181042674713,0.056748764463552245,0.0369245182901845,0.02389425370806797,0.020372737652562884,0.05903487410864304,0.008889638898431324,1.0724895094304085
0.014368629099667385,0.004057806100070286,0.018433262871714776,0.011729185456134498,0.005696968198911219,0.0258858330714627,0.015092755188219904,0.018707934901406664,0.0005721878959893296,0.009647567771081233,1.02910031287969
0.02838525081168779,0.04118699817995402,0.028686705986998594,0.023469489754877476,0.006404741661722215,-2.7873764295239384e-05,0.013782925600131822,0.011576079931777863,0.014696364376418993,0.04478132077733461,1.0472210423768809
0.01887584150385034,0.005521523401154418,0.004951427453863722,0.022802604342011593,0.006701308146830247,0.014745356349670936,0.0029632373205888255,0.02095104407544694,0.014905725253717169,-0.009584736405652154,1.0247981762551062
0.018480231919356827,0.028464475732758485,0.015862271660479873,0.034832052835472506,0.02310996225297659,0.02231994213009293,0.014131716195977934,0.030093602366103672,0.019563406213871908,0.017814919752870487,1.0563798075319148
0.002103344993530698,0.027524429997748494,0.02368533839926955,0.006600463426742555,0.010662652321448796,0.00013839252386814785,0.007727395598520298,0.010782641032690665,0.016150474958218218,0.012871865316440594,1.021330075554226
-0.013260239274777347,0.01947998251287652,0.028032536025101258,0.021384965300291152,0.021252024518145132,0.015379790423410535,-0.01275760853138564,0.005119522401889372,0.005841742393529015,0.025612779538339327,1.0363924363234023
0.005662366223897607,0.008947906581007647,0.021670586418103648,0.003662586807287836,0.003004402897917027,-0.005179363242166607,-0.004045374164371344,-0.01060138344460771,0.019598269221428644,0.011889124836840743,1.0069392481033808
0.015536597906546153,0.021657400132031136,0.03135248824236291,0.03320703296756539,0.018414808271723017,0.008449057106054748,0.008616415708499059,0.022842094303045027,-0.0042715148452289135,0.016057686291351413,1.0433161824676642
-0.003015950098866793,0.010990949096576547,0.005648374279156514,-0.001680736897902978,0.00652430038525036,0.0004029134088861658,0.004153671216513116,0.008827257679327927,0.015650380450637512,-0.00013207951824492376,1.0070476807889202
-0.00021893742982347607,0.011646321903967478,0.015005505880240968,0.01441833916164463,-0.0005293232601527864,0.012158351083211841,0.015954926271472346,-0.005666632182297728,0.013076305427706592,0.008482197162402465,1.0146474189089767
0.005012298317401008,0.03779291144018862,0.02953440595929361,0.03885961467752727,0.029950242860581087,0.03216255597668631,0.013380796996254338,0.020762345237107915,0.04308063706243066,0.015742171345964954,1.0609779923973353
0.027257933734018875,0.004623763293691003,-0.004610612455815403,0.008513675220862504,0.0017228644647796325,0.007046090764676084,0.020091815898538843,0.018185858583010795,-0.00041951201984077,0.012685498847226539,1.0226578053278161
-0.006425105682999784,0.015778587836116683,0.0073576249229099985,0.006172635152629136,-0.0008736035201112966,-0.005277604274972158,0.007523118490749161,0.043855922510669734,0.012202507328493201,0.006727522753832193,1.0229550427356624
-0.0036928174522428223,0.026544841856528008,0.02588070546961716,0.04551798411990593,0.015084077755489035,0.0155269988829294,0.0220755193275936,0.021519110100577415,0.01705892327023186,0.00932035928133431,1.0466611989424164
-0.0035975082189571676,0.0031506528212414363,0.017544727177119107,0.029743759795409476,-0.0013967726595911136,-0.0012444808546548357,0.008943120993654137,0.020157059052385375,-0.0053186855355469905,-0.00761353150243887,1.0164636451614744
0.012743083011107657,0.030961871570786385,0.021758402005871702,0.024037998965383636,0.0014894976400645042,0.030373507595718767,0.02342858195411899,0.012641374074102055,0.0315384532309492,0.038921722984183935,1.0519208764395298
0.011163895889672504,0.013660985264698439,0.049663885957325654,0.04955000606719103,0.0014660100671864598,0.019171775413984637,0.024901162551310314,0.04449496036504251,0.03123466057640143,0.014949268797898272,1.0602049754119
0.02807143611695509,0.035357676643843566,0.03432637853776124,0.02772846084473038,0.006346164210235004,0.015564468438851979,-0.0008947246355751441,0.012602374037025105,0.015893902588227517,0.009201513510993645,1.0373696867150406
-0.0056835661816647875,0.02131497730873946,0.011199570837691067,0.02841084737596379,-0.007251476134350875,0.021299656247985077,0.00228166219474967,-0.002753557148189248,0.007545036732004002,0.017498401627276065,1.026685562629762
-0.008859266995527746,0.007961733202972042,0.0096340758798087,0.01398364733847305,-0.0044775514095181865,0.0007834480270340633,0.010699427846521527,0.0021332228990234414,0.017904400912703178,0.01518486629956599,1.0151506187101882
0.013933976551776868,0.030796803412947486,0.025513509438622402,0.017331461586706738,0.01263935872146393,0.0289292566147892,0.024042347091029863,0.0002077044092125245,0.019379498284597358,0.022723275653159302,1.038074532080472
0.003884692229297603,-0.007759654647039666,0.02554844009310183,0.02831123132881446,0.0024948384400684236,0.011803476699710533,0.01259357306456518,0.02163629417015134,0.015280537316711544,0.00708105078876046,1.0311367108406941
0.009348517250415397,0.03636063434934615,0.02560092602224076,0.04728260679282649,0.017290482357256706,0.003290007935801198,0.0018176591094943226,0.03249183711496866,0.0293125719171719,0.01719404382633973,1.0562750152145806
0.006441487881802422,0.02859690415526054,0.025381120338073725,0.011348266390946014,-0.0005571822706659079,0.022676846802497954,-0.001800903073197033,0.007336118187466092,0.019830814024148095,0.017839982920822946,1.029268627080963
0.017326513757787685,0.024808196043858276,0.017091757539387534,0.020625635810154617,0.017464192326844635,0.01963465845396474,0.004947206910819931,0.01804979292891723,-0.0015997095477052626,0.021632185564668935,1.0418980597786813
-0.0024763852524796823,0.016482355713800474,0.014909322089162761,0.000719921842527213,-0.0005398016317293142,0.0044103606187326,0.006394789344286292,0.024357092718724185,0.014160888851304168,0.016537817896085043,1.0217185498293124
0.019049599462124586,0.008458563597620797,0.036752991677353145,0.03437027701751695,-0.0011439734496005004,0.03387372328928818,-0.005323148250190882,0.008716229770455268,0.008689528545201552,0.02528702451416438,1.0460477200563074
0.03494359093998212,0.01443816110437941,0.008113069942420531,0.053165378406534805,0.02610363414672662,0.03703160524882016,-0.0016039644853838401,0.018927500873968422,0.015907806717593155,0.0073992861110643415,1.061204626106512
-0.002307057982260533,0.018969371605495722,0.025664276638182992,0.010968918379307323,0.017538364404228693,0.007182809145807547,-0.0021195550862392843,0.024680638039594197,0.009011028476153211,-0.006188693722158087,1.0218974264007044
-0.00917960829436712,0.01544572000642654,0.02909398732686106,0.007895572887282957,0.03527823831771168,0.021437483057937322,0.005546944320404915,0.028185445998005307,0.016672805327891865,0.01366430896451373,1.0406544027861333
0.0139528784571355,0.03314638287678511,0.011095297709415093,0.03139744476541388,0.015511876730115122,0.012595758603188487,-0.0034532225146314197,0.015240232154081386,0.026276168927103355,0.01203207316164708,1.0418580958456576
0.0217190333790329,0.023820748971802513,0.00938339099339176,0.025779052778944555,0.01599727357267238,0.004495901070454906,0.021498414835468584,0.02041831823456184,0.012612588697742653,0.019526640035792128,1.0407948421015376
0.008650947349203188,0.04143887584821413,0.04182135843664203,0.03145290356166907,0.02088361461996869,0.033103214878244504,-0.015050604697341305,0.019109337051685545,0.017478459827498946,0.01763442807062209,1.0539115800091239
0.004237896277649292,0.008915518621624593,0.016298342526095844,0.009735720910445564,0.006424360613643087,0.0164821820654185,0.006430228136109287,0.011454641510476114,0.0173822447382134,0.020332981440178588,1.0290245732982166
0.0062943373841280615,0.03397955594351605,0.0060410163772870035,0.03933568079673261,0.027050242247658198,0.018671511873710495,-0.004464286516764321,0.02787912514409613,0.0319677403746999,0.01614977178822026,1.0571718086117328
0.023368507988527687,0.010583920042845491,0.029595673219818888,0.01964526703235605,-0.008815217807993415,0.012485848102472566,0.003464261517062688,0.02607772719217174,-4.7276702629623496e-05,0.016066235611410445,1.0321973495910384
0.0011984235640226867,0.03102977230951389,0.0309201965485036,0.029049599664067224,0.016627344027175844,0.02301737284490806,0.024447382640297798,0.041811728847309784,0.007224240121440878,0.020853474712348163,1.055058269716159
0.008999539959026302,0.01573035107998278,0.044818533185225724,0.05057597849919988,0.01590740225477305,0.0315368382993691,0.013507554212385758,0.022928820674838896,0.038013681121210105,0.012280520673768492,1.0598244304415707
0.022111911393054087,0.02739414208123858,0.04189690912757034,0.03735781775877338,0.003902217730242942,0.017819455350557747,0.029995302391868695,0.020813926061640464,0.024088501516539608,0.02162561470593622,1.0502930340800518
-0.002310750615601242,0.0038482849264106153,0.02760129562670416,0.028626475828411574,0.013577859389072983,0.027276813980800625,-0.006892511829573551,0.0031452938949005776,0.025599494775137517,0.020457020677351945,1.040167353640095
-0.0022605070168250085,0.04271170192285771,0.023661213255254436,0.03110626546269425,0.020716113814553634,0.03206698224436678,0.016547090152485282,0.025684356875527666,0.022560239595274405,0.028848914499716598,1.0597183444681886
0.004727146501759432,0.014206223126243884,0.032743077189924724,0.01615733247680111,0.023890900349486682,-0.00022712672089579555,0.0019770361641929107,0.034899036609150634,0.022168019694866363,0.003987742747930654,1.034792495238795
0.023148037187503977,0.03628818428859922,0.03860827397317233,0.027546213797270614,0.015009259164163354,0.002107666406507707,0.010174662812334728,-0.0029234662571511923,0.037594188662070954,0.047314178347921634,1.049942697266194
0.021582495380834683,0.01745305606270796,0.012646938145214367,0.02147495531213901,0.013962751644589643,0.018341988205357842,-0.012105319698945839,0.010894471852727586,0.012690865707501702,0.012102202644587546,1.0352582888396478
0.009832823910527462,0.020608141337226854,0.023480261259421435,0.022384197980306532,0.007297664774633361,-0.00010334486486033093,0.007692189472180825,0.02506639012735166,0.0432388779328695,0.0006581448533299131,1.0306518746432503
0.013454022170359042,0.02767857617831674,0.02001706037602531,0.014413598392356423,-0.014438699642940285,0.007313509021483661,0.03150936990203487,-0.006151818385394553,0.005853192366059508,-0.0036083836297106237,1.0051473506167345
0.015581910585827724,0.018101809637548066,0.015319983610300835,0.018999125022207124,0.011018745360767985,0.01959245352654615,0.011400191221935398,-0.0006999632228946052,0.017327170309132636,0.0035350065848168445,1.024853363675312
-0.009231444231288365,0.015076542868404277,0.011885144928478954,0.004476553336576986,-0.007918842589730357,0.01420438884656804,0.011323162864659647,0.00314031181073754,0.032270381436523034,0.007906885880749087,1.0130845732837277
-0.004014428820318236,0.0011755024307910228,0.012384255011305616,0.025777335926866506,0.010485635187334537,0.01609533305008633,0.007667523788824042,0.010953504668139031,0.008461108420312304,0.02365268852317016,1.036016613867919
0.010480510525699305,0.02653300584686217,0.011738856484969362,0.026013775003956505,0.003700994907043612,0.015936496240174597,0.011390132758199764,0.015562486453986063,0.010569966628379677,-0.0015224687772225354,1.0277422923376414
0.016962205314227038,0.03409481820472276,0.03587376536767007,0.04900837182446255,0.00931369180164393,0.024361005492534595,0.007298454508027017,0.0123682771382433,0.009506730951726803,0.008563431939674548,1.047987729509805
0.024257272878643914,0.02866905127961829,0.032785271336443475,0.05246129814444585,0.010596543803966695,0.016100005867898087,0.010841910332538698,0.009695647144897665,0.020986975829165033,0.015401833975965054,1.0512984065621367
0.009454799979664138,0.010519800649403296,0.014666339396923129,0.00039815668581983515,0.007798868473557966,0.02318212990542906,-0.007915551999096946,0.01042266229986483,-0.0017381170505826188,0.002752183723829479,1.0170870492071535
0.029165674606149904,0.02020572196935532,0.01573720538194977,0.016399059281328315,0.021252786112606274,0.03180750238038624,0.009520025126703802,0.013369385566702464,0.03260554835357693,0.016578536602370776,1.0455623316901306
0.008939844675155998,0.026351734826037344,0.04026807015330759,0.02544892213763739,0.004355300152035417,0.01489431718461738,0.009530380167538974,0.021645850234895257,0.02619244158544687,0.006352184009074006,1.03597978008687
0.015576253340621737,0.014507902316567471,0.017465207556014502,0.036305078453873166,0.007511140890636706,0.029598564119140337,0.0060465040605041254,0.020643049979198365,0.01502495097289444,0.011244545190604286,1.0461327465782913
0.00736731212601234,0.02247473301319769,0.03630282456341428,0.015038116851586403,0.012550136249652608,0.0017374424298203656,0.01344634784153138,0.008540705415792582,0.021240528870824574,0.014878629708627283,1.027459598236372
0.010665765823539383,0.012474801806203643,0.008046336430672901,0.010287347371543791,0.008663444669524751,0.0067931116678749915,0.008250291235762763,0.016490102883213113,-0.0005233866054179352,0.016877338394137697,1.0259278194025176
0.016958845664932377,0.0203269484321658,0.025374495673975806,0.028263928752869885,0.004001793876652883,0.018193292470367932,0.013833388339960812,0.016477382833895077,0.02636259059696351,0.0022392707641383097,1.0342143794175858
0.007359950214326847,0.040157969743474284,0.014371823087105282,0.03294470490292466,0.021423379449077837,0.017421817243456005,0.015216981245754753,0.01849676651573678,0.026637968494727136,0.025817326129551885,1.0532579081869324
-0.008836080890585464,0.0004153271923208416,0.022951264271064885,0.007464126141624205,0.014480198765507095,0.02336067187196812,0.021909382026393184,0.005327480990063294,0.0008565624681844998,0.017019484951923007,1.0244349081992292
-0.000958292022498055,0.017502615910931253,0.001125849683549304,0.014771872709019323,0.018844541895672445,-0.0007067639684244457,0.009833754158265288,-0.0026069878411152676,-0.00467645994095766,0.001512578219788523,1.0123629990990466
0.007445112330889522,0.019127154995657567,0.01353012291103527,0.018793455029227916,-0.0046966501351919845,0.006199299665325661,0.0002066494987468274,0.013890550009671772,0.023506938011429265,0.004640866849944362,1.022089919595364
-0.004175955054529643,0.006555879740568531,0.00661314703727631,0.024494980464337915,0.009097580834624454,0.0023542586763176387,0.017357099238871236,0.011730885190738399,0.008397267115529614,0.022194912684526794,1.0305532638175539
-0.001684444614260464,0.006867907290350079,0.0072920177647813385,0.011556450425730199,0.025111439018514363,0.014128860320228417,-0.0038113241657927455,0.02086381568804875,0.002998489724847413,0.012993850861284243,1.0320281681457208
0.004466517296431063,0.01434068457821264,0.022842230784354347,0.019731356782476762,0.026294353866392787,0.011769034390158669,0.015626181954543416,0.011854583505082821,0.03279718875991749,0.0021322404193743023,1.0318333728050844
0.023005186698311753,0.03553919597603367,0.0426929645707975,0.047837893224175664,0.026378731491023634,0.029367089824099923,0.007156425920361763,0.01301711692357056,0.015058450568737041,0.023103992399239052,1.0628355131663463
0.027579501492065922,0.021182939346235937,-0.0025496042821402352,0.017002285742867627,0.005536077168191587,0.019648786259202678,0.01182600093852956,0.009489106594085087,0.0021090138841145523,-0.010728038412408448,1.0187841419691455
0.02354955340472669,-0.0027038663289249316,0.018915179870907326,-0.001519220878067818,0.0036914741205009323,0.004659625569381,0.012588349261983347,0.011688671408319407,0.007054456417445856,0.011765686999774273,1.0157258260882536
0.00573866629491773,-0.0050477485141533635,0.028531711971279815,0.022479390980400634,0.017932136806218257,0.024590148231547947,0.012025801582373772,0.030366667704158204,-0.0023559569642362804,0.0016586994527730487,1.036137633468555
0.019501996434750764,0.02906443515211831,0.0038195025667127763,0.0395459824969044,0.015797979961186374,0.006236708603069522,0.003799186520608117,0.012049745447402388,0.014516334071508624,0.02827617517220168,1.0488556473946133
0.014593936845604146,0.02074034348273048,0.024015012010525503,0.030634125384455112,0.018224547721652492,0.011233304540546262,0.026707085011217054,0.00814651069509133,0.008187743241988463,0.029677126533454702,1.0446306132415546
-0.004803881917116958,0.02883721520595821,0.04499573497766396,0.025657355640647757,0.018414220749567486,0.025202738480705415,0.004949084983922627,0.007045201301694504,0.007473460271377217,0.017326405310686757,1.0395354608981933
0.017503842917028785,0.008597026022309832,0.02381481369070079,0.017669208332340317,0.01248625308304814,0.0024565304037034823,0.019312787984666832,0.011120158987298866,0.02741061584105162,0.023852480208977136,1.0344976363620624
0.003856789379388129,0.020145358403581008,0.03727946272295625,0.030566831671011922,0.007471826360255279,-0.00018921457091720072,0.008825743875569544,0.011699160184972988,0.015971515271899196,0.007423311024060141,1.0289724800982847
-0.0015976936440164156,0.02909396662574921,-0.0009601387420800737,0.03218280842713467,0.010546898700287455,0.01417055005765732,-0.009981791500556229,0.010230387381885149,0.009076917899084457,0.0029778362365259978,1.0305475593692734
0.01601440881123184,0.010826356670867007,0.05625604042502953,0.03861334974841273,0.009220592950216242,0.01618074026224653,0.0035161832644587023,0.001647691265307876,0.02085164213459379,0.021135002041310125,1.0427264633603857
0.02407066830699585,0.02510680579825961,-0.0017654467199981483,0.038867888672500454,0.03373836807924199,0.0028565025067164313,0.02023831033084124,0.010360342096300698,0.02495343359349103,-0.008909817142200124,1.0355865168662741
-0.01054474824573642,0.02214102727222148,0.016453655724266582,0.009745569036964866,0.011828517990173796,0.00717484498385346,0.006897967258894195,0.018352219105646335,-0.010832731944956259,0.00016876260249920876,1.0168160805568756
0.004462314032243054,0.03177800545114232,0.006726239121369852,0.022877134669500535,0.03626861975993089,0.017583688833170703,0.013642760842606648,0.02533283131655182,0.00018008297213551946,0.022157652080721655,1.049662638486988
0.022443864043196995,0.03521105487217843,0.04709600853906416,0.021647588559228343,0.013471038832212099,0.029889030025861747,-0.009216629788761217,0.03278855801439128,0.01665265324594766,0.014924910179591779,1.0514057181840786
0.02298299495250623,0.02667071481057564,0.045900806399102545,0.03533812823397768,0.0265263375739767,0.035478586854601125,0.011800391944289623,0.018514904108284384,0.02733541291242581,0.02049425941944408,1.0607284714027734
-0.002020796484934065,0.025317943940403313,0.030673123904152014,0.04302418575714096,0.007362755393422503,0.021574303911480013,0.01502902324383317,0.021339023644188753,0.024478429056708332,0.01758906042786626,1.0501578422765832
-0.0036693498517979383,0.019810249799758206,0.012976164365777035,-0.00622390123656336,0.003829082983964344,-0.0037303099275854974,0.0074879259499076815,0.025033822601450893,0.0053683626484404,0.0016132835930494941,1.0095570204637485
0.023433325831081805,0.03344374319895664,0.040413943097629,0.03678538553435111,0.020562584108128397,0.021218037247750107,0.01949645005850694,0.01999547988006903,0.02869289763367195,0.03012246467555428,1.060913128413533
-0.011567515473359932,0.03747301117024525,0.011332149573405741,0.036260534149525944,0.012664844447760414,0.02973979556574767,0.016211486850426466,0.011527992510364519,0.017972359362721572,0.011006433579550756,1.0426724556079967
-0.0005735148989054646,0.028822349955691415,0.018412957998000586,-0.0016280172102704493,0.013107431019904536,-0.004586639383102577,0.028252418423049167,0.012840853975843891,0.01809981023157966,0.022208457881480053,1.0217164803463257
0.006611493931736985,0.02623480525225278,0.025823252505337867,0.03475354512786385,0.03527058405692267,0.02367493700606777,0.018858446565357026,0.011964549037746892,0.007221436609842679,0.02282366364893193,1.0530092003813576
0.005570963423890213,0.04109673531859235,0.0034403438878494036,0.001536166880211182,0.015696082464810017,0.003572192291169041,0.009148825669726414,-0.00011377406444258199,-0.0007087981642256089,0.01756658826133913,1.0184397464310495
0.01129264323873627,0.015711109061427492,-0.0007172644893945583,0.02581938642610579,-0.00037693386425545657,0.024983063019149328,0.010062648552655883,0.019554087659998443,0.011331944865043953,-0.00036854777197679184,1.0302580577117866
0.0027838044288151014,0.021053031790344484,0.006269730166174006,0.010144785197931936,-0.006604191931092872,-0.005358764335745111,0.01933454830435852,0.024189531559174176,-0.0002514115664476388,0.009822608542159241,1.0168634884055334
0.008984599248979685,0.0010291688042441734,0.006675658455984104,0.005203508120733877,-0.013382415233661214,0.008273734539199414,-0.0008530409660125315,0.006657312609755676,0.007037801506552901,-0.0011589689633674976,1.0051293264688728
-0.010886654707680864,0.035157217241202715,0.0074240296266122625,0.02894282190399388,0.03182361030645808,0.02885632189944075,0.00853799556398688,0.008597108451630812,0.030075468833853966,-0.0021629785390748025,1.0386160418944292
0.015336311373000662,0.022887099504785246,0.028130921345161056,0.03430238151169342,0.007611070028334716,0.02129671126827893,0.008093195202186265,0.017777421411485757,0.020656347682756655,-0.003997268715972479,1.035983009710067
0.008114574577750635,0.04073990972943624,0.030925609618866586,0.048271229497182884,0.014437426938872712,0.03617833656462441,0.0017576201678766896,0.02911896471995523,0.03355590052719654,0.03745102228989508,1.0750717835929475
-0.0010742410592399498,0.030928387538701446,0.03083834521527838,0.038331036256405826,-0.0002013535748289566,0.017896330976147963,0.020176141167705587,0.023494581093084967,0.0018708302001506187,0.01987753844438742,1.044439974244178
0.01729692230206808,0.019510469443302852,0.005648430254353281,0.004522196052993867,0.011655520444788405,0.002631969377910666,0.001147230724558624,0.011643368553122715,0.0026539343411516696,0.01754399397681119,1.0230855305804762
0.006190623211354189,0.02969453829480853,0.01758993369417399,0.04166127638462125,-0.003891603184102659,0.012315349661403073,-0.0020608893110234464,0.022234676915819266,0.015284905239960171,0.02888569910071918,1.0491316550442167
0.023154425407026252,-0.0029437297720651887,0.011649716751698975,0.022659991707581546,0.014507469377718237,0.036377214708218836,0.00885063588376014,0.013240739643348282,0.02546038004498935,0.016794822782916153,1.0444159205389814
0.00476171563217548,0.01878970048542712,0.01203284575088371,0.027474257225005353,0.0019401337975727545,-0.002191362150728524,0.008170287811807496,0.0053090604279838315,0.010617697879389041,0.0008768027601684016,1.0183699880403607
-0.016277094948036232,0.01931285427877111,0.03449004848794549,0.041182356687204366,0.012103479608151876,0.022831235515388723,-0.005596309257093436,0.03538178873827244,0.022926463599382805,0.011243212243018118,1.0514764950079984
0.00370940162672849,0.023319364814900285,-0.0005626126457644112,0.02060907287867771,0.011802069779116924,0.0016571702509806732,0.0007849871173909529,0.014688796896622343,0.012903400409338467,0.015896560049043284,1.0302203314496114
-0.00039843476595321364,0.02927897428066827,0.02511207717443532,0.0492032386840458,0.02308494258602578,0.014638139854848497,0.0038702847128930934,0.021892622689753328,0.03860674997439252,0.022998737696976402,1.0603553256177942
0.021845228418256753,0.03347751605354357,0.02690662780969337,0.05151698169616527,0.020532757606413363,0.029930577090729937,0.015313275988637095,0.006296234497632971,0.0034735610724702937,0.021155299294290223,1.0572237574121877
0.026841075029360742,0.0152789781732606,0.030463080175164043,0.03365797860457784,0.027202045945679917,0.03206398593464446,0.015771365304568845,0.024617487406526185,0.017221997837851895,0.01337896631878428,1.0559467290343412
0.012297637320872593,0.03075576844180645,0.027672679832620894,0.032513000211463486,0.04322482888571796,0.026470495075605227,0.006033194465975805,0.02100903830014998,0.0234461568637857,0.03120289510131188,1.0657397930417452
-0.005319719823685419,0.04691853400303196,0.027722037745066548,0.014437365326299826,0.014530049983251744,0.001868180707008088,0.003832410293603058,0.011356141429671555,0.008482926705514239,0.012791616195596758,1.026620426809859
-0.0051645938736126565,0.01045105178286302,0.01431179088017435,0.008961923170108162,0.007125156115209079,0.005047010404886894,0.007951852872013795,0.010901482675143421,0.007089441799868895,0.003367117034193477,1.014855976886097
0.00730242092551266,0.03384585608587939,0.0010526615071699483,0.015406502112584309,-0.005108288158544411,0.02686623429168443,0.009448331349381967,0.012519920840486433,0.015120746395112681,0.019081645693658274,1.0326883502105302
0.0067074927807077534,0.02585316995830616,0.014599911442853945,0.014268263144754824,0.020772690260229165,-0.006550338387650853,-0.013914918512908424,0.021643149306097422,0.02038495354074482,-0.000676148177879022,1.0243360268545603
0.019894422654115278,0.04218619551601392,0.06323439585552765,0.022524690817023473,0.03113357735295953,0.024514733221167154,0.015475244361713323,0.023673616565985007,0.035925952300927856,0.03361754435227611,1.063475793165877
0.0011880619176855341,0.04425526018865532,0.023043350103441593,0.04343374723561874,0.026257260716547902,0.026764233460982778,0.006399608155818897,0.02540848779621463,0.02820844217923292,0.009227192232302941,1.057189360419336
-0.0035390013294122422,0.03393278166556575,0.02757113263387351,0.04094922222541942,0.03185822110078672,0.015631646518174884,0.010801575532935771,0.01096410433005351,0.014615112745246238,0.0071573666416465745,1.044957194753614
0.014541888400437592,0.022897980959598257,0.026231544883948105,0.02778814904634446,-0.00337409336574455,-0.0028072938487166115,-0.0026797981172974094,0.009483782874617585,0.014570726839290168,0.014299477211990173,1.0272357319237742
0.008962464541003906,0.020889204751319123,0.024791333027315787,0.029929367119916735,0.00497903720414883,0.016439419797327236,0.001730900820528217,0.009397527677079269,0.012479965160768991,0.01253907497844046,1.0344928926025487
0.011391016175003921,0.03607483235835576,0.02705868987057798,0.03049930562981899,0.03094654875379231,0.03134090736463939,0.01773840073156583,0.03092908728577566,0.03122718635788581,0.026986822430926392,1.0655602935750772
0.015616429071661869,0.010704560653340259,0.024728719400964567,0.028144194258610845,0.006653176643790355,0.01662499592521353,0.01542760199830085,0.037772050385344036,0.022624163433926953,0.0070332063926252025,1.0435122274915618
0.024343971617711402,0.013319113747544733,0.005891291231431639,0.005073205107968768,0.00799971058681704,-0.000374232708806212,0.027630135863915106,0.010897140754157689,-0.0032760697033438983,0.02123406088558401,1.0221899852041312
0.004720850322702553,0.022424631356244343,0.03631689600038179,0.035091621235720794,0.020165152630969213,0.02221746485890233,0.028398150626868846,-0.0036576898643767945,0.009085622739551165,0.013906349856160443,1.0379950093029273
0.00627297555573634,0.039770549728193556,0.03612334880088385,0.03781854143067813,0.026073948289960156,0.03724617685950969,-0.006690054275600377,0.03332048594168746,0.028359330411342927,0.014026873017711456,1.0639075415200392
0.01564839545336333,0.03889649565534414,0.041161969315519846,0.031457462996168216,0.005058689272320446,0.030077648431926885,0.0032352822980029356,0.019858835614561702,0.027786790800468412,-0.00023654817233448658,1.0417620497262106
0.0006003172952954647,0.018398041601269934,0.01066617005652426,0.015070059488880894,0.005986430427480765,-0.0005079238575161557,0.0114364609281494,0.0022322987152052784,0.022999471055121377,0.011981524692441054,1.0193841736454032
-0.00532485924014316,0.008142053528563455,-0.0020569263448981523,0.02481186316899107,0.024258528011826694,0.017566869991662022,-0.0009560705177754612,0.009467566778411825,-0.0026391721793888427,0.014873428141361986,1.0340563618962892
0.009171534029120767,0.020402176973115756,0.00588126784508669,0.01646518175149476,0.005132274143152809,-0.0018391596980735017,0.004408041604561415,0.010173700128647996,0.01945471403695674,-0.002394192817312105,1.0162530278117095
0.009312094887126598,0.022101924612375597,0.025992522962132433,0.03696521613130928,0.004818315675653176,0.009351642988546276,0.0033517211666354253,-0.0011581393335937558,0.01209117506441299,0.017579750220386044,1.0339484681726057
0.012945349655489262,0.01072683187329042,0.035802799752013684,0.028138791110422383,-0.007794425802392677,0.017413548514195687,0.0073062215299799105,-0.0034572368166266246,0.00453969790113915,0.008680123480356638,1.022512552515342
0.023667005305857827,0.034981122992770064,0.01455692579667829,0.027662780632279067,0.018895342679866083,0.02145611073444412,2.4270848703332286e-05,0.026034959723643114,0.01989051593923931,0.02491502029725633,1.054709093386379
0.005872265865908341,0.038194249806629936,0.041390145690690716,0.045721313783358045,0.015262239815490821,0.028532082879018,0.007711295958612885,0.027410851357896233,0.02305146847751119,0.03267969761465201,1.0674820471037012
0.002588315936092968,0.019135162399224668,0.004308044819540505,0.009028686899563007,-0.0013069733674371357,0.009828863067068915,0.01435913887814325,0.013517270304923015,0.008754789365402135,0.008735317321049655,1.0188086047612446
0.004024011632401266,0.01696549865749433,0.007346654227878774,0.007886811415624856,0.020333290065605546,0.00663818640908909,0.024731066525964875,0.013418039270787222,0.005172819778711873,0.005387240227342566,1.0216122043099343
0.0008870337857025904,0.0026930523570391825,0.031717327502459904,0.005186586892519992,0.010034189584606478,0.023772298206252863,0.024773930456387136,-0.010949864791357448,0.024299138895500623,0.027074193415793826,1.0250800952408627
0.01690527043949461,0.024892503263240648,0.027276195655594894,0.04381629384760089,0.009440112393643374,0.02332004120129605,0.0034626058339377094,-9.475150919126957e-05,0.02287776750427327,0.012496141817070684,1.0430728400486524
0.017355277150737917,0.01180685704716361,0.03691081880754295,0.00871720611836391,0.013397905953358151,-0.024262732631957985,-3.870059694086048e-06,7.725821443386495e-06,0.0245232302691205,0.029645291582204476,1.021588667374848
0.018165812147320565,0.016561691945303377,0.02908918348997057,0.002444518936343615,0.011234768887623536,0.01752529009105259,0.0019446637573867632,0.015522867700516998,0.024425132180584556,0.005435112978919673,1.0254361367941724
-0.016243887926898633,0.021546728179717766,0.004987121909157493,0.017848624235625343,0.0022011201730720575,-0.007531211727275387,0.011881619580902579,0.00026204775268437105,0.011045723026593426,0.009786457225832946,1.0122711877303077
0.004408709405185225,0.023929221245104063,0.014884370806732817,-0.0005590126160809131,-0.004226586764573358,0.011406678438379383,-0.0032162193671239226,0.015786589726147677,0.0021747866180298146,0.018998360069376784,1.0201574002268121
0.021999154998305948,0.011020786006613575,0.007794334790106818,0.027594892181686065,0.0217174601864861,0.026108687261670815,-0.009661573042460733,0.020170270296706157,0.006630182516962266,0.013911108172529841,1.0457500638066681
0.03226584165594683,0.022775617346223343,0.01136957020988821,0.03427507662261973,0.011783644630611208,0.0276525583420777,-0.0018876309382927052,0.02163445012903496,0.015205684137565763,-0.005582969420101608,1.040787755998276
0.01671881175938097,0.033576734859893494,0.0217550254891018,0.017992451291089694,0.02256779623831828,0.02016295920740193,0.011209984583198702,0.016612466066796634,0.008288450591319585,0.03476687954944907,1.0498891800253938
0.011788481429289597,0.020007449247959413,0.025596534511291954,0.023404127782052572,0.0028918896235764803,0.019303238791552133,0.007712182420900009,0.019665854063424092,0.02576015485703257,0.003410433338149373,1.0331640379252442
0.02058110450701512,0.016889323059219224,0.02621379165124415,0.022620724639879828,0.0053166088482377175,0.018213923094859103,0.013988463672257437,0.022211762282818872,0.031349726619439154,0.014039346539720747,1.040614352962395
0.01608048308932408,0.008896457437716132,0.026741643451463917,0.01592269391940887,0.00785948686620431,0.029875394294825882,0.003303007244386251,0.011422671517822064,0.023525981349860593,0.019308777856390014,1.0383091044733936
0.00505206323420548,0.004873890143687953,0.024236707777367028,0.0313302402605008,0.011013075780378644,0.02734968396007362,-0.001113786127888386,0.020249023597481278,0.026301533920179934,0.021710083132185497,1.0486659895994352
0.024076665114892717,0.02179469753648025,0.03105956250432477,0.013699694543738688,-0.006080411952106828,0.026429112290444805,0.001294875244582049,0.025387091027881017,0.020472530087996675,0.02670594034024274,1.042751005958692
0.001545061587996003,0.017759548381329704,0.005008312701793535,0.0015404633641111628,0.012492859812495155,0.0037971524672039576,-0.002758172456927356,0.009581205865051089,0.0025182836021781334,0.021017909824501746,1.0212044258936823
0.01671499242676124,0.024831860582468952,0.017394615916965357,0.015863179766193104,0.020883659659763576,0.027834835778365312,0.008948278724002497,0.006210878264587651,0.003803436425273277,0.01850346381866491,1.0377451326161466
0.022201001921563178,0.04628231244852636,0.02105560014847503,0.030678353227868764,0.011195669420252954,0.013332560582337286,0.010112502603896087,0.011636529899926553,0.005558859504911714,0.026870733420678763,1.0458748429867677
0.007107790073015254,0.02336855315899276,0.03219734561535184,0.02687310896193155,0.034247231458108804,0.011489780731492398,0.009121656109108044,0.01347673115478636,0.01993371018104218,0.028235792590612672,1.050208881650189
0.026762702136397473,0.023286226474712027,0.0013123646665098437,0.012249548169358157,0.017260988908931216,0.008525843204362572,0.013804395702763582,0.022657661538523617,0.004747143500645354,0.0023679909306108197,1.0284203660650377
-0.0077261578006054795,0.022916863562807584,0.014659847083269797,0.014518159011021235,0.009476139769608986,0.010975519761458566,0.01057467277058536,0.01081739302953038,0.0211929402973796,0.0030410604732280314,1.0219784326127257
-0.0005363576516160384,0.022025514024970286,-0.007583166964980683,0.00907334668565618,0.004366710555641763,0.0278695683663574,-0.0005782258343715501,0.01153605570666155,0.0028994769485112745,0.003078310227075342,1.0214957225447225
-0.0007963943448923601,0.022320673560948707,0.017486002280514782,0.026297161173187856,0.0197671598760815,0.03289389435150317,0.025062423313862124,0.008674527812451694,-0.0016853353906822813,0.010133078897407359,1.037582369130396
-0.00688806185315141,0.031034075364590588,0.008465493918419931,0.00789592565791505,-0.00580394901972987,0.006996510599615393,-0.0043974317387740665,0.011376011464044829,0.007143200571557694,0.013973647532375934,1.0177259414618043
-0.008253068888516126,0.020177690198399746,0.026856097009428103,0.03131913829744177,0.0006358547061059393,0.049580869610968,0.0046215157685563215,0.026702466348659415,0.027427328617507636,0.012881845817184788,1.0504087158756812
-0.0007266045371278132,0.025900561848110952,0.001121584719253256,0.024042258560198693,0.00280534027804274,0.029538351972881884,0.013230049266731372,0.01357753031279035,0.017028615956922878,0.018796768174818623,1.0386407489481515
0.012420363853427248,0.01885223797049021,0.016619596342533717,0.014398869143343165,0.016852416742633852,0.035742785081865305,0.004401596954989038,-0.0033000424348678045,0.014421098905999602,0.01630277288407089,1.0339185830399658
0.0038672009682619345,0.009242436237936497,0.01839745365886067,0.001435804936694294,-0.005134617299182928,0.03444673655952568,0.0026947653819946915,0.010724913471859561,0.02418388082794711,0.014071765168022698,1.0249559000212631
0.010121004254751612,0.05304536660599357,0.041933305198282755,0.019402826985656783,0.03219198115583958,0.033133441088182766,-0.0025345592716106893,0.016763058643791077,0.01904532533609383,0.018010107196563593,1.052167434588551
0.013571888505718437,0.015566643380320789,0.0059689659648449675,0.01635466572709333,0.021965476388931763,0.0012014064570135463,-0.005617827816692107,-0.003474979552474871,0.014075283174194531,0.015325342092558009,1.0248930533356477
0.02039354068501568,0.030185238371925865,0.018889436859321727,0.037284343194036354,0.024828237370452276,0.023517100948461427,-0.006369417266084473,0.015912548349296993,0.02976264975436797,0.019829010384524164,1.0557667732594787
0.03169138610140432,0.04226637411174513,0.02617480598577075,0.03706899613779801,0.007479581637753271,0.029219864253185873,0.029594807409382043,0.01101982058105938,0.017175596576787057,0.039746311764193146,1.060513295865395
0.008118918489818962,0.02723135441526744,0.025502183152193644,0.023800758948249737,0.0066176750476927984,0.04312884642916626,0.014149436604139311,0.019184369697719857,-0.003819782396489186,0.004613281473400545,1.0386519451158516
-0.00564249505680673,0.023054257723164037,0.006676736250750378,0.01561366438202745,-0.004162445266170975,0.025048104562218246,0.002521540130579497,0.013394562664959463,0.01030205628928925,0.024994919674121083,1.0329784576420664
0.003925016586285208,0.008888864105204756,-0.01221163411729626,0.002715254565308023,0.0015077849998690572,-0.007899119725794134,0.010844372353397115,0.007249152158335963,-0.0004356915544403133,0.0070018527247959275,1.0059673974340027
0.009245095735766585,0.02383710596102278,0.03350988133947998,0.021087626888547803,0.01834202962797689,0.022809961873382294,-0.0018227059805411769,0.004121345329326889,-0.0032920920320805395,0.020749225697494093,1.0369439580899011
0.004705896857820027,0.02915520254439733,0.03869133155865932,0.04132872337770416,0.00606708061576621,0.019209601637951438,0.023779887844487042,0.01178241168419769,0.017007832223311203,0.030650656982841116,1.0512025197263095
0.010082304097263173,0.03509379811484656,0.017646892664305844,0.031888498746846086,0.0007368908040067124,0.03262917250463145,0.02285566978344268,0.032819082345897865,0.004327199276570461,0.014687260989086213,1.0488562885711985
0.004953846645560954,0.01820241076527932,-0.005513771798331589,0.020108879677458752,0.013297346685990934,0.04364459322655724,0.017990881918158782,0.02053381871067584,0.004458161285607358,0.007409821867549788,1.0398243818232613
0.0016942561143107127,0.01911632945208786,0.0032858265891827793,0.003790682291574997,-0.007949500280493727,0.012680459763949735,0.01935817726775559,0.00945115018549435,0.0218016621531358,0.01485552611719138,1.0180311040068342
0.027186613785124585,0.04985545886002341,0.03392677611607956,0.03916567052214416,0.03568159023999567,0.03769690137553267,0.01622084401856026,0.03177617492560795,0.033441432320432084,0.0026907415880583554,1.0650247368763885
0.030688935792396618,0.029021883931991264,0.03443892052350862,0.04517486979453496,0.008854012820605163,0.03144066804531184,0.019835329787377405,0.012773893772661034,0.01803596374220147,-9.553609163216736e-05,1.046354626093479
0.013518788501406712,0.031196557253304877,0.0048237655580026725,0.005744679677401646,0.01171516555750807,0.001929428504010051,0.004265893040988684,0.003965428515090906,-0.0004040521930117804,-0.0036246715138626377,1.0104891536952527
0.004342747769546233,0.008850186538893271,-0.008887752003438519,0.03563302855264362,-0.011203730950087035,0.021686870050721316,0.0161780871894312,-0.007253015894049492,0.026465986250829382,0.008610640863182258,1.0246379357979236
0.013416928148334511,0.015401920352908955,0.02029441453895029,0.022530174233542435,0.020002741121502257,0.022272926900600003,0.002740048001080065,0.019977913395401614,0.008101893774602667,0.008056555903636957,1.0386782171434883
0.012251183680003247,0.018386204011839786,0.034997653445204294,0.016419392366659014,0.009898003091117965,0.0066535116284878884,0.020356708567300832,0.019572508488942018,0.026040295624495256,-0.00044527745374618906,1.0264550543274609
0.012768543136750687,0.03452692788937399,0.025801410691351195,0.02713609580194417,0.013959273087402925,0.009430795630921815,0.003460493733043732,0.021738543293745534,0.0245563116598396,0.01492350073417227,1.0425144430779196
0.004395380115773677,0.02738817138309082,0.011154030880634375,0.015964271370084975,-0.006856243759213353,0.01267367141609329,0.021621769432065244,0.014822381210088328,0.014471660576178578,0.009168709537160424,1.0235523242773115
0.021645558253213244,0.04250616976792991,0.021645652517108396,0.03911421285669963,0.034993161357253146,0.029481875614337478,0.018610310362425005,0.005620733240586071,0.021846700233165428,0.03184337869075202,1.0631436600055517
0.005399662156704929,0.04245500641726038,0.018542301997341568,0.012950210985715159,0.007033577695046821,0.029208600211144645,0.0078020121541849475,-0.0003329022317763511,0.009385397492547685,0.022792782105309745,1.0330283156902484
0.011434190352071927,0.04328702685879446,0.03444445932433035,0.020236488472757077,0.010442756012510327,0.007602828300299538,0.009315138375534722,0.016550603281307828,0.02291843021478494,0.0261924000613422,1.0416898538234836
0.005374494605342757,0.029982963617366746,0.00710690216280379,0.030109244564952842,-0.00340289447711729,0.01206295314950458,-0.006306905865349427,0.01955387012282985,0.022448110115427612,0.010626134994106065,1.0347391046829957
0.0009959281175093686,0.02716803508780234,0.022656114300168777,0.0018192187456900662,0.00907821616992761,0.011267851442963158,-0.00187692069304847,0.010542599493778875,0.024174431015199588,0.007580410527285186,1.020329083328837
0.017025364285356753,0.046732719024288036,0.042675062805883665,0.02290418733673755,0.01773703719645657,0.0340105658901407,0.014508292220543008,0.027789076597974742,0.008023153954900664,0.027708017460598082,1.057475185077153
0.006185827260145372,0.02670761433443068,0.027230892419230192,0.011077830682806423,0.01634444563876318,0.018290809780243868,0.03439239017047019,0.034925799813903896,0.05053313503235435,0.017199856241402696,1.0461137169159231
0.004855313649421626,0.014293454714704248,0.02059174267102946,0.01902623828460417,-0.004191149812476383,0.012913009558025424,-0.006459537305584143,0.017101382966465517,0.00845416554448824,0.009893785114737496,1.025961298869182
0.011665834352990848,0.045254673638227084,0.04391707617074485,0.017227197830070692,0.0014588888328136134,0.016260751407930724,0.011074418658187885,0.030621758181955335,0.009118796534311167,0.01368424956409215,1.0386014020583436
-0.00681569057292042,0.02805459266339167,0.020071383645572274,0.02778150754192946,0.028542435954008676,0.028161373812997,0.008858560441897161,0.009676034404440393,0.03233963482420008,0.028754173790920254,1.05260025168484
0.027384396246413614,0.03179090448746296,0.018156853555170546,0.0315772569338207,0.020066099392372826,0.007784550395755454,0.032630755201147985,0.010760383378130414,0.004928087089073007,0.024319765959462062,1.0447376159702784
0.013786337839050745,0.04486143210470514,0.0025731883179439807,0.03607804102882546,0.011433254888480028,0.016427437553213,0.010052409133024662,0.014902822779898982,0.010642359094317233,0.016223880215406966,1.044445640161793
0.03490532518581257,0.03999392127601882,0.040143374859965386,0.03520908860678344,0.02689986504142634,0.02246196824835741,0.02062663730994914,0.036574292475076535,0.020725466887919996,0.023185135828814034,1.0663917447106954
0.0045672273781854015,0.00044169633582068907,0.014668029750578605,0.027570080344505386,0.008005349012035864,0.011825230265920946,-8.543278615708548e-05,0.0009456633311407201,0.02349112049868188,0.02858854050058032,1.0361934660333687
0.009127773845596609,0.026883267180371623,0.023808837855685074,0.018826031375606234,0.015613758866635796,0.01796082053081085,0.022627263981818323,0.015130619765094121,0.03862837955614298,0.006872992273152271,1.0358256651374684
0.025218079829395404,0.012848254218583533,0.01227752816809699,0.0220166418384164,0.013879096433871783,0.0009487648977925742,-0.009965761250158543,-0.007489751746134522,0.01887701875892394,-0.0027956513795025784,1.0168452713772742
-0.0019270494310331832,-0.005229474759493733,0.007433507128473932,0.020696427168846787,0.027105834262970842,-0.001120857339817814,0.0012936151867358504,-0.0008980275420550094,0.028088153989693925,-0.004004307450817514,1.0176563518636037
0.006652435861638346,0.025163717293485835,0.013918769778796669,0.04490988992101587,0.021385965206069786,0.02523399497607227,0.02054741214663118,0.0019962193029046758,0.011684465725108806,0.0304380579530213,1.053871172522949
0.01862342696039382,0.024202993755718986,0.012011800182398707,0.02523748540807886,0.0024200926813634643,0.013565808917780219,0.011018700290402889,0.020401166205141916,0.04324316207356041,0.012647095983603458,1.0394978774999042
0.023159288910202705,0.01231513790281026,0.019356687031139595,0.004102899836274574,0.006835860608935476,-0.005001242195579519,-0.0025009336392370646,0.01836860533511287,0.019725605269889052,0.00479046786903988,1.018285512808349
0.006714601957946633,0.02036899438154491,0.028294478669753795,0.025185741300190252,0.03805657859729927,0.03733799426260769,0.012136670466996523,0.020251683252344818,0.024465209944224145,0.024100230685604164,1.0591484628271846
0.009520416654758793,0.02366743709201245,0.028213129393523106,0.019464942917672964,0.0034549429033592215,0.034489783486052424,0.006012139840046769,0.02447466847949257,0.01112077028659138,0.015354378025709476,1.042069377345599
0.012791710375930403,0.022777947028924397,0.031328740497734625,0.016480035101261763,0.025345110585928872,0.01933623361402853,0.02558915722217235,0.016371252598557574,0.02319864364070981,0.023433842280543335,1.0448870127599557
0.0003326487394273228,0.01901210270467489,0.02432509634400261,0.042755395626655084,0.037785926294838124,0.0132744996633884,0.014786527624817712,0.007723547791297766,0.009405152830596699,0.02491301731186012,1.0525446851367035
0.019322544770059562,0.03542305328391009,0.02451001883876668,0.02361175518705993,0.0193322145778297,0.016869805138899206,0.03018017019358059,0.016669875855466126,0.010872731693978205,0.011837091805870649,1.0402523981796803
0.02311785571812635,0.015566196198917368,0.02591569809044734,0.012091769733381153,0.0016014909250609268,0.008323027018934726,0.0034204112633276617,-0.006528598347495765,0.024354711292027133,-0.0009398336543483803,1.013106786455769
-0.001189665147293616,0.04362594959287691,0.01742969052268113,0.026452158667661655,0.006222014436106566,0.028656227671463103,-0.001532538438451414,-0.0014462047946913574,0.01733881224397653,0.01625610548508107,1.0355359589008497
-0.0014307599017297449,0.01786143311439926,0.027576557681688818,0.00026500852271714795,-0.003465205078480721,0.02840033482378859,0.0043408661778120885,-0.0024480002438053323,0.0247593121906551,0.009298558653895431,1.0161436573002265
0.015348000227860491,0.011575924147089498,0.04243983599300071,0.017005032241714173,0.01859487052603508,0.013558319774999989,0.014972994057999173,0.03736403122407696,0.01144686360342015,0.015245489855291039,1.044058491299339
0.005515564813072754,0.025894262016670156,0.01529184744075596,0.024363077957501388,0.02160814127292269,0.012940269983638059,0.0011879578413706345,0.02033690518706472,0.014969693059462197,0.016666726795495655,1.0419107091390487
0.0024324615446376825,0.008248788251769624,0.005754097923199298,0.02027139017749658,0.006539402948383665,0.0004678915749217055,-0.005477074967319456,0.007017455357796965,0.009910598389018886,-0.00548987384411497,1.0136729095521162
0.02238955479485221,0.024094497326490386,0.01084608857867463,0.037811863228432656,0.002660258440758837,0.034346802906380876,0.004343566364431485,0.03125362072152017,0.023692919484455968,0.020797428289443854,1.05780300005867
0.005153872415375321,0.01839396176395091,0.0267212328998911,0.019550576896400797,0.01016117700106066,0.025769377563919137,0.008133933479387791,0.008842285420540524,0.025452289945171624,0.02028856865931755,1.0384750743081856
0.010544431080516782,0.021906999743787643,0.03017512525318323,0.02273908740939839,0.0066085915514116885,0.009290053815204376,0.020458041745316645,0.0005454997892373348,0.0040390376451758594,0.012217499449680907,1.0252299357392443
0.01223011245909245,0.015698208758847684,0.0005671924974380571,0.03948651331445171,0.008427889838778374,0.022583036518438487,-0.0022909137240009723,-0.011438578551676896,0.0028371794938870532,-0.0034538823838090003,1.0242856612021491
0.018277364906104168,0.031243225818417052,0.03500337470502053,0.03569115074213333,-0.0010805122388770176,0.021426773073120506,-0.008789384553732427,0.009126825395295192,0.011616332392670495,0.014766025263745939,1.0400325707319589
0.013622079119434465,0.042704575632101165,0.014402306532644371,0.020677118636729865,0.008687937595952721,0.011815220980586506,0.010605987341051077,0.008097692452805795,0.015501205856817097,0.012874074013616978,1.0317968941629063
0.0049420035802013726,0.0409151955291735,0.022897595150884263,0.03059303242493486,0.010549165401736213,0.020718332155493353,0.008754035070205035,0.020070063642787392,-0.004014428157974755,0.015909790299382484,1.0424138400122296
0.0077717514029726,0.003770804958582873,0.019482119856223366,0.014141300206758058,-0.020074991122346564,0.002822744272713198,0.011065473130812678,0.002132814547064526,0.014679263823950468,0.019231165190872607,1.0147498086803457
0.0223632632094857,0.031710036151319836,0.02315006702007469,0.03055422596123801,0.011336783540298956,0.02134977282859364,0.026556788448259268,0.02836128077272055,0.03900588071890225,0.02785457685297175,1.057867521499579
0.013846423395456973,0.02296228841296609,0.013460655315028386,0.0315041734047231,0.005458665832706289,0.027437284412470578,-0.0007629157741882234,0.01729588302572661,0.019409280401605097,0.015266739407716346,1.0442317807655928
0.006972062299693449,0.04270548239933317,0.034448308863434036,0.018370374167461498,0.010644506923000577,0.026418296027045235,0.013093463778402965,0.026602506833094838,0.01861154602353029,0.014364865408627544,1.043735337771157
0.007882974781038665,0.023875877016121483,0.02265146352608578,0.009274654147229368,0.0012976854229683234,0.005818474680894203,0.010444180933685829,0.014129366967403538,0.027848326224713595,0.0019331513139382956,1.019317457295615
0.009939941123754254,0.002508321766305272,0.01991890124276803,0.006682011884014799,0.009755463406726547,0.021218767599406434,-0.004088505768751031,0.007175257125811074,0.026306554765183454,0.008684863247272447,1.0243432485551247
0.013650917210004313,0.0344838531686884,0.024596367486646276,0.025847545839105136,-0.0009164123012311773,0.002245792836549484,0.014635500270156691,0.006534265054009426,-0.002470630586679106,0.01629816383344349,1.0269803444059327
0.011135406180541497,0.03605859121649429,0.007253505225460484,0.014951915794047088,0.0002712255628137747,0.003939732337302684,0.01734160782802911,0.004284605201467501,0.010071834700260091,0.023282007702666162,1.0260722562492877
0.03129294603770201,0.035224154510094335,0.026576294964438796,0.03812704309874072,0.026646730038692404,0.013133529941571145,0.009509782810784743,0.014124042646363653,0.02157100827932586,0.029305832520492802,1.058122798467953
-0.0030326268278199828,0.013731719442953531,0.0011611992438600588,0.02626225447441212,-0.014388022732997826,0.03214001979301726,0.013124036611533389,-0.0015939757701048923,0.02017691313615274,0.0037826656789155333,1.0216155949666061
0.02394493009131759,0.05088335155133265,0.02901514144875248,0.0517640703140248,0.015196019109651227,0.029481541386170377,0.02205662378780739,0.014410483467946277,0.019514773264613185,0.01806226540460099,1.060729068739373
0.01676437113003982,0.031012427080609938,0.050715301091531655,0.03092599740559906,0.03461377432374657,0.04810547865110027,0.017852929048797712,0.022402378536822823,0.04074596845694514,0.020728219117711638,1.067795349116541
0.022888115236743,0.014460169703955326,0.009164656869925679,0.006840574666756949,-0.005763797163092372,0.008737662165981206,0.00525907592835043,-0.01086256194141455,0.016171333465251368,0.0032564094145597555,1.0074011308303181
0.017467896876869983,0.010215075345600497,0.033399650964020804,0.01717041590257924,0.002998160126887481,0.03299314246459967,0.010755702487932456,0.014042502056354723,0.015814789983135492,0.03468156886260128,1.0461864877259814
0.02374486346433726,0.03409677834815873,0.04446674248054524,0.0196186293953729,0.0038952744120640103,0.030264288990897812,0.004712050712846132,0.021250381632556464,0.017702345482480362,0.010040049419233591,1.0410048974343324
0.040267209586150286,0.031187145798241344,0.023850530845931597,0.034993820577875055,0.019809128664781347,0.023883836229177155,-0.0021427598262283437,0.03486606984671663,0.03410558858904801,0.007614133095464232,1.0578589098156481
0.020827443423767987,0.009038089596567421,0.016151530127555453,0.010234059465106408,-0.01377158691733341,0.02105215495250915,0.027014543555608173,0.015282475207136752,0.026484688690138772,0.03012809325290624,1.0336279157615147
0.004032827805310795,0.032956882163787574,0.010635996949477734,0.03291820932664366,0.003454668489767598,0.020682059796935142,0.035469233182867134,0.01902290829553746,0.016297320574808594,-0.011562663385763642,1.028909546092631
0.012712610576604819,0.018854044369502797,0.006268086094872139,0.0325171401703552,0.014291359170130058,0.023301615534469612,0.014819075170180121,0.013953911584587989,0.019585512859818462,0.019424587349089417,1.0458969952229653
-0.01861453339877603,0.019510813947987482,0.0243320620759648,0.010010796855774436,0.023654646477249942,0.007075027282654679,0.019060701195094953,0.023679533110493582,0.024390306799530824,0.006063397928416198,1.0283046046218127
0.010263361609148787,0.03282098307545142,0.022604828816358828,0.018631128135182327,0.02057767482799451,0.025803907932467302,0.0010734750889676526,0.016226575234573624,0.010141956820546798,0.006008423028974447,1.0370411866285982
-0.0006326517919599071,0.024705434499807038,0.022194653302391395,0.0154230087914528,0.012272856257511575,0.001843595555161585,0.01118960583408944,0.017147465852964346,0.02462367008130089,0.017608159233384532,1.031381161514836
0.010054627657527012,0.028158062180862215,0.04238141035243402,0.018348619178183145,0.012757614700836873,0.00756082488652062,0.040234044377759334,0.017458514335817108,0.023534361715272924,0.025905040006373423,1.0403627273969638
0.010858255905767902,0.05443893602295301,0.03330014132348363,0.03451403335198528,0.026121682135828144,0.012930629334623085,-0.0031807286165736227,0.03000624666212625,0.027106387221389618,0.008910372912060144,1.0527260689220694
0.000950236251655294,0.051713293618337125,0.025174975096110826,0.0541388471502765,0.023027362812324988,0.03724465583945504,0.0025526932956912093,0.007769319284255116,0.013491073977239981,0.016683694045936455,1.060009584114873
0.01567351037130226,0.024143347976196734,0.015748602170393672,0.021887193065515165,5.990541584810494e-05,0.014027437731315862,0.00999551768987556,0.01971671455766679,0.011239615325123244,0.01870412881779247,1.0360618104570405
0.010561133475438592,0.026063142773392858,0.0369938117460575,0.036614730728712255,0.022350238636021234,0.03570663486149886,0.008383649802484176,0.01722936322411203,0.0048540738113455086,0.009268424105299926,1.0499373463775505
0.012016961699650688,0.01756461354797328,-0.003057672242246231,0.016453547296324644,0.01769285295677204,-0.004918689140936346,0.0051695605365680766,0.00995643517932182,0.00038829235701705843,0.015594912252487693,1.0250536828451615
0.009558134827476111,0.018602012263822035,0.016921299450356267,0.0408109495332212,0.0058892751642935885,0.0035644288504598706,0.0066569364559970895,0.021854452552833904,0.02207248341950143,0.01826264514559386,1.0439894376675583
-0.002823840476703277,0.01429227317708171,0.004789718270289248,0.02838654829369952,0.003362376423291712,0.010307577911375054,0.015523149383914133,-0.011887082738541202,0.01739525891864327,0.008190853471926855,1.019138893959538
0.014636794247527401,0.016573489891133587,0.03173918454152923,0.025194891332024905,0.02050549382839647,0.033733849299530994,0.015316366210718845,0.018648678265604665,0.021009167911254727,0.001662936660954028,1.0419439323067088
0.008227327693166048,0.030534332020734238,0.024479465096638196,0.023135213076498184,0.021798023392107707,0.00620016102879468,0.0067813868445228374,0.01662245844816195,0.005162140347279471,0.017006806559086082,1.0378537939055397
0.011691904057524342,-0.0051544740557933,0.033829277881757824,0.011948207144468134,0.02168042688309852,0.003711563475346749,-0.0006291499826179565,0.002716616354539507,0.015192182715683393,0.0041102390441060425,1.0197475920656345
-0.01511870042751913,0.03924097419837256,0.005657546843944157,0.006574333905320501,-0.0011776814495676599,0.01760057825982575,0.013602461529257308,-0.00574681605070162,0.01882374665840205,0.0072959178821637004,1.0127280051412741
0.000573557376149272,0.020393073023744924,0.025945719147267936,0.010041401126095395,0.02709891376968058,0.023072537304411216,0.022729737566466277,0.005007697761340335,0.015707588865167356,-0.005623613183242946,1.0228252595743117
0.015776133872069678,0.03296012150128996,0.006212127889237588,0.03879774265646756,0.014526119847652518,0.008321024621644628,0.013539396533668487,0.01143312045846269,0.026053683813628825,0.021250886391280185,1.0463841769359639
0.0029320247181867636,0.03076537654749211,0.05126159601867532,0.027069621880652414,0.009034291694539636,0.024357013799585107,0.01880395573715695,0.020122223250830927,0.01960550309563333,0.022534469994185756,1.0471699330083477
0.01158360804682096,0.003206598680380224,0.02209753044950351,0.01931061516359924,-0.00528888624933231,0.02672869567614293,-0.005840261022202881,0.022634104069282433,0.011643585886242827,-0.012354818499424552,1.0218762301403927
0.02435803181358372,0.0070000874345898315,0.03436766995388517,0.02677408367355333,0.016782968938278325,0.03431953805077448,0.010724782906766813,0.007903428698620539,0.013672794231200127,0.013279666126372745,1.042833501923696
-0.00802729539734635,0.033319850683060676,0.024699464377173817,0.028809468405564226,0.018824041158304456,0.014927787370736212,0.003732804085583568,0.019546554038487002,0.01548874194685075,0.010258134484062523,1.0396715123848868
0.003736812121405971,0.017453768324945742,0.01753118425476648,0.01916604254938621,0.01904673614679361,0.006602834514639802,0.006185994557163454,0.018843089472701347,0.02568966671849992,0.01509485865327692,1.03596466849123
0.020033624133057044,0.01844954847022744,0.01829262193044699,0.014138067811994979,0.00278547227750726,0.008378204645606815,0.013847807922891819,-0.006089707368283893,0.02130101612750064,0.01912351852770035,1.0232416263104032
-0.0005459970972267469,0.021684515618299975,0.020399629188037414,0.025503012445011856,0.00602173469785888,0.003964264667875036,0.004710962608038665,-0.004755288121760906,0.021179180600362408,0.023967615938726032,1.0287939039933272
0.03233884681423637,0.02388837289614683,0.013436298118773064,0.00882415299485248,0.004716844444942843,0.02567213541145637,-0.006503234058218604,0.020449385934781846,0.02421812676803492,0.023481934118106403,1.0411667490596763
-0.004748480607654622,0.04671509410773729,0.0018581154281643343,0.03170049354712549,0.0018019112244906602,0.0174649279125059,0.007445720042171998,0.0027132462581921394,0.01008218015787785,0.0065319382893175865,1.028571459314456
0.0198684936970872,-0.004537606196444227,0.010047428136211956,0.017452489496486912,-0.00208966812359224,-0.004893473640438647,0.00857093686491044,0.02441541704312779,0.029119314749737273,0.007720242419130961,1.0244645076732732
0.0071990074145700765,0.012566911378265773,0.02453691119427718,0.019000808302913313,-0.012515906168673718,-0.0005845405722071529,0.012637277033328885,0.008080931340858038,0.02154089158585623,0.019636556081728988,1.022165355210932
0.001854833324945778,0.024822986856894283,0.01969956517391528,0.018116861964256544,0.008426452405123835,0.026421077873732737,-0.001455458305666001,0.02219503192064047,0.022748378886250874,0.013458216948683311,1.0390533395068842
-0.00272709566412915,0.029576356163324692,0.018378431903375875,0.027962579228484274,0.006963906262549686,0.009842695863579491,0.008338653073740569,0.020911321517064974,0.02128912589906488,0.011759883521183132,1.0362605019052373
-0.006939951094410042,0.039685641182122276,0.029122893954515425,0.037386354980849676,0.02321674809777298,0.03238353446417004,0.01571259686151528,0.006334921958679553,0.01944848512672251,0.016128961445668524,1.0489859665296644
0.012276436871357876,0.019050099519387142,0.0286128923596482,0.010998960089400272,0.008807600919739105,0.012092297779844226,0.0035255381550212874,0.012095620069040768,0.02397131368632925,0.020690599828956747,1.032299199369577
-0.007331349938521418,0.007461853019092978,0.014640948053781773,0.0077557749628379,0.007357571133404316,0.021751750605207537,0.022849024920852817,0.011282477224608902,0.012848270282425231,0.008885520466361945,1.0222573222105955
-0.00800343562089182,0.012193815751925772,0.011456118057343808,0.010563592125363674,0.024146237470396258,0.03751363699986536,0.0072271802519423105,0.021636768104829493,0.021033455470811282,-0.001672384823716168,1.033522990161127
0.015639601640531315,0.027424365426380753,0.055170569329950285,0.022914516953708785,0.012206945016557688,0.022491613101473563,0.010851367698151773,0.022951685825292893,0.019222198431357092,0.003542595922907399,1.0391206802710884
0.0070529786089242,0.010335331413780076,0.0316276955454814,0.013384392581500868,0.005681412254099809,0.01993009141941865,0.011667883327396777,0.008613828030312989,0.02845018098982305,0.010916536597973118,1.0281154324845958
-0.0031514184598255626,0.040420618009516046,0.04311193039786077,0.027305799150526347,-0.010822352131809047,0.0339910179604541,0.0022200378771817537,0.008330675413222657,0.03233802128773405,0.007472517630735266,1.0341539232560224
0.003127204410337349,0.014104961348818681,0.020556858180689294,0.01791963840264211,0.012983839701311478,0.011978572911993689,0.012604310807298878,0.017160547536119536,0.004097928582899866,0.017386019178087603,1.032859515437202
0.02199040505564199,0.020945473002160424,0.02914603476721611,0.024721940448710615,0.00979923378153663,0.018646688226846304,0.0022272326852234813,0.009742835239270877,0.02506089020129426,0.024942267079093524,1.0433858191457959
0.019636178261211033,0.029977432448535193,0.02258406684215781,0.030326028101246395,0.011984347868265428,0.030231394063972093,0.006209232598168833,0.009079092185144055,0.0021565315495158423,0.014004766510857008,1.042130295111592
0.005550478180912758,0.031234425218145914,0.03212654350317031,0.029344770840915666,-0.0009584924811549926,8.099832629688414e-05,0.01793557013226907,0.03611272438531176,0.03164844474343227,0.024353177651123208,1.0460354062318067
0.012120465585225415,0.008117021862247468,0.03834604278330429,0.036513671598093496,0.020563273388164178,0.020916205356116702,0.006664186545415275,0.0011032755995211765,0.030414606858193284,-0.0031662120175128677,1.0346525019749941
0.013008693448698929,0.01583239519669436,-0.001352487176749552,0.026109898423450954,0.01426666522351161,0.013136025677012322,-0.00350981860439159,0.009080908675037325,0.009701702249432816,0.007117100168164481,1.0307863319967903
0.015343175227262803,0.034566010151916196,0.02407100924381923,0.029106672313103866,0.018332431421122838,0.032556052544621496,-0.002287537812272273,0.01135072561127827,0.04604573227390041,0.01746621239916839,1.0517930863809275
0.006670110112933306,0.03518497215610599,0.028515565222449704,0.04274045675184525,0.034135743591228666,0.033800588402621234,0.021535686081444794,0.021958178111992098,-0.0014701347021801835,-0.008448346488693246,1.0480888463176459
0.010162172953595072,0.009497230891082427,-0.0004631974545924386,0.01768043956331284,0.013163716205641388,0.0252680372494615,0.01183954641528671,-2.3044462549484668e-05,0.00964485222315373,-0.005805985926731696,1.0197304212562273
0.015958204203907925,0.013221508306360177,0.007689531226667533,0.017430133782306064,0.006734695262444625,0.008675223656541735,0.006818961610602222,0.02069594857311982,0.016090359391223743,0.03025225317833623,1.039772728283273
0.008923017242340254,0.014713459804840774,0.03269036328496996,0.035971336855115034,0.031609952658706954,0.030161963672224287,0.015047998458757244,0.04281286904561557,0.037366801033445154,0.009676793788640389,1.0631991458724341
0.013340376597931304,0.01573734310104419,0.005536797920869886,0.01698157318896474,-0.004495270131417762,0.009751163191978142,0.009001211328426042,0.0057905838835700186,0.02383062924637149,0.0015417893370709462,1.0179599090038656
-0.0050086285378507355,0.02271272937041212,0.026262448442831637,0.026809799572768564,-0.00019800291963219425,0.010848721666423576,0.026822233298676813,0.019858318865316874,0.015111344472599153,0.009921128466258918,1.0311841810947133
0.030655091276434343,0.02885638003076939,0.04570994943198305,0.03789799222564521,0.01901697853937904,0.019941501646333157,0.014091604911398546,0.02105327408220757,0.04373698316987158,0.024728046987146833,1.060908209819256
0.01027197262369109,0.034523590306015,0.011652279233731341,0.040916098402187955,0.019235094548511918,0.014116978414107232,0.010918928536200018,0.025573158534482478,0.00905903260795283,0.007014009187339304,1.0468205883150439
0.011908973960541103,0.04119656810176373,0.021521543597044727,0.03787804231399207,0.0370149496116182,0.022842634564007244,0.013854492913297474,0.025437544436105495,0.015170960763005139,0.02356603694732104,1.06282610420131
0.02724256928992652,0.03837328110760621,0.022204680912416123,0.04643934917792111,0.021716722007941634,0.0223381841817046,0.010082074120075866,0.017675309332616372,0.03304060973433391,0.019368640826618603,1.0608539520148306
0.01652346120885706,0.022648067537454856,0.04430903061321805,0.03526906818073085,0.025692632889629557,0.014941185968688783,0.013158617847838873,0.03222709866847655,0.015966217656028566,0.02480249890612681,1.0590304841593021
0.001559104040478044,0.022268199756174663,0.012175274836468446,0.042578987851027934,0.022639928868573852,0.02512392511476226,0.024733340686385264,0.033224574037305304,0.017008326362185144,0.004996544617616088,1.052716202957338
0.008916618817782104,0.017265281714213765,0.01694213690095933,0.027413667557801676,-0.0025471076945021293,0.017036976452382883,0.02891166079043196,0.026105134979613767,0.02441458326948917,0.02329943951081377,1.0433934397754352
0.020403953591751994,0.04879240435762857,0.022858373958183374,0.02462401558924166,-0.016877110466218412,0.03456450881947586,0.02204909902218174,0.02818930397374899,0.01662519341404875,0.029561724512327983,1.0501511598667812
0.02440976144427604,0.011249878009168553,0.026405637792563743,0.03990459779384668,0.01775006326882442,0.027180942840333663,0.023895998983736483,0.027882724676221177,0.030562968280154357,0.021018581266685578,1.060149063880217
0.020168206367695944,0.012659757179229202,0.03316186676729815,0.018095486177021274,0.013846126798081513,0.01394184079755312,0.007921766243755964,0.011434070495694336,0.03148872396185225,-0.009624536557825986,1.0243307751117847
-0.004335954118903534,0.01360793289624532,0.01333898979282082,0.025511822742993885,0.009717413524641264,0.009493219807860592,0.008722429462971491,0.006954963948636606,0.018244476195071472,0.009856858605179264,1.0276661773927895
0.003989345826024556,0.021813420620371202,-0.0007835129753593628,0.020942707069123396,0.014466123434137407,0.011471347185408438,-0.0034361139749922737,0.01298220658648522,0.028533613558669985,0.016837279534603594,1.0357212526449373
0.010085713762823871,0.021951414923170435,0.01500675350285179,0.014099891082713898,0.0022719904050712055,0.013500637527255827,-0.0034849865623312543,0.0023085143315863072,0.01707981910080231,0.003675597501450553,1.019197790087022
0.011030074477728555,0.016968214460009273,0.028350599931825284,0.025690896038325976,0.014751337639109059,0.02513195087852612,0.004827251943295878,0.002036399229188454,0.027858196510774307,0.013623938911452832,1.0376023453355832
0.010844456490373345,0.0329202652554776,0.025449969406329306,0.027269379007493204,0.032103301531487514,0.011224499839751094,0.023781760748844798,0.00632007422062844,0.011403644902930332,0.021034387935646992,1.0433233209748953
0.0022306316883808795,0.03188027316142075,0.026202801622750314,0.030144744575601696,0.009107124619416375,0.018928162021172097,0.009346627894528552,0.00583943085656789,0.00958433316412714,0.0033769775876184155,1.0305201010297016
0.007067489818180576,0.022300792332850126,0.011978438292426919,0.017493744288060144,0.013660333325117844,-0.0014789414919285059,0.002252562560892475,0.025264959746512005,0.01350473805467311,0.011938382846417912,1.0313316459165078
0.0023869655217928637,0.00939600483057393,0.03396138452292775,0.028959607988250126,0.012910189404900489,0.007591293185413779,0.011159036540784964,0.013201934093871128,0.007676792014670018,0.008151839349334448,1.031023376479775
0.008961060495071026,0.03522348446584535,0.02628368022129813,0.018448081990517617,0.019666732170246844,0.011137473038183642,0.006044515131269866,0.025918450364735092,0.0076356815856536645,0.017445273446090134,1.0411688346619952
0.020774966065485942,0.018006192439602157,0.034253972442848654,0.03159641050749212,0.012075089991332968,0.00980784652860695,0.012762555924902705,0.015709115087770426,0.014287240708933086,0.01956688821157353,1.0426304366671875
0.014192493120513931,0.014886552076661737,0.015001326649513138,0.040369914059259805,0.026120382481503904,0.03924206100875321,0.018210315929127308,0.008954330939945907,0.0205562253751111,0.017429958865494376,1.0551440864887376
0.004757532480092329,0.028295700325608773,0.02431008664819133,0.04410370231034198,0.025150963763645732,0.013293340876079626,0.02241248969348262,0.011998158641188176,0.0054921799910113735,0.012284655764980442,1.045784564363823
0.005088351735246075,0.02825630369472453,0.019240886631772307,-0.005305270892059212,0.0074375959801682,-0.007305747648715638,0.010494432646752193,0.0020683483999843297,0.01129388937658901,0.011843463336557867,1.008558636153428
0.010887826493768326,0.0011017031941166454,0.01935657559661192,0.014237160626634191,0.02487490047249235,0.0002366484057360653,0.009143139582761774,0.005275639597807467,0.022085387592770178,0.006342669419629256,1.023341242071152
-0.011613872920124977,0.006809943680819681,0.014103791008034813,0.012395947977252129,0.004747825315164211,0.00917196695794138,0.01979944757119582,-0.0035498693466197145,0.006571775226672134,0.006386017517152917,1.0116345217754357
0.027390788764352164,0.013764517926427825,0.011854190111528303,0.019747890472808918,-0.00746538267867632,0.019423799543372505,0.026230736718243667,0.030292127082065724,0.019919951371827407,0.006283913899822824,1.033970435238769
0.003972768209862717,0.039742606454769916,0.03614255502911327,0.04002927569657694,0.01147317270295557,0.0425296468130204,0.0035504467635576846,0.01154888255408925,0.02689304537919141,0.02394639836303563,1.0580494714991417
0.018666018090849397,0.029224935264625638,0.008355116763543138,0.0103507805474427,-0.0020609559924983176,0.02083610830028541,-0.0015595162325079265,0.010364068305526858,0.02422010603978,0.02131780570854106,1.032093955606975
0.02581537017893645,0.03462236817443336,0.01068977606912163,0.023717892641618978,0.004880506022137481,0.029236397618005634,0.02581284310517083,0.0068480977749891085,0.02265971473081215,0.03386832192571908,1.0482201373435065
0.01404809909033689,0.046284058250903454,0.029813706720734218,0.0099066824757227,0.023365037302217652,0.014005410837191687,0.011515043736905053,0.02515015047434266,0.02493896872233091,0.025951227067825596,1.0465249309511717
0.010925706691114518,0.019730016208254087,0.02548735226858142,0.028710251513661435,0.03320912728985912,0.031186581433885315,0.009603543839560403,0.00014059734364850127,0.033413831576716915,0.0215479781317734,1.0499829605331898
0.010571898585151196,0.01585609978086045,0.02655760597949998,0.021455107605655284,0.028063981688997347,-0.004750587425573846,0.005748997684417508,0.011597286315091338,0.016171708027672368,0.0041361930222501495,1.0280801461374958
-0.008358129588872897,0.037335144448720624,0.031158623794356875,0.03802072573701948,0.020245151680470135,0.008122313916091977,0.031212421013828182,0.02151261596166248,0.01013150435534406,0.01908821909724132,1.0466898008023575
0.01865998515456661,0.01606612944409201,0.053453413479001274,0.0424500982264389,0.02240156887110029,0.021621510495305595,0.006007788465567224,0.016066660547589755,0.03313463296863475,0.024084549184963215,1.0589543508889512
0.01518810978759761,0.030674343541425897,0.019878256820472198,0.03585765859400376,0.014159134488856041,0.01988809992941832,0.015905254459777078,-0.002331628629060452,-0.0011383805000340572,0.008680108030730061,1.034190924314676
0.030940226328565235,0.017255309007466878,0.020347558148925648,0.020696513616888287,0.010032574296870777,0.00896001348185729,0.02673015754721978,0.02032544556317948,-0.0038277639985718655,0.022681542346415118,1.0384969249709526
0.011581196758500622,0.016922931902686934,0.030427816396543052,0.03474251649922045,0.007221389125964308,0.029164965333092728,-0.019032212475820924,0.0011283297568630002,0.01565006881645814,-0.001726265317861117,1.0320494806929086
0.025221966892949078,0.0006026718039446304,-0.006736525836110837,0.02194146856071131,-0.005311519943527835,0.022499417808595372,0.009605043663530769,0.018640164640669456,0.01834602996519385,0.004748383981541899,1.0294918759344522
-0.004875142269665867,0.011529579905250453,0.009610055136838913,0.02829633770230871,0.0025983427543691037,0.03239280418501169,0.00014793038664454201,0.027547343316913643,0.013812643766417821,0.011417054547840701,1.04165871060765
0.009863243424639866,0.024370707067189832,0.007887327292593903,0.03872535337249065,0.0031560856137214056,0.014066814112824613,-0.016179201912339056,0.025402186784872334,-0.009065959120506993,-0.001385419203256643,1.0342591553661717
0.007987350114426788,0.018612011319171888,-0.0023835571314849632,0.029716119487859734,0.016749581769737874,0.0011785267543713493,0.008084480806662499,0.012618511069101399,0.018454150231172545,0.021797146471242056,1.0383291121655631
0.027788993503667352,0.02113201368594687,0.027892713319336244,0.021347815807401974,0.006272982554487429,0.023610935170201016,0.01082517548898506,0.009141293025651693,0.027818422345823917,0.012830972465144131,1.0372339367246555
0.019902970096940968,0.023460397190853372,0.01303807654435274,0.015427061904162251,0.02531625596307053,0.014451839247912452,0.012680038426486986,0.02636357611628557,0.0035808699542905307,0.027196113849900554,1.046686825287249
0.014333490024264522,0.036012432433935315,0.017738467643108796,0.03990675597232861,0.0020482625933399695,0.01670647060031265,0.010974658816768066,0.006753292972010785,0.013217698250225063,0.019698992429730156,1.0421943799140982
0.008149011079369007,0.014083275544915152,0.018854922769050184,0.009686973821739529,-0.004793350033923538,0.0257384890232044,0.013439031139628917,0.02034003047874732,0.017187220196589054,0.0003945849902818122,1.0232942020851812
0.006749563677133639,0.03299329595773156,0.024740051335694773,0.027990816591601377,0.026884444305116495,0.028922207210789586,-0.00020110035850373978,-0.008715231836618993,0.014221611348000514,0.018886444075776842,1.0408201425034906
0.018881511730118816,0.03367830282675762,-0.0014625028467304072,0.0022955837281452007,0.00046913018421634606,0.020616615738004287,0.008254929067084155,0.011779644252759269,0.01666362612906937,0.004333044303195173,1.0206549328333938
0.008877321586305706,0.028658303885180127,0.03906602727614082,0.024712481030341737,0.007265644197703213,0.018409067717567944,0.01983030281412728,0.014690868760543799,0.041749469805239636,0.025558581782981624,1.0458703434557355
0.008669041033787205,0.00507542095274054,0.017127103739741332,0.016303076891492154,-0.009380026220014943,-0.009297713670194928,6.496022590255293e-05,0.014475638118736787,-0.0036875226322158963,0.0016129769699735619,1.0096458189956115
0.025045950851727637,0.022204111912871992,0.024213428887514092,0.040839133695538835,0.0016076351885459805,0.013453263381522744,0.023142315082268168,0.0009315036996266676,0.026944962015195518,0.016452940743653846,1.0396092183793306
0.005726958887909002,0.018060891340278867,0.018862574991353836,0.028654361289795302,0.015181513651668914,0.016987161040645432,0.016144696648089346,0.02480202929612331,0.017419722571018155,-0.007543106939131419,1.03307054355163
0.007156087055331165,0.028806399818984293,0.017924285301364397,0.024220861895956715,0.017360944014285496,0.03785077992316851,0.015689506638954333,0.012227137310766138,0.019883933085881232,0.011218919992096099,1.0433993527473129
-0.0051369606889485765,0.01774319633375602,0.005206736540711415,0.02037252427642641,0.011545328721507353,0.0007464798587734668,-0.008159284494719142,0.011543540664923836,0.001765388886210497,0.01596793052452306,1.0260907628857752
0.024768141144720937,0.026201436152778645,0.026849381737955064,0.019521395388041405,0.011186492291964372,0.0012393996838006467,0.008274125835107105,0.028424280350229522,0.013558667031994162,0.014155060698452869,1.0374110994659296
0.023058943789338534,0.02022860197336602,0.003950151526075642,0.027227520090574955,0.004786701854364095,0.025082545009952585,0.00820882189361204,0.010588168267468683,0.019293453116990412,0.02766460988224604,1.0451627596199096
0.005451668718582427,0.008721132032821566,0.00312637834223424,0.028687694418951387,0.023207973411587444,0.021516808024934136,0.009523645158217941,0.026304593086464965,0.023895951215350996,0.0034275250196609316,1.042192001871174
0.01586291419593507,0.027757293175793438,0.002511279509224768,0.013181261754239438,-0.0037585385371695246,0.004305249476137691,0.0070987609668077805,0.021235897110668214,0.002973370857114384,0.015869384263779346,1.026213829291527
0.013216421217784664,0.029021338730039533,0.0024018069973632903,0.005549830220547948,0.011707620286167402,0.0106684481285025,0.00043422474822439,0.008746915717403327,0.029761632891008798,-0.017556333335276432,1.011569270904906
0.009659215834726542,0.010872188323581979,0.0074503681143672125,0.00834224215141471,0.02040159052933012,-0.0008142500924767024,0.018235432319382766,0.017523272982135754,0.02435797063429497,-0.0011756365324736787,1.0205475909710855
0.015045607901123402,0.016822517351211836,0.023059242563463294,0.020588808667004764,0.011023288702165169,0.010748094415332275,-0.002432332729680256,0.004922325274361513,0.011824013382336188,0.017351559582118634,1.0311883790741994
0.0007110404192066273,0.032018707807072264,0.018551629594300338,0.044764416653710455,0.03510371382584395,0.015708531612020096,-0.003826907127079218,0.014838222650336075,0.04452813043229163,0.004490226007912997,1.0516219907770785
-0.006054494069078454,0.033479986310296674,0.0294450586725885,0.02289685210834673,0.010883589285661901,0.015329803038787223,-0.0015220113935566267,0.0138071807311345,0.027943316026879154,0.02014968792941187,1.0391890366483991
0.021908244697691148,0.03828737731787173,0.03488362672238701,0.04503164649898571,0.024469451186423373,0.0089765018164808,0.026013756003101296,0.04047747232914409,0.009134441670559603,0.024382853992615798,1.064850958927055
0.02217318796805731,0.01767613575347146,0.02028435597107724,0.003067016107092275,0.00788620736389659,0.014859319702892993,0.034350999733891566,0.011153936719451512,0.01201360967015308,0.012740782412181583,1.024191974747515
-0.0036435223080466973,0.00811928733501375,0.002200360604767769,0.03116634374982124,0.009144421352141082,0.01715228368493925,0.004649628297766021,0.008928647848858717,0.041438356337003546,0.0056854210636890215,1.0332425086810346
0.010014304324871515,0.03794339778362595,0.03448462316559865,0.028435166292738984,0.01350280529389183,0.04361094456817681,-0.0028520840002272136,0.02053076791650254,0.018619750747342675,0.03001267653954706,1.059650941395719
0.017450777414566375,0.0023114834513022105,0.019464103366558107,0.007135242589588056,0.009527492539163691,-0.0037923338706643724,-0.006521573687636926,-0.0029930932788294045,0.009142710513038402,0.0018106884146222918,1.0085932749179354
0.01898776745855368,0.03321042675922212,0.005662789532349794,0.01036789575551202,0.021544031459099867,0.04027629335229601,0.018403352580675554,0.028399499323701928,0.013149351394408345,0.03391466515140234,1.056573435239681
0.013388364416127226,0.023515980534650826,0.02557461883547665,0.02040514872775493,-0.009809470998508554,0.009086179931547346,0.025256756810366078,0.01566909848742862,0.009152690830466008,0.019445447658746517,1.0293672792949877
0.016933912005787283,0.007918292890350936,0.01455158163187411,0.003130951888421739,0.012307423475632935,0.015853787432877128,0.007768912229934992,0.0067082724855686655,0.008344959186948464,0.013569245853046457,1.0228273099863494
0.010714669729291929,0.04411683026606253,0.04254751287858231,0.04805231086654428,0.0209219357167352,0.022740698378790416,0.0027347526632903983,0.0091375093275668,0.013610387253004575,0.023649464394424183,1.057173154293724
0.00045041573407058645,0.024652760411214926,0.023117913841221395,-0.0028945368540005297,0.01670239151620731,0.03724020005305284,0.021463950687768373,0.012635899964845874,0.020711806968610975,0.020009938423582035,1.0341220330340977
0.024839807122070498,0.02747676155269452,0.008219131483246914,0.02272524751033526,0.013951813089243613,0.018695226855497696,0.03031315429381737,0.042353497934491474,0.014425574284064583,0.0019070117854175228,1.04388143828486
0.01998746782549019,0.01990837688389598,0.03542526217853848,0.008202097394921407,0.02000482387534173,0.017341258882734002,0.018254464777104275,0.002917391857353367,0.025996612528058405,0.01949266344961825,1.0330982499653125
0.004303223525419474,0.008653777422256915,0.024289159583104934,0.0325910390827269,0.009894434617704392,0.0013585602945102573,-0.01019625155302415,0.0002993689833396887,0.01668206400921706,0.004689565149015385,1.024466307363714
0.0019026657598518962,0.022514690715352816,0.014857627762564888,0.03381843691501203,0.03218235665210215,-0.0017168608379785934,-0.0069356950783554545,0.019128085288851102,0.01586864207224223,0.0002618700210039321,1.0360956430377004
0.017716519430156338,0.0161567928377777,0.028912958971798887,0.026523553902901998,0.01598589006755648,0.022094528467817606,0.021256939902026418,0.02558062007329626,0.03943696277002456,0.01844554206061647,1.050640290145742
0.038705817731286174,0.03261762980257753,0.05418675012615325,0.038794271538645266,0.02977604539717537,0.012197194087852185,0.0077781876202021,0.025768911052354807,0.02399575075484921,0.015992756965161805,1.0590392209909076
-0.008921088947851126,0.026967356062617562,0.03784779159100424,0.03914030038461437,-0.004912730179788018,0.01825848034085594,0.004332094457320941,-0.006747888264177529,0.0233292554422272,0.028250884022423744,1.03761457517497
-0.011263036046946905,0.02906396757144635,0.030252564010034826,0.031454990096851806,0.011719399070548735,0.024462049775289176,0.011132259256036439,0.006678096295512059,0.006106373205836575,0.02357867213122454,1.0413686359774033
0.00034889692007767465,0.013325726041597366,-0.0020896134179010754,0.020016276947258094,0.012616864711931238,0.028258824656139783,0.015094693031609107,0.008784506998905001,-0.0010664849474326162,0.004428599626925742,1.0275642055829763
0.009659395876287405,0.0218651098172388,0.012003042829859303,0.0303557428656211,0.008278976841612074,0.018056235973556847,0.0010321998418380274,0.013942981272909797,-0.001167348484878098,0.025695644928539683,1.042298723219912
0.004563828187569833,0.0010443119103049382,0.032897804662041646,0.013080067898517737,0.01506449173802967,0.01556637345511417,0.017440052778061328,0.0021462817764336672,0.016661891874478963,0.008084381378741654,1.0231713142326826
0.017171680207102497,0.036312815715472097,0.019754328946519614,0.02300465342479428,0.009760714557812149,0.012000622849912199,0.01909034437895911,0.02195281099794493,0.03246792534630946,-0.0019781586511136186,1.0334650932355536
0.02303383065126997,0.02118244219605991,0.022585082034806095,0.014344894289993257,-0.00829908466179913,0.012050167512236466,0.0018121528862598494,0.00017587583331718504,0.01338383841840719,-0.0036780825885027266,1.0126703791955782
0.009014560636912774,0.01725123016967873,0.012384801886843277,0.02798056103003244,0.031257991494081136,0.026565636734696533,0.0034113746852918094,0.043189918765179816,0.0028483184681252233,0.0256000779178244,1.0617301278528566
0.005134149112569786,0.04092792912520675,0.049490250610219166,0.0316952247641558,-0.005096824851905152,0.027987943900993097,0.015726850299782956,0.01735304405907352,0.02273339757567797,0.028544184851831005,1.0494054361643654
0.02001058068892922,0.03593867813377274,0.027015713576711838,0.025190070318693233,0.0216272255667741,0.01936769057695152,0.014040028358211202,0.03352034280225088,0.004158545405093795,0.02290286220706244,1.053696897002252
0.02167483347698764,0.014638794725566067,-0.00550429304441883,0.01623902393663629,0.012877596563909613,0.019402622536731626,0.007015217342030678,0.019815089235742402,0.016770442654771563,0.008951488364130091,1.034293916057609
0.0005405832233575658,0.0021319920796745266,0.018178513511383054,0.03018503552608112,-0.009582057293493772,-0.0005586413461208615,0.029416452959474954,0.010558717169815168,0.007367700384579568,0.01667219763751432,1.0240186245633467
0.012263172823453551,0.019588492322375056,0.03352134791620984,0.025912257323396345,0.0020133161087722545,0.0336669209128998,0.006483506652643186,0.01390415297790644,0.01554543922668726,-0.0038337289205258827,1.0318562200098536
-0.0019787962127321423,0.009049225397547269,0.023689671448386327,0.013794110683035474,0.011468635091917652,0.018299419185522157,0.016719814566404485,0.004536411584154805,-0.005133812887607793,0.030602713150763985,1.0318861888181348
0.010187021714059458,0.04793433219364432,0.02357221436638302,0.04856382580215497,0.020400141595802612,0.03959788402897674,0.016441604915103037,0.030263269735013986,0.022507338664639723,0.004960283438578763,1.062116152929018
0.013700886890063983,0.017520809553130165,0.02650283632072254,0.027733575753428608,-0.0066498510141979,0.011738995452658345,0.0020907227588280275,0.012814126449745371,0.004915148164571691,0.03415688963322908,1.039686556185031
0.010744988101274002,0.028416974439193703,0.02673747026130289,0.030047025769089724,0.037991502432223614,0.03289279193746283,0.0263217987633955,0.006930162083514737,0.022701724090535537,0.01350744418990088,1.0505406453665722
0.015382122590030817,0.02316780493222633,0.01158621369420579,0.023014762840606676,0.021412950252610745,-0.0006819505771385702,0.006459910943734457,0.022229491382240184,0.025678260283223498,0.0007119076830092701,1.032282706144974
-0.023877943424930277,0.015597039185134588,0.0031072448069746506,0.019418849545212235,0.024149518258019486,-0.012310565952024365,0.0008210011325717687,0.005157092045997875,0.019311398882791174,0.015791880744190703,1.02237569814205
0.02621107874288838,0.051159564825259324,0.03704790129679775,0.03566919379935225,0.028127888401912438,0.017028348698410967,0.015922605488509045,0.02577547385486716,0.016975156671686864,0.0410365102032801,1.0690019060702145
0.013841395677745342,0.008498251196806327,0.010392839045524349,0.023085601937272028,0.018298977990226305,0.01715178694199694,-0.009235563101506403,0.025297711809806854,-0.0023084394283862525,0.01013902585600247,1.038017011906495
0.012940978487337863,0.03741973903755569,0.04174397127621424,0.03026840713606827,0.022879727632413412,0.026702010172534787,0.0030726069942382823,0.022705334836022276,0.011116898048664144,0.016401398475688722,1.0520531247288147
0.0167078640957423,0.01362364981549598,0.01686510643715602,0.012405578461499943,0.013201757267098298,0.020445289344182334,0.0021950144695153874,0.02168075154444945,0.007310564260457281,0.005178255919604607,1.0308690237654183
0.009970512646483258,0.022569701079542936,0.03023435369587919,0.012482721063311058,-0.0009783007707050845,0.007783797857417672,0.009245763550315261,0.00033636890299380655,0.02524188976742888,0.022635850603910962,1.0253472360212512
0.0173452427258333,0.01367270926853978,0.006162909771134241,0.017204126823969962,0.008888313437805854,0.023099949162176676,0.011171979545197514,0.013014999148896422,0.01521089891649324,0.006622527826830184,1.030528043552157
0.021527874135743967,0.0157220550236581,0.01641476755417483,0.02632893009120927,0.010515324776113406,0.005718823234906686,0.008293569381308694,-0.0009192643981584536,0.002555597872941984,0.010387817975852205,1.025841520713692
0.006516220686946421,0.02422553352152365,0.0040319158804314695,0.017372519583725744,0.005222498044091359,-0.0004939030560864258,-0.0034641649166602274,0.010747292108483075,0.01704905657304258,-0.00028413714460226794,1.0180498982388906
0.017723728418847298,0.03466173225648075,0.028910108308643274,0.04201081159480299,0.016607634430148205,0.017167504479259264,-0.004591420277298643,0.012771517268447873,0.025781417110201314,0.022116927943337486,1.0533096232137014
0.006617685572899096,0.0047666258216851436,0.02416583718441566,0.014188876068338607,0.013299181427815047,0.004667512987692743,0.0008496480877894248,0.027899093034418985,0.004471247573947249,0.0076202140721263675,1.0284866405601176
0.0009648046707420362,0.024290579360017443,0.026865550379097387,0.010769907501285939,-0.0014325691627345531,0.005137254265765816,0.007363014241747894,0.005462684280267756,-0.002184566972245193,0.012216356654907458,1.016414340458445
0.006060108282894107,0.021552247447050612,0.005856199308061628,0.008782248774910632,0.022210317950543387,0.02823584652655966,0.004816151028782441,0.013550741294849594,-0.0055902595699762764,0.01807073998872548,1.0347162686815143
0.02174291464275062,0.006309158382731262,0.04287142993560679,0.017887523285566,0.027150577038358954,0.03143822233342202,0.012010420684764746,0.006986741424995597,0.02075391196633243,0.013002089522130729,1.0412053216249806
0.017433113324555934,0.02469718576648664,0.020808624698310352,0.03400490903689974,0.026089434845302267,0.02729750332430976,0.008825844079131047,0.021269998819555515,0.020085985305938095,0.028730231312122732,1.0600606506222998
0.011784117532177837,0.04516080750539271,0.03464682215036505,0.01955460952870236,0.0011178378033063624,0.028476838992700242,0.01686370720413533,0.017001643113936284,0.025004924243489636,0.03355711301892502,1.0490114952304812
0.018363010835280785,0.018739996657724075,0.019945369467620502,0.03458420527753056,0.02472245910736425,0.023239747356535854,0.01626259040577512,0.011223057263017162,0.0066369910582624,0.007118542691010751,1.0425459711013048
-0.0004029744759324848,0.02277157721979504,0.0342083335596844,0.018898689590522457,0.005402474266304398,0.008425652624354626,0.00594745905456482,0.01099033094871069,0.03297191089375407,0.007156547684728079,1.0269150184161242
0.014712356950758652,0.010819364447824982,0.02535005674350089,-0.00027150831773789345,0.002586493483170653,0.004383625295714942,0.015436218352199875,0.006143764122453243,0.012412441024040209,0.019181101434669334,1.018079838937349
0.023626589658104,0.038749861550455414,0.0034017093950879478,0.03692810130296605,0.013733332287480235,0.028262917164184963,-0.0003859952246559224,0.02296183627386164,0.0035835469624744543,0.012249159414311716,1.0503079089612324
0.015543820758031113,0.025998138381805515,0.00576097812448105,0.008780775031278651,-0.019314849200226497,0.0005692365314297065,0.007804545558105633,0.015491116961933001,0.00461583221930767,0.023583816248640754,1.0200880973579183
0.02631164122617133,0.03158136292829148,0.03660485797022264,0.03600457564518117,-0.0021456249158928464,0.01715802373501045,0.009788292338806362,0.029567198481873398,0.0260180785688657,0.018654316728258027,1.0507412541121908
0.013238013265280287,0.021566622516219176,0.007855371686641991,0.024632021228968196,0.01571711307769402,0.02005276111078345,0.010002948073133108,0.016255040484287366,0.0025751129355312628,0.010039008357303755,1.0365507027316747
0.020113394465578534,0.017906719064890567,0.015484864301155733,0.019482521391870018,0.020421189841351037,0.0036714920475447773,0.009038898469404462,0.014385522442354914,0.019118218605954345,0.016133051817484714,1.0355104685777354
0.025597688714795824,0.03814008427120536,0.006636669696113869,0.028425703351735193,0.01692260807178296,0.0005748517980699048,0.0126577166914884,0.014236560402132989,0.012085796344555826,0.01878005321999269,1.039866426729505
0.012914885519228664,0.021340157713880765,0.01351962752074853,0.021845561078329995,0.010395781329618216,0.025613004007271335,0.0026813366743263303,0.03714634710380019,0.01819505496709905,0.025252524986465345,1.052666404903456
0.01937290880436235,0.01642254137161567,0.010820877048369391,0.02268071035588555,0.0182391069490555,0.0177241017840422,0.007597130392969613,0.011450698996505401,0.022184177797461815,0.017946232968312503,1.040360024850711
0.005203833152288477,0.054769633538922044,0.01703584332586928,0.04070770640196704,0.012471067001129398,0.022349491937195123,0.023400582646719528,0.0017515052130847933,0.031017098843668846,0.01047752006940366,1.0433366119229237
0.009476379905166265,0.016213915920965365,0.028453357564584482,0.010180959468045743,0.015849499890423207,0.022460593951184996,0.026136819634213174,0.0017430396854619442,0.016109379609089508,0.007254495825776306,1.025081586924819
0.012505856258211004,0.020965764339548977,-0.0017821700821673558,0.012386481976824579,0.01670228366657668,-0.014645791569356803,0.012481231419857925,-0.0066277583236100945,0.015275254997759476,0.013965361869977225,1.0148614938829796
0.018846184056205535,0.032741318506949266,0.008598919800121705,0.016114455888433216,0.006017810711288244,0.0061882550084993975,0.004302811292372422,0.016860268470125533,-0.005427696977176887,0.003063126236765295,1.0232076224517521
0.011216745964631767,0.04320562594271916,0.01438810797168964,0.008849053713917426,0.0047498635393120915,0.019257579377574545,-0.006840192315988767,0.00641377635176313,0.008774964369449498,0.013577271826848503,1.0263793472524974
0.01068775200584946,0.031199123775110464,0.02390747013728734,0.02696386847930767,0.02078642162149131,0.01072250977577309,0.005693647113132519,-0.0061252127612403656,0.0023542802371085882,0.013915297611924936,1.0305034665561204
0.012204096981252743,0.03278033045950086,0.02932315920085471,0.034914514894326794,0.026881246408722144,0.010780147892756237,0.01834025067365795,0.027584346785535886,0.023039688504544513,0.009730696794146844,1.049591632280161
0.0252047667742653,0.02200178827844104,0.01572177562234056,0.018283922187785594,0.01689903189668977,-0.0016192512218377864,0.030191908575918414,0.0244538217454427,0.005187449046568513,0.0040461312495096765,1.0294938412996006
-0.010100571907606343,0.04343309850532129,0.015570171371296179,0.03545045405764149,0.04623532100141253,0.011993935302692982,0.01614114995264037,0.04134469762653819,0.024612910958946202,0.031389272175138344,1.069404189725647
0.023657648750106636,0.02360586291048027,0.027787012425130736,0.03355032651759864,0.017497927616380072,0.02760312203615417,0.03102932451974593,0.018700039101507426,0.026384418543163417,0.026170528906589857,1.0565876386039392
0.014945723979477063,0.01620910499986396,0.019120889117974986,-0.012288606053455522,0.017300733368451997,0.010173285961468104,0.004562338586979119,0.033998147398960885,0.027040560463332537,0.003305419592900801,1.0239085038527413
0.004650660756687491,0.022760281215192565,0.008428331692251838,0.006801763775444962,0.01604619492264094,-0.001736564617961357,0.008162380754460824,-0.02083694233941069,0.0075514785356530735,0.016804436391550676,1.0106415987843997
0.021313823251611297,0.003779784788995641,0.024435510141426166,0.011187929729040168,0.006596699836786924,0.014329795331516284,0.011033133570588355,0.006983541939301302,0.014099684361109782,0.005825879306826236,1.021920715815229
0.02250689429986538,0.030255455194416764,0.022801852108696896,0.03813532421380644,0.003464137801851643,0.022208060911552332,0.016473914121357163,0.00853721080847635,0.024916168455671343,0.014263203517042954,1.0435714915811576
-0.006364041302766138,0.010600846499090256,0.02445156284186676,0.011397671433121995,-0.0046410137690165425,0.012943933199369411,-0.008162449199279767,0.014325619427973803,0.004372064591797072,0.018757712955386925,1.0235732910103033
0.00982522665901529,0.016441376535600037,0.0233489702500366,0.03558388802776611,0.02611246463490855,0.03597433911652426,0.012356977114182542,0.02010162613148985,0.02135680639189217,0.011251862936254273,1.0533314375912117
0.017589353947373414,0.03341776705682015,0.011475864725013062,0.01267756791519561,0.006665080171192973,0.018963293515051716,0.011441182628784912,0.02144281848797351,0.007178411112685799,0.01837273045362417,1.0361382956014196
0.001273333407122084,0.008058261779554265,0.01656220029208216,0.007612614644981397,0.007183707154890394,-0.003163767527940703,0.008639668662663125,0.009155358207910646,0.006980243645552322,0.01751476896566069,1.0184397954907904
-0.0002158588089431878,0.028790387640000043,0.04056883376144895,0.03937204871745383,0.004183907919698007,0.00864018682566816,0.022210354047809366,0.008437637883253593,0.020974154135413637,0.02980508226800186,1.0447971732774297
0.017279189340449766,0.024489058014856624,0.034929538081663984,0.005766597301698628,0.006853425040422755,0.017108878048854397,0.02472476568091983,0.01857785232097634,0.017406916597469707,-0.01096974101138598,1.0185252909627522
0.01848793511996344,0.02902810274957112,0.028213180408243322,0.028928942261014015,0.0015167516146532278,0.03678811312538882,0.02636907200663595,0.0037269281250236347,0.02663531847817006,0.013677586721319045,1.0408261509355006
0.03707308334331369,0.05149774184797692,0.02357101154276447,0.0424698842659841,0.02707659176722098,0.01517626588398058,0.01623512972426429,0.022504661277652934,0.0066302644912938045,-0.011097672122765807,1.0448794905919485
-0.0010350945003652565,0.026706646200083194,0.034844505436703005,0.024616873082682716,0.029171837981210674,0.008865626863234232,0.017924447696163588,0.023591587824310048,0.02620274899909284,0.018362168747475816,1.0460941974963212
-0.007251369918215626,0.04533563630932255,0.018127271068726337,0.03382325291351947,0.02669134776390384,0.01836040904559247,-0.00523535491514961,0.019012299349949503,0.025322174221854676,0.019548849832701054,1.0515730842077464
0.02019337162281971,0.03576156362428576,0.003589013436172933,0.03855730865107493,-0.002377099189776669,0.0008324229746699205,0.011135838480990182,0.008091771042161909,0.022198322055705138,0.007465164399451614,1.031437106618494
0.016808712554869227,0.04312674443100717,0.029118498104789146,0.03598209022378181,0.006838556725300392,0.024064834121377915,0.02596335451734413,0.017038884389134614,0.029547470296772183,0.01129394274067381,1.046948020407553
-0.010092469114725925,0.030013735374664854,0.027702272314402535,0.015891865995186466,0.008506136398472164,0.0032825850957246792,-0.0005922108739598187,0.008675970980688619,0.025824195549825152,0.023828122783613116,1.0303721231645036
0.015639974956645,0.015781718666564363,0.030978683303317267,0.013799752165968992,0.03534614461247368,0.004869781864617751,0.01895336017948137,0.013791908229266766,0.014041453664464545,0.009060539521498975,1.0331824474865912
0.014849383042019902,-0.012338895874744116,0.009684761614577625,0.01296239569981629,-0.0035446137467218834,0.006680906631705191,0.01563868237260709,0.011180318080569206,-0.0016335028485477462,-0.00098574779533756,1.0114304172303652
0.0132935753219594,0.015847444943691134,-0.000276558619769926,0.0014881832750084471,0.0075292815216083595,0.002292240111630539,-0.00035326182199386935,0.011700376238662965,0.017673103503504352,0.013995612953595159,1.0195655749558379
0.02169124159018644,0.032935772659905646,0.015992057077562356,0.031693631230613,0.011579959757784005,0.02112696856953384,0.008504237450462904,0.010310718500370944,0.043601053624381395,0.02504264060062171,1.050673651237199
0.01531529531009736,0.023872098965537582,0.03660717927449064,0.011832597280828316,0.016350150275465766,0.007925896852643813,0.004723587571613121,0.010967399447138388,0.020987003819015124,0.01462248998540245,1.0309311875062483
0.008350265943258448,0.01841007940592014,-0.015340537804804662,0.017004252110602813,0.0063744541683878626,0.020213621818500012,-0.009769493239934647,0.011393140979440868,0.006935167290468475,0.002813060873313884,1.0242804121571476
-0.0005372921558644706,0.015127866480724908,0.01795047212875522,0.010771657448810616,0.019081872443493474,0.017788134845587805,-0.01611246754036549,0.011023891503805582,0.02510656872626499,0.02744820488429312,1.0379448367263426
0.004428974994201364,0.00833093043016292,0.0176747793398193,0.019068228219212828,0.009976638745024184,0.007565774909644943,-0.0025036404043723053,0.001531243939751065,0.005001065674208178,-0.008092193267554634,1.0129669860915071
0.035433636476321514,0.03880152096205816,0.011614833790900121,0.027208195209410112,0.006523419114552666,0.028431272835702202,0.012641577752971476,0.017118024595270953,0.02608221729731526,0.0036007929552929197,1.0416334791010478
0.01330978438047546,0.015760855580715025,0.03805203746702793,0.02993112963378058,0.024225009974588624,0.03279108226966857,0.02440096833334974,0.013217660761959144,0.030225060512278846,0.024346457876188707,1.0545527368331258
0.009678145672298723,0.0013535107141633002,0.012208936504426634,0.009568615872085656,0.02164001587065414,0.020962844452088448,-0.008943031523671183,0.0232326860194292,0.010116898325588257,0.028240182135480612,1.0422926438143143
0.009652969605701063,0.015491522283930055,0.013206510008375407,0.023815262209113043,0.00034314080029854924,0.02145203959783375,0.00019326195003751233,-0.0009146110426392403,0.01595513070676724,0.006892970839212389,1.0249777930728756
0.0006879816112848706,0.01622787619116622,0.0014640818859729936,0.025703410744676337,0.014606428215064794,-0.005438241418396982,-0.00011488971272169586,0.014669397162867987,0.02740012685741998,0.01636536084213523,1.0322851560255935
0.005082589698578596,0.03451849184775396,0.022091621818049,0.035640396289351305,-0.01444756739734601,0.017674676390085662,0.002981984017407324,0.0035764193081753125,0.022630175021409196,0.024175155388081217,1.0367362293110127
0.020339604125554283,0.0010891703652558694,0.023343987210748547,0.015931658681983537,0.000432326370936844,0.00669322043151344,0.0063810367133433485,0.008832491021155055,0.019687951965992406,0.005475870014753664,1.0208333553328461
0.00045345381332862096,0.018309863358226847,0.014123576701478957,0.02240149203267517,0.0014989311055594468,0.02486399766220206,0.01565898749995962,0.022926433520528224,0.021187899697588518,-0.0008181246421730057,1.0307774186209673
0.0062711062646415615,0.02062628479078922,0.037967684254195555,0.0004246136952553714,0.011605976327587336,0.02033007530821095,0.006236361630589704,0.006911536301530644,-0.0036601287696089134,0.013290197844296522,1.0217627344382585
0.014296673137831405,0.00629474768027008,0.036746020036456065,0.020548707810025157,0.002737571822871796,0.02701592491603888,-0.009272081212996944,0.0004165528235332873,0.004350287556176932,0.02176890812213201,1.0327857603602888
0.027422447692348795,0.032877449266364656,0.03302872053655115,0.036543023167261046,0.015548376798260667,0.026206204205272546,0.02890452724701615,0.0062299709247005605,0.016374675931993262,0.018241453759831813,1.048584855443189
0.013283515793720793,0.02693585651219443,0.026138725357415665,0.03643416870404152,0.0058399723498896595,0.01733279893025654,-0.006129560476058189,0.019629164787419842,0.01974762208591517,0.02604432917302761,1.0502571765087012
0.01459045263248011,0.022473259092921298,0.021797049924384033,0.0385333354330464,0.005683668469756905,0.017524770162415625,0.01825341405441716,0.0057613480927378655,0.009607013762409477,0.02863786964894741,1.0453638663589795
0.011082078717673489,-0.003230460931512722,0.012710873015797226,0.021269899417774275,0.020965684463615332,0.013836416672711379,0.0002632920044983141,0.010264511416977165,0.017853915343284125,0.00705906008706535,1.0308541701415788
0.007892643764485131,0.0043108521327733205,0.011223214510732216,-0.008686667540150773,0.02756864528153149,0.020147570112891606,0.02558589767759814,0.029982477561880876,0.017871104025538313,0.013031224877398212,1.0313711003754782
0.010507181465597296,0.025263978954712503,0.009600707396981467,0.02104537738508995,-0.0035111611695871625,0.0017566659307940487,0.004317182926365086,-0.009469322085048443,0.014381451393321365,-0.007509748022908476,1.0069959637418906
0.016123689321006475,0.014605702425175329,0.014009360745973755,0.015071542368154427,0.019712442881444244,0.017573797184497156,0.011824989528967388,0.012728610619574952,0.008865473141035876,-0.0012192757177301268,1.0266481568367851
0.00925074525801678,0.011178684052440047,0.03692781550866562,0.033675924517595185,-0.0013725959501353913,0.03450885197784251,0.029789850163515423,0.018640100350308508,0.032535759874413,0.008873341022989579,1.0433278993522543
0.013363936698684718,0.019587713381816734,0.010466769435807913,0.018194424965674874,0.024315796502439355,0.011835693056290751,0.011110513103476393,0.02269605988385907,0.02354578326164929,0.024631389226427422,1.045439318017048
0.020708541593191618,0.014649203919484497,0.02760747533863831,0.017611590727303512,0.01537028586898901,-0.005373417277348077,-0.006781828854153715,0.03703491468568289,0.022742554158051338,0.0019870288815019097,1.0331765093235132
0.0233776059399461,0.003873312628328983,-0.009266218456922812,0.00901196753872225,-0.003173402344493745,0.018482191109414757,0.0016840489184502378,0.013642476772126318,0.004149055907966544,0.018354831794859795,1.025953265985608
0.02412637697802921,0.02007128483420696,0.02325930484157647,0.004756016175856224,-0.014793741389528648,0.00980181690953103,-0.00039699452772613743,0.01929205312828766,-0.002903964639058768,-0.003234579237228641,1.0114303871589354
0.0012714295475074067,0.021603374066246843,0.008010146245764859,0.01310134063280401,0.0040495784681960825,0.02773123650855425,0.0037002592655240732,0.009553595825235399,0.030331426366621138,0.023098451054857142,1.0357766351630742
0.008598617506268294,0.03437477562253303,0.01738846632209562,0.041377208850971625,-0.0006710037711879294,0.009914731055612098,0.011474139715264998,0.005923200423933314,0.03843031399926959,0.009396199062378511,1.0369238037405142
0.01500280919582827,0.009023325423715665,0.030858011043022868,0.02878282549355241,0.03370727198639088,0.005826239340997626,0.0005728682065129272,-0.005530867726821032,0.02095142204907473,0.02175319311281,1.0388417291539405
0.01042287449228802,0.018607607388884295,0.022126402775548573,0.019207283342702736,0.017727046734637625,0.015087047327422127,0.01189913360932681,0.021531785644762453,0.011657273754387645,0.016106624603167037,1.038999591485948
0.02126717341350776,0.02100577117353258,0.03742336329174054,0.02076999438546466,0.008422466723181777,0.009979100456997975,0.005471370304883381,0.019235402673279535,0.01422618813560671,0.019508913624128505,1.0384768961215667
0.007628687875654221,0.010778851769375292,0.025170224754824704,0.035036803411191905,0.004247251967333277,0.010182732687896124,0.0028233478986799867,0.006834332695549231,0.023187162766483138,0.01458559867368242,1.035004502049433
0.015190907005641878,-0.004214040128041042,0.026999687418556483,0.02514964557807242,0.008475124820496782,0.01228970562896241,0.0033364546557476224,0.002626703052474203,0.015244507464796967,0.0060419863044710075,1.025588658197123
0.009144720782071881,0.033130545625042,0.021711556113411377,0.06304344097907769,-0.0029936621717574843,0.017107795901243242,-0.006094069425117135,0.022280583543308072,0.008364131219037198,0.02583046619423107,1.059105613341244
0.014703324824763523,0.003874938656768292,0.012483254562097406,0.02354398055528371,0.0060297617291503545,0.01514499867313276,0.013769799364695415,-0.00011714776903315113,0.0035420835529059932,0.014503937956365905,1.0266005900867772
0.008277395469794937,0.013910750873244488,0.020900924885596615,0.02889954329475387,0.009889808441317661,0.017263779584713135,0.02286592005995951,0.002848658724976947,0.02972492834789033,0.007314445681188708,1.031779082769014
0.022930773635931337,0.0249195298105106,0.028638585998081917,0.02405953812198138,0.028997954388318252,0.022668770667002874,0.014134540435914597,0.030303745478283402,0.010874778493022569,0.014047395981574399,1.0512496004568115
-0.0053679221658490955,0.02182765787341831,0.020781264789720783,0.032967160933617616,0.010461698446925259,0.016378282250586698,0.019828250504978735,0.04560372522978849,0.03072432531238308,0.023682566379237824,1.056805544483786
0.005609685295137451,0.02071454048404591,0.00551938823322487,0.011783027184934321,0.001696171474434645,-0.005924882053151861,0.02061767591780874,0.005874902109333361,0.008540906047944385,0.0016041791026304682,1.0102624332940031
-0.0002018061132995578,0.011537011113293378,0.011747165208855149,0.012586962790376879,0.014040536093300585,0.012433958732498317,-0.00016287713632160122,0.00839224600171638,0.009684299786953825,0.016707707979346904,1.0271373574538245
0.02094806437530358,0.009734354445037417,0.011867380492433788,0.0037392817208848905,0.007781484134836186,-0.010871737129947467,-0.00874142463458342,0.029410178601098902,0.025046684907234915,0.009723447107771479,1.0231789433451333
0.002516742013802215,0.008401290080662847,0.02632077105602493,0.008606920756397154,0.003947067224814594,0.021910269249920768,0.014156229998309025,0.0008759520828695733,-0.0002760306055217786,0.024851285281897343,1.0254483131667484
0.024402293167329524,0.03707129567248088,0.03846829026514158,0.0210218688390857,0.033078224732680614,0.03872687336892563,0.02578312400765374,0.02695805320873598,0.01680046767704654,0.014415161800975353,1.056830097575821
-0.001679774528253809,0.024285941679769656,0.04420291961837537,0.0282132892171737,0.026853975965273023,0.030401703409493143,0.014868427532683233,0.023821565286419464,0.027737530969132673,0.009573761205419,1.049754639692891
0.010833791406818671,0.03357347638312083,0.019875168828647934,0.028857677809198765,0.014792378101669681,0.02468428215355757,0.019735535070989463,0.01919262823166516,0.02518348798752392,0.014609815812886557,1.0464620529623652
-0.007569509176602995,0.007623229242145896,0.01702465554181189,0.02240568335304994,0.01861755268338396,0.013705003189774799,-0.0073185911952629475,0.025251629540639343,0.022227882839867808,0.007978872123502683,1.0361779413635497
0.013373392009512954,0.013909889951106045,0.019282961243341838,0.0030857262058189214,0.0067590240967614216,0.02655660624064827,0.015794023634757313,0.022791085841411103,0.017734471121850504,0.0050903743478859335,1.027761709279895
0.0263252212688265,0.023163291530996236,0.0015817658473808206,0.022633050298847147,-0.013766289544771639,0.006713502841391105,0.009175962379903889,0.01576890102174362,0.015410181502865853,0.015223145036236296,1.028186939569578
0.017915589522307592,0.029324076370491482,0.016857742519677303,0.03183369893590256,0.01691671543358737,0.024232510981254823,-0.002221759297100072,0.018353150227010073,0.011223446474627826,0.008884659214215123,1.0442802824956348
0.010316138407465755,0.01276432672874322,0.006894735760792766,0.008163541096997915,0.013646639459187437,0.014620561369920477,-0.014415898157060835,0.014005151030552703,0.0060422893279909184,0.005907976273397823,1.0236119867917257
0.019161457214140275,0.0167769274051296,0.033185801646317584,0.01570910194057505,-0.006495938679786147,0.0076012269138919335,0.019289531836447434,0.016667958926981547,0.016547951287854246,0.005804287208827022,1.0229952931948643
0.0024156634287949095,0.03225092726352459,-0.0005319026114050801,0.035743217323925734,0.015504559117029297,0.00543713065595821,0.03273450838280753,0.0028773910995691498,0.023671132429484168,0.017722837919761314,1.0371229496278132
0.013506422921498232,0.014396852503735066,0.0066879270973605204,0.011371409485256084,0.03402705277247732,0.03852687416819517,0.005796118980470943,0.024843225630278173,0.007282245545455504,0.0008178521232152557,1.0404738131829607
0.02896291442836214,0.014245534768022173,0.002623141782906069,0.015245548386861514,0.026766674618378908,0.012163484026273146,-0.009465306780219479,0.017196160556537277,0.0315069711373011,0.022923085573033318,1.0443483781741307
0.021739207337283413,0.03062711496091821,0.02665529429582398,0.010855474750211508,0.017036856707964808,0.005718607531585316,0.006105289854635176,-0.0007956650642173633,0.0159764044602385,0.01648864287481028,1.026766316594403
0.000306512536912407,0.0029459530955090766,-0.0035529128579484173,0.004097852375235137,0.011583628909885336,0.02401397637230483,0.010907245475963747,0.024731336096487207,0.0009455571001995722,-0.014511210589125393,1.015281733232388
0.02117612703858244,0.03605777195218397,0.013880310110936229,0.023792077340630057,0.02986794659737493,0.011774868220789911,0.005907460809391086,0.002481452725945873,0.023865751146524533,0.003317199392325264,1.0341292837677325
0.005471564956560982,0.012017265922475354,0.024384781858973734,0.017519736842274564,0.012359249453976212,0.029650563601983995,0.0018922534134794425,0.01124267507167515,0.01685417224379804,0.01626281126838145,1.0369196463262718
-0.0027266598443564972,0.040504451894600085,0.03544655952108583,0.04892909550297561,0.0264766605654915,0.028614276273387654,0.01585939509563656,0.00900082668495554,0.030186245751994058,0.004060320400407637,1.0513446564287685
0.022524740278266647,0.01566297628480736,0.01781067079084115,0.032139754406024505,0.016189150504123076,0.010407799377723861,0.026424253813896313,0.018710501917012963,0.0225130013360652,0.01745042828023482,1.0447354297640108
0.023784273152936842,0.005665075587580528,0.007393134360025325,0.02856426874839111,0.005116187413357091,0.020570951457567377,-0.0007298568040243003,0.03485744896284797,0.005362681269518373,-0.0015140436016905416,1.0374643185416188
4.217328321467432e-05,0.0037956709209318283,0.009298103248053306,0.02093314420219771,0.011221465988369834,0.010276684995624886,0.001105893460153102,0.02278454150619543,0.01861545177368429,0.01198811621855141,1.0330989711999334
0.00378467878548964,0.007198036884700797,0.025488850957900093,0.02226647732143345,0.0144522090651639,0.025838567536552764,0.0021859952533337165,0.004481248444530595,0.009884729001239231,0.011758595959244897,1.0324484510606748
0.02108081757419298,0.027451640742757168,0.022822647151337888,0.020345492213819427,0.023332569345705073,0.018842722708546346,0.006862390457786506,0.02151539079888446,0.015840201299082996,0.023723850570964333,1.0484234148829013
0.0032765043377006504,0.0533899489012338,0.02376835471258967,0.03237733446978816,0.00911952395087952,-0.006038880462211498,0.022867783735525494,0.007668166547869774,0.013447865076108578,0.008963641541263449,1.0293059477164461
0.01880849976998078,0.052773118890081315,0.03763056427654103,0.04093218746893334,-0.0037747856977198013,0.02162567666908184,0.02383989981608665,0.013260278015676613,0.01104750934290739,0.027665468443949376,1.0507657539257207
-0.0019500729048293674,0.01836051053150574,-0.002682911497152005,0.010578975963747612,-0.0038949969832313414,0.005302105634060324,0.0006049899841525999,0.0006055703176999442,0.012896881884661511,0.007432216299389078,1.011638164445822
0.018959699709249996,0.019767447155402955,0.011194675995415784,0.014231440265040028,0.015295369378031201,0.005123195784461286,0.010522542497177073,0.008935496931828359,0.01664027838105935,0.01386584486938908,1.0284648177279185
-0.004562646147254898,0.016235605836982157,0.005067529472176795,0.031297539279440796,0.017841929548629766,0.031231213321982056,0.009756153084587401,0.0210468901394361,0.009727914837046202,0.009490703437221231,1.0434156737589009
0.007262008632277665,0.014018344761115244,0.025454716980515366,0.02175987162420387,0.01503013230147815,0.025509089254054998,0.02035596363389991,0.03462508893319075,-0.004264091527056011,0.012324376703543067,1.0431685093916319
0.006410063667484025,0.03804353816936558,0.03437606371792629,0.04044128012694288,0.0011917297019008854,0.01501244771467893,0.024448040544290693,0.010281471081643522,0.03975393217717707,0.040311660815288745,1.055513824249551
0.011300363526384609,0.038803774950546634,0.02932066131790348,0.0582289247600503,0.010067689937977463,0.0037448434693032762,0.017413756142226303,0.017431978589528864,0.020308897503235012,0.004480957441421761,1.0467700209525712
0.017590846502528214,0.05257602820931501,0.02998712260120157,0.04571100207348179,0.015499730502756437,0.029737719482706794,0.02055548481123398,0.01783714332878466,0.027596719695743878,0.021277468961881763,1.0613600601914277
0.018948707376480908,0.017989162554383743,0.0015896607193336808,0.008035892798453546,0.002937104655350788,0.017021063521128407,0.013065602425741956,0.005331158613815369,0.005435734019456573,0.03167913673508581,1.0309372639544523
0.008987742364908796,0.02242441631073414,0.008396839119613975,0.0033691145869132206,-0.021630678027024803,0.023821749117369867,0.01205450205416233,0.006680910051836372,0.020209597538474317,0.009501103080393182,1.0147761974302718
0.018310182521027844,0.027267463489917782,0.027384680867157684,0.0388992985852231,0.024293648095854967,0.012296611278647064,0.022294347806699387,0.023921292932836936,0.004550713520713512,0.01589494070765478,1.0506521337754169
0.03542658347731992,0.01193475187052127,0.010598672153515508,0.020654137699816954,0.0029625560324128015,0.015170987843521874,0.027817710149731004,0.02248901783285035,0.035539063055381265,0.02849554872774189,1.0462952238714691
0.01306242396613799,0.014085654013342035,0.01988901582959506,0.013020976758789611,-0.005173519481981914,0.0101366526634793,0.004052579172522312,0.010383952966546213,0.03496472350542782,0.00019411197101066886,1.0188473401455285
-0.0058459946202258015,0.017723858348915718,0.010742707250525476,0.008052355732069683,-0.004566791512840908,0.011157423106297963,0.02511640169510536,0.03367472260073281,0.024681936273094646,0.009716781640349524,1.0268376814089357
-0.001708831308952715,0.02933057900671179,0.02126840136198578,0.02590923624323955,0.013427267668849061,0.027724540253974465,0.013230422283120111,0.002809995469963443,0.0013513238884900972,0.021583638205960005,1.0382024369569538
0.02404949170317905,0.023561963905327134,0.030987901552823993,0.00582247689258294,0.001957255246964404,0.01338331690101685,-0.010416792376307799,-0.0006130753238440204,0.03453187708506135,0.015122951658658986,1.0240251977261374
0.013611160780797087,0.04830095904166491,0.0037654989887904652,0.03328751243687027,0.025327377589008777,0.009090403565443089,0.023513704227898127,-0.0011795417156745562,0.021714061740689506,0.02179262743660959,1.0429493791138575
-0.0007811068468290376,0.0001630742286799422,-0.022416825218025394,0.025164387495710525,0.025072799479663132,0.018879673252426038,-0.011632717043713214,-0.0007602144974808078,0.023671729034398372,0.010056688807732871,1.0311385806189604
0.016487320049589544,0.029290744679618466,0.0037674922067838703,0.026257449817280724,0.015300238425236437,0.004048452770319877,0.006191334263817103,0.006266721085026628,0.012199675714120718,0.013557435861388547,1.032168669265039
0.014419303040231486,0.027566420232907465,0.012413071027153581,0.01954659990456307,0.031071696583996146,0.0019201456076819497,0.002332119609912328,0.009249516191733014,-0.0013893240638534182,0.009262426242179822,1.0305526422107796
-0.002289044965980553,0.041773649368077925,0.014539481473938295,0.044326235639874964,0.024260836123927907,0.04252248955464767,0.0041814044071429406,0.00689993711951415,0.018339134977975412,0.01963325425770293,1.0576571435160231
0.007855095224512007,0.00834920995705165,0.008556226505510151,0.005344000784651862,0.021192178663936936,0.007488647101298875,0.0033874971159605187,0.004598146213750633,0.004266434851948219,0.004754943218574508,1.0172486521991948
0.024030792927742135,0.020424082334852,0.026924356923551537,0.02237548864149764,-0.006286870605389166,0.020311106305322697,0.0092763356386066,0.01903945374404448,0.022259626023675875,0.009513596126737982,1.0340573052475628
0.011129862864621356,0.014983199390606433,0.011477883280560588,0.03258885449001444,-0.009732631323355884,0.0319254955660368,0.014490576152531843,0.024915210138846393,0.01950425399510477,0.023435185234777667,1.0472668434824932
0.02254668577198425,0.023227927224613927,0.01686974349859422,0.02526918631054342,-0.0016759167807687304,0.027145243901217225,0.006334503974129262,0.010923959479610067,0.010776293756750361,0.04519905986530439,1.0510554279970121
-0.007534019727934882,0.0223141582415597,0.01977044090599397,0.00622497263300122,0.007616533976279742,0.008754999462767133,0.019005524089007984,-0.014994908769328876,0.008508777952489242,0.012409266372714705,1.0101177214248556
0.008259916634442359,-0.0010511789114080548,0.010179300572863776,0.005625263384934191,0.024302730956051892,-0.01452557102656601,0.011732109559490118,-0.0046259821146402615,0.0035506459392740178,0.01607404703631048,1.0126397290905322
0.019996390595221663,0.018714082145261983,0.00878164568048474,0.020837345545440495,-0.00017664236703898717,0.009031171917678358,0.015508961922195372,0.015889174460166716,0.00921888552691412,0.011460823445150495,1.0286678739326776
0.017237162107161336,0.04863349304303588,0.03318663332810053,0.03692799863248446,0.0001733785951761619,0.03396376818121363,0.01625948091157619,0.011776851188774641,0.02061454201711977,0.022471340780086245,1.0513859692331722
0.011080124059501255,0.035596582886263384,0.020163728421155037,0.010391694331143193,0.014854251273010094,0.013919697008239033,-0.001359118760369987,0.028571990547239516,0.004553503496475739,0.013212538464535553,1.0357554282909744
0.03595002834053939,0.023691830426708978,-0.00022782378940437373,0.03164352868092999,0.010217176405954728,0.013411027285737709,-0.0023098804279981233,0.03334273117187849,0.01810774152186041,0.021110435886938603,1.0524450858720007
0.02650777528094175,0.06286738058065096,0.04068088558351865,0.036536560148552284,0.006694528181073349,0.04401977460186411,0.01585683852025715,0.023794319841663764,0.02970682722363302,0.02585842311160768,1.0658855403612684
0.007074835862327585,0.008504371787182708,0.008591052381845737,0.007730849250701343,0.007750159663971525,0.011308548219024451,-0.003455312274711914,-0.003423396085655941,0.0023120148644170902,0.01022005304247447,1.0148381765147805
0.017332581597176773,0.016700143115767525,0.011521047888089494,0.014666026227540204,0.015073681031244856,0.00243365518030651,0.008738422727507378,0.007050613608838959,0.004148648562855042,0.011738737662740568,1.024184997831743
0.027245897464431776,0.03592783979939347,0.016812564640607132,0.04111174211930855,-0.005367576379228335,0.008855178263580442,0.013212487477354866,0.030966720222972838,0.02007548999194288,0.0023087703886628744,1.041452695358123
0.00719390958543108,0.023050416884845285,0.012742655716344423,0.01524988367336159,0.0028378671934096225,0.009433590855409285,-0.0007721173799633274,0.02730083543639281,0.0012272822258985322,0.012422733661687335,1.0301517555353545
0.008754593676891985,0.04180173483309788,0.03389551340085406,0.04250806764586197,0.007624488866431642,0.01173323252027989,0.016991073500903515,0.012868562031163863,0.01758946546293389,0.02228207984604247,1.0478086149386563
-0.009720152127315519,0.031471080658050384,0.015453668185004607,0.027103399583528066,-0.002991784996783849,0.0055238047426710785,0.01130984700964461,0.01688903209826914,0.013650657387424955,0.011000898793773988,1.028033027488525
0.012462422192531087,0.019128508215518605,0.011051591023229008,0.03203049834752085,0.02940242453429715,0.01656352153689667,0.02326620211641215,0.009951580659311962,0.018166848305011078,0.008993163647161372,1.0414629250641803
0.022563374040851084,0.023331614469449174,0.02254657510358731,0.056449007720632396,-0.004637386232943193,0.02430310732767941,0.011495252173212032,0.04067542713119572,0.03159010574088637,0.02008942626102825,1.0655141401210626
0.005028976860978828,0.008418275514041333,0.009687773892399911,0.025177225755723506,0.013536054102764768,-0.012980973859244136,-0.0036742945122533515,0.0132761435545742,0.012812419206331065,0.004516097062436351,1.0217765689967868
-0.00022995716496100084,0.04159640427409515,0.04288543381964432,0.04150595892110061,0.00488607650223624,0.012196529219134732,0.01152849963281758,0.01708384014590509,0.005427378345020467,0.016601560661403496,1.0434456662211644
0.013807636029840264,0.004228629967675805,0.03067193650611786,0.032465335146567804,-0.0021607479934914135,-0.0019907322775643416,0.014800072035733108,0.019567998290406872,0.023701747630260873,0.024665176685386987,1.0382382751841681
0.02304994454009248,0.021424022193933932,0.015329338361471618,0.01861218956506546,0.016979062175275624,0.03153388484933063,0.009743824616902484,0.009974502141668078,0.022007083212312383,0.007476700952543596,1.0377214062837532
0.005006867794270276,0.041530236817355556,0.016721872468029263,0.008426608922128213,0.0016771751515684483,0.02261959425053705,0.021467643270947398,-0.0011159577491906183,0.025836070816983754,0.012107902260440576,1.0236264194835472
0.022303807692640547,0.011191204499877445,-0.002746070479470522,0.007253689582315035,-0.00015731041960691597,0.030536761479601146,-0.008054614487952753,0.010094845548075524,0.0022134822127287982,0.020436859537155922,1.0298592610996375
0.015950173298988995,0.02832576083135161,0.023548041845476955,0.02488934273188799,0.017461151291616413,0.005059093083071671,0.010495882004097665,0.020654437428590806,0.008235409364150724,0.018634342157575104,1.0403772407981313
0.004484760222645701,0.05497309694280901,0.023776368802809825,0.01981601440195447,0.008662681353409644,0.0383166464823016,0.02017393699266692,0.027806609151808798,0.02179930894984314,0.013081021810300679,1.0478907159568187
-0.010487549780425865,0.008171576388101502,0.015207516533025878,0.004388208009494625,0.018750738646181635,0.0073965705478264135,0.001319113721390076,0.022259228950212463,0.0111188000818892,-0.005593282815895219,1.0167695826845247
0.024599088579934023,0.0069630185685018615,0.022533987468779312,0.014397122321647918,0.0004786417850476442,0.0012909282656478876,0.012207338823825787,0.017238210317859468,0.031433325273467254,0.018515137773662513,1.0301586633870328
0.020859065968452696,0.022181999800463092,0.02928678071868338,0.03290258048454116,0.007868113253176823,0.0386090550179098,0.009746786869202667,0.027081850021629265,0.02336413074671734,-0.00405492384745065,1.045153860895256
0.011816045054208399,0.01248036728145777,0.01805306941200876,0.02155969230525958,0.004833537163705052,0.015192386340381489,0.01513006222907768,0.0322969562816743,0.021178468072092636,0.013594113700153473,1.0398844684606896
0.019640962919716603,0.008588748429961057,0.0001010583715737555,0.014291967858506237,0.0010675451496292713,0.03564200778682015,0.008374858711178688,-0.0024139957101705772,0.016757370506404103,0.007377872573338155,1.0250774135615472
0.0065727695035713435,0.03025348062422052,0.01612480945333193,0.02469334775036994,0.01117001219615285,0.0003271776883273306,0.02229143418175268,0.01744710884168185,0.016377089217879264,-0.01556527745475822,1.0191662468959792
0.02381955680956319,0.017550304545208915,0.0026358192190841564,0.02571095708831569,0.004951105937127882,0.008147564549371931,0.009864854176637423,0.017701326214966076,0.018388845645749573,0.00482680105346784,1.0309681263225396
0.017236040997066705,0.05671766036665676,0.02990318100578796,0.02518699956872178,0.008994912615839052,0.018449831612173926,0.015824872550182698,-0.010934641726727246,-0.0027197959091130753,0.017046380476538857,1.0304489840203745
0.014376970939753493,0.009806908756450117,0.002098987150166912,0.025442605219827993,0.01436243052216759,0.0062353117942356585,0.01804133103719145,0.01906987255970255,0.021349452592852133,-0.0026988280320222047,1.0285080614363302
0.0069686812645122845,0.021814528967162836,0.040911935583149935,0.03040606488711118,0.03263292035170525,0.03677748176508669,0.02017012224386499,0.02103367240737311,0.027319052390377366,0.020561458644171665,1.05915750386762
0.00035815454266870626,0.0075243676428097175,0.014218785227189463,0.026770975022025474,0.007500992186812018,0.032995323766331484,0.020529004912608458,0.005078673926124336,-0.008426017869622512,0.023449143320861527,1.0373264308407206
0.011796454661942457,0.030125803694041046,0.025475105628302575,0.039016914593579366,0.03274563865358886,0.02784797794991656,0.020681058757474436,0.035044285228261286,0.022580919526467562,0.013490628616168157,1.0625547003138618
0.0077699267595814255,0.02721952451572909,0.01178843384093321,0.02941734293474787,0.0409914133905882,0.023285274699404966,0.007359111578481477,0.024855670315318004,0.02603858209637469,0.017032271075344177,1.0564362036876704
0.00843908874159537,0.038136533063125894,0.014438925752276493,0.05698116114553806,0.010231282185048611,0.023576334852762268,0.006844023839902448,-0.007040671824703838,0.021934673677951936,0.036057331817260375,1.0573614887999525
-0.0061660482289404225,0.03152008542175138,0.044166350134294666,0.014405803238042997,0.008343879148473832,0.019699434783419595,0.016220755654859198,0.019245066996909116,0.027997327017881386,0.011395657691880164,1.0339482165118834
-0.006361753450930711,0.031058865378391864,0.03813187393641955,0.019016677464261535,0.014147952484611594,0.03984950673515772,0.010725229302967394,0.02404657816898686,0.03452500433148089,0.014269273022717691,1.047654251842509
-0.0007161931140563594,0.028828981317448384,0.009761548380006542,0.020917461386133724,0.020540186987886212,0.013948130190189112,0.01075591766585982,0.004816315064358035,0.0151676582785777,0.008163201411212097,1.0295952313837111
-0.005673582096671438,0.026447481346421248,0.037877701139183664,0.03521883769505766,0.009639767694383697,-0.0016469976304017073,0.025548082397313945,-0.0033333728808701644,0.024724286977254553,0.032099649219045026,1.0374638914087264
-0.003473387235245544,0.019855457270708525,0.00328606534917859,0.01398177453195909,0.0076012215101187615,0.015490667591995274,0.002877872785203218,0.0030228981371521434,0.01584759285398797,0.02303660392276099,1.0284370423788751
0.0023720731991625325,0.021101744984075473,0.01020038795915175,0.014230667356323324,0.009138240486922172,0.016487032299100077,0.012992299834926235,0.020733402017812357,0.023378733465411066,0.006784535343169442,1.030139303554403
0.029957283405487384,0.047248448806370275,0.02375673077028793,0.03783550178453746,0.009223534574055895,0.029411752451626853,0.02269275722705234,0.022068075963180757,0.02411218692202723,0.025501041966859577,1.0598880222223688
0.028742191982518664,0.03869224866431514,0.04062311564321202,0.023464436583944384,0.008763266918838924,0.010411384834573963,0.009258982076975456,0.003935867778190612,0.009848200582464404,0.014596711350429507,1.033534534764323
0.006000308390076425,0.010470517199560117,0.017614691896856806,0.03877555838417712,0.023419919494578834,0.05448086443059538,0.020126294797508458,0.017671997283431256,0.017493107928365052,0.024032638081267717,1.0631265587817134
-2.6063503127853396e-05,0.01505153743528995,0.03783118515844579,0.013311571281069325,0.02004479297185448,0.00799114146606983,0.024661348375618147,0.00638364523815246,0.018617986906267564,0.006262010901723285,1.0240334968168259
0.003594410407284021,0.013894748180614976,0.031685887781675845,0.02285169119337636,7.3779643413492135e-06,0.007424273197073497,0.0014985126501585507,0.002064387097964575,0.0036212151654334192,0.021336953398681045,1.0264562622730118
0.004270882856381143,0.032439080411915705,0.016032722955461425,0.025615082504361324,0.019390716415606947,0.0030999860517609643,0.03986898984836651,0.016165496977146223,0.009395955923233952,0.019996626669012117,1.038120723663382
0.03564499230455219,0.018720659666254368,0.005594953670280144,0.03115615566747784,0.025649672106629537,0.034848463526775016,0.0030389895456644864,0.02214549806075059,0.017152739902019924,0.0015790948641036875,1.0493085963802655
0.025272816843238538,0.01844231601140129,0.024422398812178517,0.03816192062702325,0.002639245198728244,0.01943276708068739,0.01911384416608041,0.0388453846804439,0.021909244589878345,-0.0009617935433014271,1.045952550099572
-0.007825005614085502,0.0073555048652512375,-0.0004219333601810978,0.018225300618013085,0.0028576926304893563,0.004428718705902604,0.010366650634569867,-0.023057144705382053,0.017665205234953067,0.01167331182094191,1.008767618312849
0.028046244469180047,0.04772500576518463,0.030907519921587842,0.03835141577880801,0.005304352122964975,0.009459061791630263,0.009294532238092922,0.01693683584705968,0.028474784399782915,0.013381081005890506,1.0458794682911265
-0.004328699354221881,0.017955704141000887,0.017573607452734168,0.02112809254879125,0.011515284929363379,-0.009836248687783143,-0.0055626912559147285,-0.002240351306748073,0.01532779023104535,0.0007741009872191205,1.0127780223879077
0.03711729334867976,0.04064491263474841,0.03488387979832247,0.05076073198163015,0.01042988985863142,0.03108594309037193,0.023010443367073374,0.03347470099877526,0.027199482208725353,0.021828438663938902,1.0702869048108217
-0.00682003464625652,0.004469363151637498,0.013045324168466516,0.019302536740641765,-0.0017886374468388663,-0.006695147477160867,0.010583002073557956,0.004171793834665073,0.010194522671724552,0.010436492168193074,1.0137835162148665
0.020189403100022096,0.050613935887442466,0.02210352672069015,0.01687995262425889,0.007982579432594845,0.02409571813050051,-0.007179359912288574,0.021049586319720284,0.021895358809967753,0.026399744374747944,1.04755121659881
0.02463076016064328,0.02249894278644678,0.02900588235488417,0.0283889008355698,0.01856811195693388,0.031359745887636535,0.01502045877840612,0.0406634924665579,0.010419847799909891,0.015059302568583913,1.0572025989060019
0.02973586776119576,0.021649636483358724,0.03036819543572733,0.04727591153335664,0.016519618700341073,0.015605459330418781,0.0006195845088918864,0.010601967803953933,0.02281008981146436,-0.0037843028782655053,1.0421260932087357
-0.011453242779790224,0.00956882431782757,0.003673500665787344,0.007118918792974348,0.01091571825447358,0.015245551935887,0.02377390893066538,0.01768145679692626,0.005356657601491725,0.01726460185844231,1.02590575171249
-0.003429369870011847,0.014033797757565246,0.035310007893545034,0.03064276361457737,0.017419266969235434,0.015403715493382538,0.019299276271568966,0.020348565026885115,-0.00016731899909294516,0.017730069466988848,1.041474630128115
0.004172907237724392,0.017114180320548074,0.01609496757790579,0.02139135548300691,0.00880575604062706,0.02432326139510472,0.008948479540833046,0.039108057258191775,0.032515567411365666,0.01467676035474269,1.047662240558137
0.006170799222277432,0.021783693023941952,0.022369994769804533,0.02439034781453255,0.03324625284614277,0.005838680232461492,-0.0009089541003206789,0.01007275283882279,0.021876483995415707,0.030290427621534888,1.0465392868812171
0.01478047483615684,0.030224992616866328,0.02084735699843413,0.03231889792149096,0.02195175747253654,0.014564645623518663,0.007618399244732823,0.0008354928216299743,0.01323676902524181,-0.0031724516895259187,1.030562154865056
0.020298810470945297,0.021141850467831305,0.004098492627073019,0.04316635003032136,-0.0022277087467692377,0.0014488949125974256,0.0024623516273580524,0.009116845644660747,0.02712221414861153,0.0006866940687375988,1.030510302905464
-0.001546583722857365,0.005977487809389768,0.00872938011888199,0.007410142602776304,0.017382655212393582,0.014382885474087066,0.014244007854747455,0.024976010965171103,0.011245312966696222,0.005621896986414589,1.0267855549146756
0.004035458999320335,0.02738421054974219,0.03745577172207233,0.024194264705887505,0.004788240984443805,0.02257501124594751,0.007574981581703902,0.01249261848446704,0.0217554294488817,0.03868284237889939,1.0486360272730366
0.014750038077755032,0.004534338692083936,0.014306981534798644,0.0028993055951223867,0.010853115276356868,0.01195448433199631,0.010278161214836589,0.017783317611415973,-0.00016394402605658664,0.015531919366180518,1.0247283417783515
-0.000401682696621275,0.018428014350131035,0.015397287696540038,0.024846130698262206,0.004728048081825884,0.007685941552801931,0.008498935486547846,0.01826531759595979,0.023871176461023408,0.0001411298536848531,1.0266259965070177
0.006032791925800777,0.027052862102913387,0.012958744741820915,0.001936001147440549,0.00862999576027779,0.021623984277247224,0.019639590386595934,0.008993605136329394,0.006236031832822244,0.022545995464450973,1.0278547004770688
0.010295102428946573,0.021917580664658785,0.013783215943788545,0.027143195702679555,0.014288322282393118,0.018071081740571284,0.0157303244056967,0.035473562299833936,0.042797703094471604,0.01474215623193222,1.050774592273942
0.003692572408056167,0.0218205665063068,0.02589599222682071,0.015974205174154037,-0.006333445582749574,0.03508577016782079,0.008959671084886184,0.026029211986477577,0.02042009114798855,0.006257478209509863,1.0342196753347142
0.008608811820454207,0.0195007668074678,0.0063166596959229465,0.02356984642976384,0.0007336562567196742,0.008880208433434057,-0.0013914844854537338,0.01965971451246873,0.015808695272761016,0.015072563457350073,1.0328858958009743
0.010558583475242283,0.03166097986163651,0.01733123067819717,0.030518968375228803,-0.007850656324593102,0.017309417032562998,0.010321504521386818,0.02017199843160158,-0.009670036411597515,0.021760611807221254,1.037851574852654
0.020675876780154187,0.02827436228436626,0.01530883097667092,0.01769186733658699,0.018225478783901905,0.022512800927636127,0.023566524185313992,0.0065880633545210105,0.004187159496592112,0.00760278156261925,1.0316955292230523
0.021350305250663663,0.017342749043054953,0.034524568898651346,0.04403669413341096,0.030418852607936333,0.017490805450503265,0.017819620995735565,0.03293552244388667,0.019472058987927615,0.03777424430747489,1.0718204794540676
0.025168011221817593,0.03659027087695797,0.014005064576082573,0.03731502636495569,0.0017639115216259056,0.03483260539374605,0.016128830836110313,0.02072411798665365,0.014578396931912284,0.02218656949257601,1.0542829251390928
0.020267680091502458,0.018524588162996562,0.025958747260061324,0.032955979380558345,0.021879422446416042,0.024727268643224668,0.03166379181829613,-0.004223239962240409,0.027974267935605594,0.0034948058052024153,1.036519976252071
0.004363637955253921,0.00835053677327887,-0.0017427378665834069,0.02587512749345766,0.017719207487468743,0.005430804825114006,0.013674611891655948,0.00346946790868799,0.009199121451777873,0.03098248296225818,1.0366783772172259
-0.0002510780479742115,0.03631858937638377,0.004085419583857913,0.010824103119319771,-0.0037999781200346947,-0.002337580027051556,0.0037346212940251866,0.004490950610874302,0.027092192671619594,0.008316767670890415,1.0147869690504803
0.019495597613602894,0.032642124683036004,0.03943613209262334,0.02192119298184733,0.024745400628280234,0.016221958585083334,0.019888680531518887,0.006738754060850108,0.009586011766418736,0.018483456828752222,1.0404705681399713
0.014313245141767532,0.02213581391842067,0.03162968412171945,0.030953378694759632,0.013963072479886792,0.021904269384418865,0.012134933484199452,0.003666383487905312,0.029513349199230453,0.01379827125612692,1.0404877081483563
0.016059090702213587,0.022875778952180372,0.010551397844933794,0.015209686491724266,0.0032915024940398793,0.021525217946888654,0.024267723610108878,0.01807711620026029,0.011259253794172284,-0.005127735658433946,1.0239438598347084
4.7232323075088734e-05,0.056806709617460094,0.001610170600798582,0.02516733220571797,0.030703000054047247,0.020728184442135988,0.005896617533842689,0.011052343497929135,0.030372511452977168,0.007145819214288425,1.0423008249149814
0.003728309269591762,-0.0003789514983447706,0.03210887017786688,0.012694807130040314,0.0037757432887826833,0.012471859119371794,0.007957789955720048,0.0032096982026794223,-0.018847186850901778,0.015914267321108757,1.0185734468735013
0.021168202441517424,0.04355453121200767,0.033015667871640106,0.040810237445736655,0.007296816477485058,0.03451470079920879,0.011741440536405304,0.019873431107879026,0.010864267633311546,0.01698747274806086,1.0548780041846704
-0.013013516485738782,0.009260477306304783,0.006520414449395932,0.01675891435469898,-0.002639935092151331,0.006558486930779321,-0.004454816839324076,-0.00402476699124641,-0.003390103549110523,0.0002833592820285953,1.006456658370569
0.002125595813184407,0.023333867633092243,-0.0009850652767544842,0.013282635653710882,0.012508885223153682,0.013106882511255427,0.026604939827270857,0.023647464763023717,0.006917636283387679,0.030171462200155576,1.039603874855883
0.005145955689110092,0.016543370135301345,0.017903340971270325,0.03746219678727209,0.0177258920939616,0.035787529498834354,0.010644660527825815,0.020568934936023797,0.011916198489411126,0.02300757930135417,1.0556219423827822
0.010535338637392245,0.031881914394322725,0.01988006551399194,0.041307896168894645,0.0163052370391791,0.0264027865272965,0.012096670956107627,0.02154754294202747,0.04136853896102352,0.026235264978742928,1.0613209133289518
-0.011390343798262023,0.0065688585760611175,0.027372719871861982,0.028826779552899355,0.016838678037000777,0.024694645512937305,0.004885401022991244,0.00867792608975768,0.03472261434159764,0.0016497981864106032,1.0336872275643942
0.011743068827930072,0.023977177598116125,0.012953895336449197,0.03581926815677962,0.032690804992214335,0.0033211264288880524,-0.004141607529295155,0.012956929620060492,0.013916917984922818,0.02050630117808029,1.0468924505047676
0.01680818305281357,0.008285064685679019,0.02261041215086039,0.035161192912872695,0.018060060789187315,0.011661986585233833,0.0016211357920768738,0.019099108767720162,0.008421723531713316,-0.006330783063269545,1.0334235151566316
0.004049238584611537,0.030211898758533827,0.0234541323918462,0.03669968696563425,-0.00457545039542368,0.02876073283628143,0.016522633392232092,0.003518332060634892,0.03154638453243239,0.00844388702660751,1.036480635342916
0.010297976745003379,0.01271110020946747,0.03082264308802643,0.0381779870713311,0.015627272967520138,0.026763457593457277,0.0014689734804609576,0.024681653453087357,0.022155275500153997,0.02142951535527572,1.0554311942769647
0.020516640795707627,0.013199216993644713,0.02272044676217606,-0.003509460566219036,0.015213009974740156,0.017788769321874426,0.0018775566154831573,0.012775451925570369,0.016015060177075734,0.0023996317243178047,1.0203217590966243
0.006097833682706305,0.04241536876496385,0.021999625373177397,0.03755635771525257,0.0244224385354907,0.014397139951615408,0.021613842804786038,0.022069697866960426,0.024196148559823216,0.018424898853448467,1.053077733325115
0.013206580674576168,0.013335920852445012,0.013625029492586658,0.021704436655521266,-0.0018023087826883576,0.0024269491524488117,-0.022841788532184937,0.01520936045034839,0.01519702207134711,-0.005925093522251873,1.0181197245398366
0.008964571705891815,0.031075813854629132,0.02881981680597511,0.02074896373598599,0.01621514230376658,0.005606090629340468,0.005257808506408795,0.015541784699957211,0.022295983275591146,-0.0035429201971489584,1.0270679191113354
0.003039616790328858,0.025026166209198106,0.0039670627783227625,0.03328964620515335,0.011316705340926398,0.016678559530765805,0.007309684627109421,0.013327809945455226,0.028305274704233198,0.009971467166126208,1.0389975355019567
0.011217413810946698,0.037131544689733495,0.026834945284133715,0.031142770262616963,0.027734292632231327,0.016421123007143802,0.008661406570774747,0.005640929962335131,0.036691922886637425,0.012893327174507831,1.0447964183104028
0.002121793784844124,0.011367560872123542,0.010385515225725376,0.020277997795689007,0.010367626095286927,0.012382547587489813,0.01904469574167384,0.007526232223150092,0.02666171042692301,0.0100011740969658,1.0280162402110369
0.0013930677602394794,0.009662901511915054,-0.00027904778493879033,0.015324286795173146,0.006615910255455041,0.0013023807538166399,0.010537712235018842,0.0037285746521844064,0.003527308531736979,0.0022997354648157187,1.0130147654498776
0.009757142241440048,0.042788695682086986,0.025134365248560206,0.026197728720777788,-0.0026360238425235834,0.01865700453417824,0.013603615666934842,0.01261567252451592,0.010690486077745243,0.009985695759433384,1.0327052826174397
0.02366084973113451,0.021873272681283223,0.04732995746257154,0.04371129471823917,0.004329524146422676,0.026835352248622366,0.023601977219721,0.014146889383687598,0.01915712782955316,0.036443578423593935,1.0599510109744705
0.0034899669001953026,0.024002664515107235,0.03179702776251218,0.0288452373960918,0.005724095750455505,0.045226061848947716,0.0005334551211686241,0.0122320965334407,0.01067238459554798,0.00961227488539038,1.0422825301027716
0.0079432377014952,0.03170833472544692,0.018148081413427424,0.022575186489615796,-0.004345644967841972,0.0202811380685268,0.019109766798073323,0.014675949803554874,0.016300930684576505,-0.0008391201322147986,1.0260101424242787
0.026863043993721976,0.019273918221571273,0.03953448514238587,0.021031955078576556,0.018634558737273932,0.012300027510964567,0.010365633742068153,0.015341255887088161,0.013982567223096418,0.003905749554203793,1.0339127699484427
0.0007064600209090409,0.01717336415030876,0.0032699561928390877,0.023136418747341993,0.01544824401510836,0.010732040949490849,0.014654875261567703,0.008602523307380478,0.0024864997160759586,0.002886695703236628,1.0246095899508025
0.004813865856994837,0.005489478464558788,0.020255971646563644,0.026597531568825744,0.010867541581056375,0.019623140374503807,0.015606771086086102,0.009082203480966994,0.005088068420909428,0.012765460800060158,1.032826607475938
0.007979011495847059,0.011102064580752193,0.012017522147037597,0.03157593829746198,0.008107485437910135,0.025506660904916136,4.171293721298534e-05,0.0050000911064993925,0.027964645063456108,0.010728197525109515,1.0369370229407797
0.016943856678132377,0.008675729378232466,0.02298324817125373,0.02151364356973594,0.004024387725907215,0.010618739940902375,0.028808279574844657,0.028620248370144784,0.035058649900835584,0.011927781175096557,1.0379801186392326
0.006962915669577166,0.014255162891352258,0.012775933320583738,0.013280618781870233,0.0072276618467648985,0.038631378663170915,0.006905088667242632,0.015126041819904405,-0.004075729325107316,0.016486990152924607,1.0352860271742128
0.027135664466329708,0.020795999151203833,0.003288124263315895,0.006639771568369762,0.003065914065002522,0.005750335833096763,-0.0006521274318069406,0.01925888673842293,0.005782063503501878,0.02034102405370332,1.0282881675263367
-0.0015121888004841315,0.03612509499662745,0.016082270486201252,0.05779372170134678,0.01953335598253647,0.044217302062832656,-0.004324924719007521,0.015385921440375119,0.01340342559420565,0.013627823070793504,1.0625159188665059
-0.00671321022779529,0.03386588908124531,0.04034343408524652,0.014036546311857927,0.026941422346016,0.026653878661632484,-0.007877943119751273,0.018000455759304534,0.021251436115205795,0.009114315429689476,1.0392697843958325
0.01858863155485411,0.007751604935608829,-0.003544653557273701,-0.0042852096096866535,0.010228092530918227,0.012415513949693209,0.010863763349661097,-0.0006677091688629695,0.0034590082305650236,0.009897736015637728,1.0122446838392376
-0.0012866750229358478,0.0199756037580665,0.005464258408762708,0.02030764278230737,-0.0065737162119128,0.0038991651124110974,0.0038579686900371843,0.022014449850459215,-0.00736196582614634,0.0005400466840123604,1.0178107296098982
-0.005728220519389477,0.03313479196132307,0.022962478257787643,0.035128364752343134,0.023846049377623222,0.01801822711194323,0.014169242283517786,0.010342838512499118,0.00022401878077054835,0.024832112551249542,1.0466525476247857
0.01185747932984192,0.04265854128384795,0.038761610040928464,0.040490770509151994,0.012932439966704623,0.03039202003935176,0.01415058171046022,0.022371884815799055,0.02333774834977443,0.01771631881391891,1.0568845359406098
0.020023963691076493,0.0030923948165531272,0.017874177756535478,0.039527279568608284,-0.00017260330427927833,0.006504705630321607,-0.0025924015492474594,-0.018169263236615864,-0.0032548846820919866,0.011278496781797364,1.021090402882983
0.028474010816806592,0.04139780549406653,0.05747267861642348,0.06146653765575072,0.0622650098145458,0.07476521759769851,0.0015631163029194688,0.013593771314650109,0.035834433145023,0.03892444616096548,1.1051619416268446
0.010440260474491165,0.003956225326844649,0.017471817852687633,-0.007858085321860143,-0.0012226867709279462,0.015701839946741174,-0.011718244413450324,-0.0009974555643276041,0.006055577767409383,0.002335985442568555,1.004499329566628
0.012947599615834103,0.030086377970720248,-0.002513944766512989,0.004457742004234495,0.010563159509924496,0.02486236035071235,0.013847603665831182,0.02539634185867922,0.014182485158794472,0.0034131911780771163,1.0293044221743533
0.0032651193104287057,0.030402886948500643,0.003847856337288529,0.018382464918528164,-0.009044601631051672,0.0040165298621561065,-0.014508336742789885,-0.00044542537210805373,-0.002873319941590985,-0.009641075726347658,1.0048349231901066
0.018448091177966853,0.01677063885341686,0.031148742829749207,0.02481703325328406,0.025268109128062866,0.029338441359943013,-0.003928083535754246,0.027165889944354434,0.008640771305777475,-0.006622132667523409,1.0403692109980311
0.02162621236004704,0.012163139220479048,0.002876475439380754,0.028141549056267826,0.012418300892303908,0.0013757995071251965,0.005278797150616424,0.03179476694651407,0.021328349641232137,0.05161219431874974,1.0595453693178118
0.031003723033496782,0.011828714436780607,0.01986036581740153,0.022787553314569473,-0.0032800423618734205,0.024678654559056098,0.01052427957510158,0.027164610749073025,0.014349291981096024,0.02244960067433325,1.0447067566224015
-0.002683891071272688,0.034836747090256484,-0.0014681507939446337,0.03492998854962384,0.010261828267337599,0.004508917000199741,-0.00943795695400583,0.003360331686414868,0.024988108875931163,-0.0013389403005534192,1.0262517265502258
0.013609517129664019,0.03197690110893465,0.03341328027635833,0.03448027216827591,0.007427356479413495,0.037019151578233406,0.005880487381896568,-0.0008665171843827528,0.012939927465487899,0.016864763735490017,1.043344030255166
0.014732934614948477,0.02784976238712223,0.03156674699467405,0.026798684217238217,0.011494954899026598,0.028186968522235255,0.00920408335881073,0.02899557703739248,0.026374873765041763,0.026411273569955616,1.0556214901637193
0.011834164178488867,0.021516972584270516,0.030975714712303287,0.03420633822928004,0.026277165195220026,0.02158921713405699,0.013267214347126523,0.018210106927238515,0.006862961781764935,0.0233514254420161,1.0525601549441488
0.0009272418352306421,0.037799599956797096,0.013820721019478122,0.04657699915252934,0.011561688260696267,0.03179937532236554,0.015785678758861735,0.009552122998485579,0.011458949286549898,0.03267489702036753,1.0580128323542706
0.0088336407198101,-0.000842294650814885,0.033132155390593374,0.007123070932239029,0.0029739973222002074,0.011944458482763643,-0.004671411799589407,-0.0009676597281867063,0.01350062302466949,0.01587173963508992,1.0185590220439857
0.018392286921349355,0.021217866319668363,0.021905700465343805,0.023605093569676498,0.005399916392559611,0.02154593481859341,0.01115713777676478,0.023665580821946006,0.019582526251821337,0.022798144035118345,1.045406227294426
0.004527767191689888,0.02544808992464366,0.02551478874881228,0.030534464329952944,-0.0012832820570321812,0.008075594361131087,0.005524156494593469,0.023053779622884206,0.008012116713591769,-0.002951591773182211,1.0275397713308692
0.019779662605501687,0.028575691765684835,0.0030804684660381693,0.019238947158582622,0.011060311647165616,0.014361497375347579,0.0008478467596586799,-0.007484880621070639,0.011783165353559754,0.0021861412116432524,1.0205315695304025
0.012304749942456243,0.031515400840036074,0.018992372683187486,0.013482262670963741,0.004946236281955127,0.02666598283416474,-0.0037512664024360078,0.010989921853190969,0.03237367990300334,-0.013087229111803062,1.021987969885547
0.0067313377886019325,0.016317787156073474,0.0248192503856582,0.02809202368285716,0.02588100851074955,0.028688288984779146,0.006550114720107988,0.01011016576446143,0.01853314044723298,-0.011601436873601274,1.032374063172741
0.021571444309369848,0.011550497388273098,0.013448670897253448,0.04847733615421275,0.02641571651096985,0.018230266727923654,0.016920648794094346,0.01756128061420657,0.005500053130171611,0.01259798510659218,1.0523376645587514
0.013708791845008655,0.013181652812116132,-0.00961717536964067,0.020309748226908224,0.021192252983896227,0.0018945340760521331,0.01880190994862264,0.006826312514309461,0.015106315187020039,0.014576839751752651,1.0294545120120977
0.007578551309419858,0.03424341082286917,0.010739982236713734,0.02404842851049481,0.035468422456254325,0.009704410229211998,0.01863530248959242,0.007198214642146428,-0.00933435592427967,0.004988551883602062,1.031983803444721
0.025222509623102483,0.0349386250591779,0.013977664726456234,0.03935949848927112,0.013052294902149557,0.013388705986852517,0.015307354117742434,0.04032960595105238,0.017801603244710015,0.017496515693799328,1.0575478904138618
0.017891886328697173,0.019286727304169495,0.016191631783096547,0.011076666631454436,0.020718914594962595,0.02241099144547638,0.02014124472686879,0.018487670031139786,0.020389431848365117,0.017401737123085924,1.0395439240836735
0.011071903768422257,0.030261317330015945,0.021867903665892172,0.007600325955599238,0.01649455376917148,0.002695514484577134,0.01882358600327736,0.004309520257361773,0.007179250847249756,0.007074187900211814,1.0190831215029121
0.016195356993202032,0.027206575292221837,0.01469338764570755,0.03847202775366071,0.034259284939413895,0.02024129739555467,0.008917168498874474,0.03731712282834365,0.04470592783417873,0.022738622987456075,1.0683799039137947
0.011580713800069347,0.03984132699191649,0.014883137812863101,0.020451058699965028,0.0193611526294706,0.0015833743475320884,0.027105778281613056,0.024253488310707734,0.02447190363840425,0.03582370466984214,1.049222072329997
0.00891530363023191,0.012312189594220011,0.012251752541261273,0.009749327194130164,0.009193971364332004,0.002162525161179124,0.025093764356670947,0.0050034213452693705,0.0012729312134031352,0.009899816790685625,1.0166593908672459
0.028578452089966174,0.051582221760015486,0.01897215411548399,0.021409068088014255,0.016598393457040585,0.013039852769752716,0.01179877837633565,0.017691008056836044,0.021681701692313593,0.014891057984086867,1.0427590983942077
-0.002447174529414113,0.009675334142138968,-0.005912664494204181,0.030436890563803123,0.001580234384711058,0.016086619728053402,-0.008530660494286203,0.00807303476972986,0.0029375186129321704,0.011720369766706446,1.028542241668601
0.01783910736312453,0.017639402098588237,0.023821696758643325,0.02014720949235518,0.019715166402540993,0.020381843665595943,0.010150944467454938,0.009849334400377375,0.022778723832385196,0.008779831763894234,1.0358476882544336
0.023848109837314252,0.029797777192438406,0.03870849203594454,0.01710799678211631,0.024817494436985332,0.02102264348491889,0.010006351708905544,0.026335855899809264,0.026668708548125114,0.017202692588277415,1.049041019476707
0.018769798914061442,-0.004035757112207855,0.006912027308090105,0.01038366170230818,0.014867577460280269,0.022556320465368,0.009044577423289802,0.02388954829659412,0.009901979112000041,0.03370729908477148,1.044274045732032
0.017148620614591797,0.00562867039574535,0.001610845722922116,0.0182565754486667,0.019095973174652735,0.014883146163516435,0.010549532940763726,0.023548983415274397,0.023553829372113567,0.01575167141741174,1.0400716696092291
0.017364698805144005,0.03291156238300845,0.033076075287002786,0.03928456786018815,0.02036910321356033,0.03201068961677227,0.015328974840023844,0.018581126904393796,0.02646120619882148,0.018214692955609527,1.0578737375905316
0.012291398560838938,0.038233811069085646,0.028486500803296788,0.01952810293610926,0.02219210940878615,0.02423035418206417,-0.012866587969575304,0.026528138153479437,0.027126790271954943,0.022186391594257643,1.052054837226113
0.007278335149151047,0.006263133358771732,0.009823257915623794,0.019814666184536048,0.018992242473389268,-0.009332135923531647,-0.0038891166491153073,0.014166089774593923,0.010676941949025878,0.0019432280017656215,1.0210283072060484
0.02518469237743521,0.0276221848250618,0.03655486881236023,0.027498544496020103,0.02283895232403721,0.012239629618257575,0.016231662352775074,-0.014467388272557412,0.03163935015710173,0.013069643644414793,1.0333662484488595
0.004255589168734814,0.024286684917579474,0.030808796669833875,0.04270392503505571,0.028015127932564353,0.008391037668693146,0.02321976651815256,0.018827320740608798,0.024834387481180033,0.014647217857588523,1.0503293561834028
0.02107581103151229,0.04805443223041547,0.02656022758290351,0.042075958756107326,0.019099547631790625,0.032458777968961544,0.020945139418194456,0.012684175092221429,0.031705512899856465,0.026805733740319256,1.0626803552134167
0.007275553262224836,0.018525535370594863,0.011994344911782558,0.022592212023581984,-0.007547801743178072,0.011225674739684567,0.014926714520433926,0.0032884636196750206,0.004980492120248782,0.018201104848091915,1.0244390090208104
0.009579638959337246,0.02366138867198319,0.0388206988650508,0.032024784396681015,0.005809013717999052,0.024081650804922177,-0.0037627125485024462,0.018590226277921673,0.029663126410023534,-0.0057005441317538735,1.0356703737917408
0.008013785295708623,0.01264886521702553,0.034675724446231876,0.02134045516754599,0.018917738568933563,0.005991583036529968,0.014809920585903944,0.010096779920740115,0.003268371578453097,-0.005099647492208611,1.021740906940337
-0.0014223658515557574,0.013386019892288891,0.021841535162622785,0.015165334767175312,0.02370023324192367,0.018122039348435738,-0.00794645911244521,-0.003403180510414723,0.01835843041760184,-0.001344591823631995,1.0212066177450148
0.0025228406624570147,0.03537092989256328,0.029398347750361077,0.04783128873228749,0.027303020881109447,0.014425111359050764,0.014358022981044284,0.016478322754569067,0.02530007155735039,0.03099526485391182,1.061904810306005
0.00514707290208372,0.006611336461433639,-0.009511725386041949,0.006349062581703589,0.010957379944992116,0.0017055755482119194,0.006081576592423422,0.03231336445305004,0.027839817418304116,-1.61371254477731e-05,1.0229942958688167
0.00116493937158487,0.016071644743976092,0.014641557612866807,0.0034807598062420522,0.018129037601074004,0.021059950468096004,0.019485013206767196,0.01522731826863604,0.009238254980852907,0.015161003160501868,1.0290396971583142
0.002493043432413628,-0.0061870319347607575,0.009607957399839506,0.019180817096805414,0.0027153295575679005,-0.00039389746007301857,0.004726136743986353,0.025486208957303733,0.023502815513724736,-0.004291546864196739,1.019926384547105
-0.0012073201552968678,0.029518417871279297,0.015933507274431408,0.024050172044690416,-0.00821251313700836,0.015374232729623198,-0.002105276873063766,0.003797877692625514,0.023260431522706737,0.011960857366004789,1.0256984268574334
-0.0026965556424832704,0.020788073909101583,0.020809146249078432,0.030960017547972597,0.014220043428900441,0.004460766777320958,0.002712598312146477,-0.002115099228085889,0.0019719893836660386,0.011262987116768724,1.0262690538511623
-0.004512393880713462,0.017494841261204326,-0.005760677179225807,0.014202392315777627,-0.013899266257381132,0.007608454354218115,0.005568527061377138,0.024595831190127072,0.01774753925539232,0.003837707462289555,1.0185684928550727
0.014463135068135832,0.028670783379285317,0.005634555587150128,0.009938763972586355,0.02184118126668,-0.0005846377167584207,0.009274957113294666,0.00993616308333677,0.015799578264886843,0.009546248181380956,1.0249298590447984
0.020179685995606503,0.012432356935197586,0.037014750510104236,0.0015867436335480836,0.008375960007275486,0.022280919517322167,-0.002105911507468296,0.0015105520222068597,0.01901613617222517,0.008879050094996333,1.0215048387719634
0.01378732344505051,0.019874522564914374,0.04168226906894767,0.040992459753313254,0.02645997495451065,0.01996118388944505,-0.005534697636475568,0.030540164317719068,0.0309373840719104,0.018860185611700817,1.0612562360714317
-7.570218303296419e-05,0.022003035993870684,0.013891545330440057,0.024418390183176875,-0.0023882015807944034,0.009672556064724162,-0.0036251242784293225,0.009070131865119633,0.005284819002415661,0.013126376823176168,1.025814218425294
0.01497452973747113,0.035947406697418804,0.033754902473598025,0.022758176746778356,0.010841028885692898,0.03171057135633268,0.007618317944136636,0.014789813789994171,0.034641282090361096,0.0014780836069865416,1.0390969023846788
0.0048845760699528125,0.016533726470697944,-0.007148910212910274,0.013727324171787519,-0.0010185743676277038,0.012497921584002529,3.736609293485474e-05,0.006492394434971563,0.008419599301777918,0.016087758127121037,1.0224716657177493
0.013784099685755117,0.015805645877338334,0.011088062928721037,0.02838528755757416,0.03133480105082101,0.005984041373180558,-0.0004561496278126156,0.01600852426566547,0.02752707634518419,-0.0013365772885967214,1.0358312499057951
0.006435221094987705,0.00853145259216282,-0.0046509718642889514,0.006758554266557158,0.013189524022291958,-0.0041638804533228055,0.001211538469208484,0.023605066327862072,0.012607325848887106,0.009415492357536444,1.021917835668327
0.016934032238408163,0.02666101173179209,0.03228922775638833,0.04590203938980057,0.023029117755219264,0.011801802396106701,0.011537060760667595,0.029676928658424723,0.01856565020561514,0.02503959712534457,1.0615617898206173
0.01862181253070875,0.05658493383237739,0.03655134486475315,0.038981170648685295,0.013387415548796675,0.043366728752480516,-0.000795114915038175,0.017249953764117764,0.013003828347150158,0.012324023817196595,1.0565126754046303
0.004267643603457375,0.01906026457161064,0.009980898636677579,0.017562020142029167,0.011931777598319484,0.030261373534888877,0.006978622539590223,0.015428596663549569,0.01290356123343146,0.01453796028834746,1.0372109902441067
0.0067384862735771,0.015809678051464653,-0.013485952082182576,0.019738432682122532,-0.001264337537851391,0.02404247591937125,-0.0015283776555404579,0.011474728741145688,0.005380958573137024,0.005471825069656131,1.0251307056299976
0.00796741238844015,0.018052464656714305,-0.004343616238985985,0.022166453547211275,0.031080304727243987,0.021765326556049746,-0.0025718005656612114,0.017002500171351933,0.014334564241366544,0.0026813638462074123,1.0374983172741554
0.020767086323227744,0.023431275104792093,0.03368542986581099,0.035231166165239476,0.013164321367470441,0.03238761439326193,-0.007978795245146358,0.024523117751752855,0.038766257747322556,0.013804705628498686,1.0556014170493795
-0.001263068828465672,0.005057535253816079,0.013592282242941137,0.0035816843933784964,0.008798365271724708,0.020992682862969375,-0.0039690374035725225,0.02952994004955402,0.02612578865350137,0.000536001959042659,1.0259234624962486
0.0161318579999949,0.007246688497653472,0.005579956726773157,0.03367461270857406,-0.00010423214244726503,0.025872926355683314,0.015776171933691886,-0.0026392693317117966,0.01362608829788619,0.019080986762756286,1.0352414153552982
0.0179919877338669,0.013006060200764507,0.038850960374511315,0.03469162392453237,0.026516123666646747,0.02440928631139287,0.014760823833800025,0.028176890846102316,0.027007781853430085,0.01217465713580634,1.05487885256527
0.017192374625005474,0.051889921584369544,0.027195449315434515,0.026612868036833957,0.01536470525331935,0.021555671519948798,-0.0006636472637412665,0.023360470872842487,0.01809874207374155,0.0017049796524324784,1.0419122211153722
0.007523983387059843,0.014584936328273202,0.013141594888424321,0.0050966995585941975,0.009286108837473703,0.027741613291868333,-0.0006593374172004802,0.000547628597623433,0.01291659150307583,-0.0048153588868528035,1.0153464401715024
0.006148949457980905,0.040903915538003315,0.026989431066741135,0.04542297950237494,0.02738710116067018,0.022795013664281664,0.011308699753327782,0.013484285538003975,0.026243489130238634,0.002631339148947663,1.0496890803041337
0.011473572625006916,0.005702548427961458,0.004982870109518521,0.019622955334944823,0.00653908167069893,0.016166856922407335,0.005178714057622288,0.030072432846632788,0.007169407580237697,-0.0027951588981952663,1.0286632432560072
0.020796243852501107,0.023643827348527435,0.03513783770814492,0.040194272668130894,0.02245978490042389,0.01610244922127132,0.022053383612774667,0.024765814931917367,0.03515179585969529,0.004611864298903451,1.0506717019262728
-0.012661472680112584,0.019248556265110767,0.02057557386094178,0.03359601337205221,0.005566852102423489,0.008307073889788944,0.002909770930441467,-0.0015802989074887794,0.014051400617435919,0.021573691319638724,1.0313059676403276
0.01756357635768155,0.02915262558745159,0.0065274165361341365,0.024355473367551603,0.016375622008887036,0.024429885084048857,0.005395818886117329,0.010500296543997725,0.015156180832304146,0.019824020975393413,1.0429727615843243
0.016963823026572143,0.018922019127427164,0.023402739223010317,0.019202061845018915,0.0011374744078209058,0.030035541577035776,0.004438899666366709,0.0031094717830800114,0.010447371143000962,0.012142178096646371,1.0305138406407635
0.013840160140584616,0.01905089825342358,0.04127032690859254,0.025044467718812413,0.030161755733197432,0.03566730004500465,0.021777660714244113,0.024058147236549136,0.033199569418768705,0.014624884002812144,1.0552789882652573
0.027167085685800736,0.005953958339326857,0.01537415355957742,0.021576723291327496,0.022123405778091663,0.0053302346249878615,-0.0021773272572066273,0.007779599433158892,0.033443312885637955,0.030031925152492416,1.0432497324411971
0.0073098995111883485,0.034218814505954244,0.0279082241857096,0.03555546230594528,0.018211013719277056,0.021124286646064708,0.006502523103792029,0.03183386609967148,0.02501045139015561,0.023760197699763758,1.0586197874350998
-0.008002306935184611,0.01505737791770781,0.029752073893151924,0.006796545794589531,0.00898591165308528,0.028770031088405076,-0.006071145801986426,0.016742083016450793,0.02438048498859367,0.008877207082330953,1.0291705018195565
0.012462226479252329,0.02949944232470319,0.024772357832058722,0.00967059258383816,0.00651540618929417,0.02574503592594575,0.008048580220294827,0.017915507926272813,0.02695834581700202,-0.012303198965021906,1.0227403315256531
0.012811251804284454,0.0335679275472457,0.023239839861303027,0.03351219890751994,-0.0034036229870163595,0.003543553542914843,0.00920820877818301,0.026433121236832034,0.005433573124944,0.03059276984457719,1.0453025898833614
0.026486920327974152,0.051309012576948476,0.021472827017502832,0.050954742893836655,0.011802063013593484,0.0267331803416751,0.030557663157154774,0.02586580766128627,0.012304615711697336,0.009790197322346815,1.0581419862587025
0.007965596439825435,0.019174224709233544,0.03143964062969114,0.03670005376632768,0.004019739643250012,0.014928954075047799,0.012092768285467532,0.005508806677568573,0.016878006177117405,-0.0010034305373817914,1.029267515090036
0.019888528082438628,0.005445781601540522,0.010477739169652101,0.014111874188197815,0.008097058840338348,0.006461599117736158,-0.0040267338712045775,0.007950218284524217,0.004151604146121018,-0.0001669763852407847,1.0173429176138855
0.025356587071758138,0.0240314486592766,0.033798425073197955,0.010954244227268838,0.01967403619827787,0.03763339765651191,0.015029028281176308,0.04353919057805243,0.010838360229302766,0.014043142307643787,1.052538729732553
-0.0007622940909840122,0.023548028830213764,0.02942852708769756,0.009537272146860603,0.031062099797736366,0.00852264691144142,-0.013220203733749008,0.019903138284602523,0.008803153425985252,0.01577726109656556,1.034981035205928
0.008713669616949506,0.02317515868243815,0.04283451030967211,0.027673057070944848,0.022929439384352827,0.025681932000777275,0.01408395410351843,0.021181798832700282,0.03645018263764019,0.016222917314122037,1.0511972761418305
0.020003784329658294,0.024018498631085995,0.019479591077732193,0.01849033209939814,0.010484513079889197,0.02740954761081486,0.018312462925534113,0.021493974479724745,0.004758017332498173,0.0010021531695774428,1.0336919712439605
0.03813361841416771,0.035609459772819534,0.03867465292087893,0.03808909969003653,-0.009097921891194329,0.020640792347640956,0.012144954336855663,0.020904231919115834,0.021050038403664387,0.029202694555005695,1.0535611572433459
0.01739326150404975,0.02459584106785492,0.0320907874828828,0.020828670713645372,0.015847075488046414,0.020576359511095228,0.018808701929362126,0.015452511951016386,0.001044501686303611,0.01649143903085975,1.0389856520604084
0.007963130093299011,0.03270011846148884,0.0189187289269426,0.029403886159785737,0.006537868608681249,0.0299077094402243,0.01745529880617296,0.02289493066077782,0.017986668266456923,0.0050527765482014,1.0414975263809265
-0.007239512436824509,0.01417964463803223,0.00899109125144497,-0.0057642812667888605,0.0038075265519750116,6.0062622225161635e-05,0.006980654467184315,0.010063469050228365,0.001195152559749637,0.010547748392748059,1.0079615569450062
0.0013741697679788677,0.0055004513704844955,0.00937063185235329,0.014432673183547393,-0.0016951538754658123,0.028043502277397332,-0.011910586714908598,0.01303767673883545,-0.0031300697345109305,0.002902211038961951,1.0215958416592876
0.008437891466909618,0.030687417469029747,0.02145640638631273,0.04169023100471106,0.015398763067907752,0.018900056798060755,-0.0007756533540245903,0.014118582188412051,0.03831233150959548,0.013990366926907336,1.0497826583327785
0.016115981119719958,0.03843268170738234,0.013326230800496906,0.016873034628115225,0.015730311283875104,0.0035593241032810044,0.012145110491188525,0.02197538612933707,0.01182097525725534,0.02229359382642344,1.0388949285761715
-0.00031001558738965977,0.01788099802151035,0.010720652468837605,0.031018699056912673,0.0018088603601155578,0.012603341054321772,0.0037619597107685114,0.007590101479023504,0.010875375338243343,0.016677629586748934,1.0321848068025652
0.009658768594290336,0.017966001504063037,-0.0013397769474762546,0.008812789733871715,-0.007962571868194377,-0.0025731442971331283,-0.0012327072276781407,0.010349585375228528,0.004119546748727077,-0.008021235955286816,1.0040112161944226
0.007814518155277835,0.026698138295409523,0.015069553152646135,0.02575578932101106,0.010364286184110017,-0.006045033302614019,0.01474389835879136,0.0009405180935692248,0.018893328543337834,0.01709440604794766,1.0268841175959675
0.015655102564758747,0.05788220594746376,0.01094894599450076,0.031014302896145134,-0.004077316757285647,0.05067138517982313,0.020629863644268432,0.016203800651278046,0.024258084724829813,0.005846491814852615,1.046538499772652
0.012560777574956078,0.008343823630319942,0.014635475044253993,0.028569355820018547,0.019574629278027077,0.03876306731609464,-0.00046563844471895,0.030847585056878304,0.016839503191210924,0.016590220545734766,1.054758838324818
-0.005950483117940501,0.04118783893210903,0.026373001892799317,0.00880553299811963,0.003181957913724361,0.01992454558165342,-0.003955131609618012,0.014540256675263041,0.022508841421728355,0.008562879192579682,1.0266023641519155
0.0017191315128679266,0.022588159031176953,0.012769933552652168,0.00792137700433832,0.0158776997254203,0.019353197135529368,0.01174109989757098,0.011191659235242514,0.020730850886266472,0.003555179388535077,1.0247616099445849
0.019613646295580704,0.009170841909498038,0.004963384089850836,0.018561535715227288,0.020229834419096406,0.01551409347144116,0.0012694838168328254,0.023097748755287674,0.008989417960961352,0.01748994807093148,1.040451998323859
0.01427597423886107,0.027861964327579977,0.025755310855989665,0.03780089301158998,0.011045497355528034,0.01719852467277111,0.015981913090952284,0.026402374363177092,0.015490698074459672,0.02854341126364284,1.0555784761709113
-0.007770781480649742,0.01358505664816427,0.016014738061634306,0.018047424392875582,0.007473873531022663,0.02875713190147561,0.026003918024623648,0.0257672530040301,0.02494738615475446,0.022856440711759386,1.0431193513681076
0.012476902794114505,0.026565739135665414,-0.0012239040497805942,0.0062369364810205,0.008199039585626268,0.028565858153588447,-0.010772924080715215,0.0059114508885448796,0.0007889646202101884,0.008597107731433525,1.0239641583566692
0.02103863790601125,0.027611954101430115,0.03205401806541798,0.038310012239091897,0.02469213512541449,0.016285810136180766,0.025231775214760093,0.007483137567182774,0.008523561029479463,0.0122432910346857,1.0446181871276121
0.010309747223369048,0.024101720581930875,0.05710245217858825,0.03236867687655694,0.028888927467841545,0.028197348482398448,0.01993499397093636,0.02302132895033606,0.02883520629522454,-0.0009533408027220438,1.0481430609121427
0.008262020581976625,0.016711469705978144,-0.0037186573873313304,0.023831301522346367,0.013506192470156737,0.010792298007137234,0.008379262745816171,0.007941711019753803,0.01397416848516907,0.01065126778184817,1.0298604115291072
0.0031710853658693996,0.005380900766097513,0.014422425670348783,0.0219039369156889,0.001234224873435148,0.03695451199778948,0.015383960072742007,0.0320599957719657,0.016934639785239746,0.009801549265162959,1.0415274457659143
0.0023276277637173347,0.04080477223701929,0.009314621361426217,0.035304843496692405,0.009076727771879366,0.023735895229909362,0.01020477824209206,0.02243041873591111,0.017035993589069622,0.032946483012495725,1.055740280311507
0.005533105358384488,0.03295982351040943,0.030377244468439885,0.031617939775656065,0.013629711783243887,0.024857673159196448,0.004486994564921758,0.022851062371292228,0.021373233392605207,0.02190843142847166,1.0516706411160597
0.024217408100678236,0.04185046015440129,0.027215129071337912,0.03847510924723028,0.0187779733754471,0.02165882795924357,-0.0021246232637506367,0.008630677464741355,0.033670737415949024,0.025911468404669125,1.0560892848469108
0.0033826548097031107,0.03005472815927318,0.025382385552051863,0.030958411003351147,-0.0001124697786898509,0.01164463157013819,0.01818228539033162,0.019450844138644903,-0.0007494974048595712,-0.006673400338842275,1.0250639668196273
0.00572810495674031,-0.009035980023390944,0.03263129754014675,-0.0038052355997544203,0.009865055611535514,0.016676884029385244,0.013308312024296247,0.025221236157559612,0.022573624368602732,0.008841003845722596,1.02359510387735
0.01671117866622236,0.03603821596793923,0.016747140972262525,0.03115980498088133,0.019179370148907658,0.03400233154347838,0.032150192358722476,0.021131326667565096,0.03901776808322983,0.019524017708700377,1.0569755609722873
0.004593319530121251,0.022473485072353576,0.021410974646704353,0.04618869228610652,0.023686984573480483,0.014739431590852446,0.0035582660380173116,0.016587898213609474,0.04758272687449898,0.00397032016275075,1.0491327474240855
0.006798986189463879,0.03141746178086407,0.016728712092419683,0.02134085431485598,0.01864222238392253,0.02213764201842642,0.00974197486614949,0.02711054776535675,0.01535101560734491,0.00126380272617245,1.0383140774284285
0.007765140715072748,0.009339877330617872,0.026684342102208485,0.014086143718531199,0.000753105133122379,-0.007091006884187005,0.03494482423252866,0.016504074437774116,0.01957927942660731,0.006919897399354301,1.018447244298905
-0.016501996732056677,0.02982839137682136,0.01614838169475229,0.03573855381166067,0.011508172713545345,0.007652728367646031,0.006154556621912462,0.008317136768382551,-0.0035309448014595405,0.02805223541004815,1.0388149731395384
0.02245798641124653,0.03733834272806228,0.03287877685213191,0.03215821931520757,0.037981190609894556,0.010175586702580022,-0.004206859138111765,0.020815019941366728,0.005105754605366809,0.016196468204859694,1.0517162807337948
-0.01007984664429678,0.02259746127350993,0.03303294284306106,0.026365232182315637,0.0013195604987316523,-0.005411971249539238,0.018459637375008057,-0.002496640600571933,0.013355991015617148,0.024117886246339697,1.0241610345223569
0.005797327388013933,0.01578969330591183,0.017192119257231585,0.04522025842881458,0.032597855530687864,0.022385837544890815,0.003855204119714295,0.020146114108065497,0.012448307422002449,0.0042495611947765966,1.0505030313329613
0.01304529250487831,0.03812948927462086,0.018219921135037637,0.04057880661049923,0.012348360033875993,0.03889193649217285,0.006091724910409631,0.01952220233808255,0.02233122184700087,0.015212232012491549,1.0561756891508902
0.018060107620381603,0.009452106248409036,0.022011196115286465,0.04573363380967963,-0.000896787168710526,0.029375706364872085,0.00807106767625066,0.019911461443643075,0.0038188373554308847,0.01822711979685305,1.049623257909117
0.00771467666927997,0.01488085674719267,0.024396396431801345,0.03545214290409683,0.0335276764188782,0.015356741102588122,0.004836513728419892,0.026439851657965537,0.027505242713130432,0.017825509134207346,1.0551948835681697
-0.006857267323598901,0.02463267733202003,0.014514114155286773,0.023081781103663435,0.018912866656106093,0.02456632561820478,0.025976757799049156,0.013038721480721886,0.010642685943449817,0.009278750628442398,1.0354077199590541
0.009968498500727632,0.02884227219336036,0.019274401340649096,0.029011957666722998,0.0008620889256979077,0.014693998512049835,0.03197149358196807,0.021265219959343197,0.00015638422655600386,-0.0019104943432387365,1.0287963251002952
0.00413182790643826,0.010368333176165274,0.01621412658068155,0.005591958982992678,0.015936834404060962,0.015292810689669017,0.0019504306900080867,0.02222502370467967,0.015564525906042924,0.016893010074084027,1.0319968072997057
0.018339343850873945,0.03159738707778753,0.02849647415151608,0.053576500881750574,0.00531729416307653,0.03481996997904435,0.025233349384805034,0.008491746497829666,0.03380119829931406,0.016241515045918125,1.0566199510218828
0.011830548547261961,0.0061628767683251685,0.020237873233754256,0.021748916037673597,0.0012259217789601711,0.009171301684185819,0.004744890039744944,0.0021695431106759644,0.026322286429516166,0.016402496650891774,1.0271848194902087
0.002370322826451096,0.04315984306486325,0.010592895840818293,0.01194628406652488,0.00785120976892566,0.020087185416348977,0.02496203264487833,0.00943554550295054,0.013344282577010801,0.011988217958262194,1.0283685596417422
0.005206682069027356,0.04327652738560177,0.010864363912889096,0.02302048883901856,0.017405162105677517,0.011077420108392456,0.000696431481427051,0.00649106416982718,0.015305490968692803,0.0035132778654071335,1.029163163761779
0.007131709967044453,0.033351322439424125,0.022864908059698378,0.02256790068988237,0.01008745013413282,0.0013895156980613353,0.008883909839949283,-0.00023913879187789644,0.0318319493307977,0.02975034742803246,1.0354319810246468
0.01838697708614075,0.014947156735908938,0.03912803283014424,0.04254630405222917,0.004730620289476116,0.03943106649048941,0.01023708466931797,0.02328230709087588,0.016102191849407095,0.010953608154968528,1.0531375281858875
0.03004530126528112,0.03268596856860469,0.03995172147231222,0.013751758106305143,0.018887045550303204,0.01958976751037742,0.01817948360956446,0.011459004766612811,0.02781553977305272,0.020753071503848062,1.0423691320474577
-0.002423163683963626,0.006249441232397502,0.02158832933911939,0.02011998154070062,0.014349265758452837,0.010649592338704415,0.004150057548240766,0.01003292110811153,0.014192749831943739,-0.005567013271421945,1.0202769862030971
0.004705955568253411,0.02826669518599756,0.03802521229694506,0.037535787488226245,0.018598637994018324,0.028943806924447004,0.010929676964283527,0.026920216520808282,0.023942296714063276,0.012039358086916141,1.0539419297610793
0.014171792013229103,0.020159087485366226,0.03414645865152432,0.042083400885897564,0.02111244259581448,0.020435485933293272,0.023968578026082814,0.030644009551076754,0.013488690331351392,0.02943441070089997,1.0628460143869318
0.013054959446486467,0.02177731331621685,0.015837208727024675,-0.0028646765977708155,-0.003288706432095931,0.03605839116744726,-0.008439474972156195,0.00824848683301618,0.022026432140204086,0.009507448184215898,1.0227600187657577
0.00858911336835283,0.044601714603600906,0.03631326670004961,0.04314410929589358,0.02362260330319002,0.01930738671856266,-0.00026364249105188114,0.006773821637180946,0.021346438195455602,0.0070850380234951885,1.0464537840080061
0.011716752410473506,0.028317027937484404,0.02563775191431804,0.04042500542938385,0.013660476093860577,0.029231102232658433,-0.004402417067467017,0.017557696581892622,0.02427748920456562,0.0017511487568115953,1.0460736893455904
0.01784264211180699,0.024711424513744154,0.011107344177493103,0.007952276570166294,0.010635444058199672,0.013008281372073053,0.016067214805907355,0.015473661896116046,0.008506339982661364,0.014916277863250173,1.0288745780688422
0.0010634650243316647,0.032713777726070675,0.02761468555053104,0.03969615750134057,0.01719613424048893,0.03497493141521217,0.0012809828979525161,0.010428730478824987,0.008700923108049015,0.025780697452452962,1.054464409769518
0.0077828049176566294,0.026882762549130114,0.021008905071376,0.019130803504662286,0.0032620687376892455,0.020406183938133593,0.010508302040711136,0.01950275055517217,0.02175345403774822,0.03288658399567959,1.0450143340532194
0.01379604907520058,0.010806648316071607,0.028834833629219934,0.0125530061593233,0.006616298331956284,0.005837520915155858,0.014074296427895708,0.01911603935330895,0.0037405516099047655,0.018973001905368027,1.0293939409594015
-0.0046238951698495,0.011234943776307151,0.013399256844446377,0.02871925552292566,0.026179561692773926,0.029679080176117548,0.006823817781466171,0.015528615870570582,0.007883795553763307,0.02033801517251302,1.046946381212315
0.004948409202250561,0.023245688121587456,0.013003122500710316,0.014526954723960006,-0.004145697254262493,0.008620039477303804,0.02744499404438064,0.01429677028393203,0.007158524823542996,0.02014305218632243,1.0263561032059025
0.012507874769201904,0.022547931605028753,0.022602365975895294,0.028322185616418735,0.02387719726955871,0.005545167198843407,0.020986637469368602,0.004980222893811272,-0.002234731052276652,0.003122494896391625,1.028379839970821
-0.017485741026194438,0.029184214626950426,0.008820563045733965,0.026903175161394323,0.023863999335658418,0.0009425937799542629,0.008693254278626278,0.015789174162624722,0.020600400242163315,0.0051056874917457425,1.0307598761539358
0.023545136674875292,0.02768207598576596,0.01645229771701081,0.030525271114590063,0.013194250184382042,0.01248841612288462,0.004050201987475709,0.014685678029628516,0.014687299091502846,0.009023251777639765,1.0385461656092652
0.01602194864321978,0.01899700832560585,0.010564436411315433,0.004343391350959815,0.019866425266601366,0.017446064165698418,0.016879396575559646,0.003025027487703822,-0.003914137298321513,-0.003984484468909016,1.0154201926347406
0.029243113658699423,0.03314630056238386,0.027469411776785697,0.05033559810125295,0.02054731351877867,0.019818553440056584,0.014833252057096692,0.02063632540517235,0.025465718203486983,0.012002049561044621,1.0582071662586157
0.013873455904924819,0.01853348712625465,0.040939536853132424,0.004926153149521937,0.007073303991271537,0.019648181934643072,0.016985765756333083,0.008552463275511867,0.003034716952289466,0.0041356665482444556,1.0200449694503932
0.00453382757098046,0.01673780886812734,0.0018129143926467473,0.030451877068151938,0.005743403725502183,0.00943187396740897,-0.0013606825572659263,0.020521566019652476,0.01809883649725117,0.00850586345339136,1.034294913856831
0.02610475231386717,0.01929718525771065,-0.010040190964691734,0.04210510585973271,-0.008639693217811006,-0.00420167196956334,0.020841775655826882,-0.007527011076167791,0.006229578900284161,0.007350292535533782,1.0206692022740662
-0.005121014707140638,0.020558674914492755,0.025400669967608057,0.022465804669370797,0.009320764919567799,0.0053320890885047555,0.02180686238338477,0.005158285325650568,0.018069665396211392,0.017479013176012723,1.028489241660277
0.016657942020862522,0.0428019475618259,0.02042668347454774,0.023409542769396278,0.008754068236530077,0.01673223392914908,0.0018066542775626148,0.02991196190189975,0.016868255535365185,0.022315039677577544,1.0481962391304616
-0.002912675566312521,0.018051356904508747,0.04159054220145662,0.02823672790872688,0.01967696906140673,0.015610908209383918,0.017481720073398797,0.006855882666923845,0.026856600091099445,0.004480274970299683,1.0334081241210822
0.02850983287420296,0.024571400353765944,0.030276893074727255,0.03667295354600834,0.028558292245225856,0.023831337341283176,0.007949913482846365,0.0036408175625305787,0.02761022259557637,0.01220893899094275,1.0488384706537095
0.011976086880773451,0.024949251723793163,0.0009245095227933316,0.028942626428969085,0.013034720356640174,0.0024132509617606265,-0.0008437212739442748,0.008236022370849794,0.0366148747225327,0.021105167214194018,1.0385465822388
0.018553358095728074,0.0460376760784343,0.036085864505189025,0.044583079461653685,0.0012014768152419312,0.023231086245572772,0.03242970896221727,0.03645316342378947,0.036838901561869475,0.0102245814492052,1.0572988531468694
0.02845720197219647,0.05949915332164013,0.04099891865458669,0.03498798918531943,0.01979678206995802,0.015364535327918817,0.019541379972626772,0.027483637795854172,0.012028092740471565,0.0168523070230271,1.0553205495458857
0.0006923351517494868,0.028465497581529692,0.023110638963227806,0.039449491892373,0.02421923667627867,0.025768411714298375,0.035568325028064285,0.010273305489303872,0.009867496196860451,0.014879805720277146,1.0476260839465827
0.0003125526716348595,0.030707214466244876,0.02179105254988844,0.06439228932611854,0.008294344289215268,0.032478151083012455,0.007985505597136656,0.02075056536981256,0.01607385869624226,0.01926998371765662,1.063528280488837
0.008932681561954679,0.02104788412969577,0.001413223295473564,0.023283719253665316,0.004361139151056002,0.005526002703534899,0.0010155056438645891,0.0006774900698174715,0.013109208484611617,0.01434985692316421,1.0248543860670603
0.006745146056438913,0.039810926739569895,0.03033977466581092,0.046805755121549386,0.016257805829038702,0.04331235588055213,0.008457158327680984,0.03303431320879664,0.037770782098587384,0.015596752844736217,1.068399454494243
0.018746822910590117,0.0043678291354621035,0.00017975939866264785,0.03403922112691568,0.028004288943418353,0.0038381343449208818,0.001752893731024681,0.031740648535771736,0.021452565738765694,-0.01569680163892908,1.0345958637190393
0.015598017277836803,0.03344827862627942,0.013898314206047039,0.022640083853491696,0.008026090960007216,0.027716696065277914,0.00888378676048745,0.0190101808583997,0.011834331208873177,0.03283320515053109,1.050077049908631
0.020534499524561104,0.039566261015984996,0.01614808985852333,0.02792226403210882,-0.00026419392639249247,0.013599601048864176,-0.004746751878224079,0.008378366309470388,0.00340496205549958,-0.0035416722958437463,1.0246928672682694
0.003336935146840655,0.027008500974278787,0.024915139263989194,0.029190381302868988,0.012751171083553876,0.004989890445855051,0.00951623308401875,0.01587943506889063,0.010120827501997285,0.007332146788224679,1.032415333653873
0.015369513072966107,0.05228980028920176,0.0173637136677241,0.049219396639562235,0.004995511707704067,0.04146313129237315,0.008250348566287303,0.033228922274603036,0.01987369925079241,0.020612063251952983,1.0675576316794206
-0.005957950409532689,0.010614737604764408,0.004600199935157598,0.000332215349484178,0.013675111301162023,0.014062581307413995,0.00562178702819806,0.035603888099636855,0.01822087720638557,-0.0006476457582946897,1.0240944887872057
-0.006825274587904976,0.013769785092613888,0.026406121878526808,0.013466398249996,0.010139337788295148,0.01452398372012561,0.012319390431104978,0.0031217324514725836,0.02217750718846496,0.01528178597994721,1.025508778257623
0.0054840230202142124,0.010671548566184665,0.017715562877108713,0.03261821088151613,0.016187618004062224,0.005821709178767712,0.004292878987574829,0.01593870557420586,0.010755910308791014,3.818451018159329e-05,1.030694852366591
0.0006420054616487949,0.02576404041483639,0.005911430172188377,0.028459621420683683,0.0396951996822325,0.031033032098208405,0.011098023585165637,0.004058611785585274,0.01768663969214819,0.0048601608390498995,1.0420787633228603
0.014156210927409584,0.03272042423180081,0.04087990276537171,0.04949511454450574,0.006793957049792884,0.02951444701202048,0.013188023893985988,0.019109137314929907,0.04656157885247789,0.026970828892240624,1.0643551011937207
0.015217453906743124,0.018717336580477358,0.012818965532769351,0.006966665436903963,0.033974778385771016,0.023906964141155826,0.008809073799499056,0.03241213325370879,0.02839057552201362,0.010136372699111846,1.0445026083634077
0.020067339486576033,0.021564741114316697,0.01898294958008461,0.009406749817764596,0.03224708270526064,0.03159726735416973,0.016082190962088704,0.03600153156023996,0.0001258383809451067,0.012883734083550969,1.0477117547795576
0.01040748748569765,0.0238221593685779,0.04608787531912393,0.03276898648158044,0.017614761052267894,0.022104072444923233,0.030291068940776062,0.017973008794105596,0.022519255012004694,0.01470200305003153,1.0474521387540536
0.01820844466717349,0.026321288716381994,0.018098381708469564,0.02227765360218681,0.0133122006089022,0.013593133514244918,0.007708813528629503,0.02225398808904614,0.02014400850901467,0.010331440122007735,1.0386048958917617
0.01645778871650309,0.0389835102708487,0.038067321943859256,0.03876021158553177,0.009377386555693213,0.02852301983666675,0.009427386576376352,0.027820939799786296,0.02365787446581795,0.026189526692032845,1.060923032910195
0.014062504357787064,0.028026338457926642,0.03716368612881685,0.026150371981411426,0.025343960930028966,0.011363751938525492,0.022990251372109884,0.007614196787517374,0.022022419855462064,0.009309415213471329,1.037423591512157
0.010609847852148547,0.0380137702873485,0.013820880580558028,0.0368355970637304,0.01866969964031371,0.019396808291168084,0.023161550489058057,0.027033607445750285,0.010844105233327116,0.0154702750371758,1.0514323624251345
0.009085298459644009,0.038820346248587566,0.04112055840491791,0.035801350003893666,0.015543418321955329,0.03414080226108625,0.02939367438165997,0.030297153428098043,0.00289584196633531,0.01543575922522171,1.055498478585792
0.01114973755472981,0.01071835622905357,0.01775399468530539,0.027841066315269163,-0.0014427557886355236,0.004679407223652525,-0.0021160471492611133,0.0019325338802084705,0.03158038124225652,0.019620657194929933,1.0301237037585005
0.023873685672836688,0.008862698526127125,0.015028034657024526,0.009301432180500759,-0.011666087486906132,0.01661394497454192,0.016909495741683513,0.015165238380375482,-0.0026142145467621183,0.010379808935766201,1.0200619878466468
0.02623026700105663,0.03915346018532487,0.032980496188246715,0.06100697422744026,0.026820774831882617,0.030188235129436605,0.022297717277291004,0.03977795028304765,0.009281054984650334,0.00698010725850488,1.071290345809889
0.0030961747554091226,-0.0009868881299861625,0.029780757801236457,-0.012779695254910205,0.0019264689759407733,0.02765973786350287,0.0011179063006798457,0.023014391218371993,0.0012261414902831804,-0.008621430821654997,1.0092421785981889
0.007546894783042192,0.003455572504287017,0.004372659516596648,-0.0011736309548862726,0.01964446197854471,0.015027096320108877,0.001171858898698092,-0.0029463157212418975,0.021028191253275035,-0.005261618314883388,1.009927467275979
0.011054432463094843,0.029147410127885322,0.023806827924471766,0.019235780452729334,0.016799206231946095,0.02056988871747869,0.024065445138006777,0.03300768194527454,0.01710729066990988,0.022238676304484974,1.0491546638543006
0.0012601650813904384,0.027284672905127077,0.021071153374912825,0.020367889327505127,0.0026733947598504212,0.017439812963696857,0.0033842889844933003,0.00316302805589023,0.027580414356074587,0.013901505151907564,1.0292569913191367
-0.0009355058729124763,0.02285900982047244,0.03606312467911801,0.03875080822072356,0.0192970060486832,0.02784382862639939,0.015702141692766708,0.015754044312246255,0.026153534613193415,0.0009127424044566637,1.0438697570232662
0.001757812175017229,0.02819437509409388,0.029507352904366253,0.028599774377563746,0.000203398659925573,0.019616014203591506,0.0004150006731664258,0.010483688249485833,0.017247420795150264,0.003970292877558889,1.030232140513983
0.00759622683091989,0.03187466161420868,0.036363554569660075,-0.005526112409736401,0.016903304489798862,0.030000367540656533,0.0020293673101011035,0.010751785292311874,0.020384514714086782,0.014790229882195093,1.029576507623722
-0.0017881434262371643,0.002113144394014733,0.020418600848430273,0.018313875719487203,0.014228495248155903,0.015366734894943621,0.005624555574149187,0.008754962983422723,0.011870283005776038,0.006195320839514167,1.0253833077003545
0.012300998233700483,0.02104508159454972,0.02909182996472695,0.027246961399552336,0.02612726208705385,0.013291515145819291,-0.002180171368505849,0.014651020880943394,0.022853293512900164,0.009459864854952258,1.0408784516362666
0.001182049146493492,0.039621887676446046,0.01139028505454363,0.03365767130612634,-0.007190741043853309,0.01438216719982787,-0.012091355763394186,0.022627065337506663,0.015894601633810027,0.02215835398248906,1.042272766825541
0.011488285880869312,0.007269417012998706,-0.0007184383216274418,0.012889007336259058,0.009854421697936018,0.01248793963387638,-0.009510984458955745,0.028818353389455587,0.003626351067655083,0.016115742653412278,1.0336508164987397
0.012418667982236793,0.02717039848634753,0.014639044264633222,0.03407679544465608,0.016381885538067464,0.016359571645487556,-0.0069238099461013496,0.022981028261372924,0.007096312844556297,-0.00047951968169812273,1.0387557165977512
0.004777969913568374,0.01944937278027243,0.007435998574207528,0.03836529653949684,-0.004108113719932289,0.03166089278584194,0.027285814275434552,0.013740670736625214,0.02211160620866457,0.011922220445159552,1.0413497766199118
0.012576189556615354,0.022445859752764086,0.046507460124407346,0.03256541805041504,0.0018763196682247928,0.004119140167387524,0.01389119652086129,-0.0010955397822328579,0.021363886127327394,0.01117758356899047,1.0285052734260216
0.0253155857749554,0.018664813334451674,0.03115483907039444,0.03407856878225161,-0.0009997603251635703,0.01504092666237932,0.01148835713482247,0.026709284651316646,0.004158614221323877,-0.004981376629819869,1.0333772611084864
0.013279916410592967,-0.006317195095236271,0.01113475184294238,0.023188911771719962,0.025201114460979824,0.018892732592824955,0.005061875339678013,0.028370205206967335,0.004436006262917949,-0.0032875651025404094,1.0348696186626503
-0.0025098569153179685,0.01935105470012801,0.02715698370701629,0.030218875756571544,0.015929011227462434,-0.0014906521851313463,0.019183384511486115,0.01819411726557309,0.03430525067171278,0.003621931694123129,1.0324878282218353
0.014914072101837908,0.012870819421171732,0.007447716749763962,0.01879471666490501,0.011502679285385385,0.005114950021780814,-0.004925862066009393,0.009953877344765756,0.01425862443801161,0.007915138139746333,1.0257492626874547
0.026075592937238205,0.03537179637617885,0.028444474507604754,0.04299473773598472,0.013698094538133955,0.03496732613860488,0.014580094670744328,0.02499086989425512,0.04832577211605503,0.04420366883503264,1.0769364146717002
0.020110947899969252,0.018426663120192522,0.013402966994032844,0.032391353496766036,0.016951680360931497,0.012547303111642993,-0.00373638737985401,0.03443949143159586,0.03498880653984159,-0.000546595321425522,1.0447824240761772
0.008599569710468704,0.02966749670948905,0.029219917317257788,0.013875857364113524,0.02356784997996343,0.018970287467517853,0.025440492314876825,0.03251506277947738,0.014130450926030193,0.005830707205155239,1.0397982920839426
0.02334652318324721,0.04124775862176841,0.03711902560031876,0.027235885947712164,-0.0015892428698543737,0.02870276290040539,0.007167350968116728,0.015829684166662483,0.013981304526094064,0.0070476048563826565,1.03869254417155
-0.00015537917755234845,0.0120615235967141,0.0253644371068783,0.01893752220349579,0.018173766123737424,0.022446696806556504,0.0017295108955912384,0.02355125456249022,0.010544525687548299,0.002986112822362044,1.0341187170345558
0.012558868808330535,0.021300983023579252,0.02718022051077927,0.019617781118987456,0.0025826577914071624,-0.012057023001694919,0.0007405748510116578,0.007436276900730856,0.017122313206233312,-0.010248452254369746,1.0099559818771342
0.01662067566487444,0.031122519221522503,0.02561683467566439,0.028610575782406132,0.01758652073420627,0.006192890803339141,0.02926011781253528,0.014703840476342864,0.008794137690419953,0.012119222000357633,1.0372955895442952
0.004451107049347426,0.03801899993626702,0.04631261560972205,0.044771603159978135,-0.000902859357577895,0.0406112533621522,0.0031432509695927258,0.004625797607711455,0.02474636081526803,0.014362995609546193,1.0487796996753027
0.02411986005795065,0.018684024768851268,0.019118064481308927,0.029191892603118528,0.009263202495355647,0.034915585004928196,-0.005310199994177112,0.019734635720204362,0.03896081914701233,0.015113925299704558,1.0508372531639383
0.007533617192829043,0.01252441287334793,0.01605338531621579,0.004592257772810453,0.002743196527324871,0.01577814153907467,0.009436857684518372,0.014304821663341393,-0.003035324547187324,0.010908663064827018,1.020241677678572
0.0006365961112500262,0.03172952171570216,0.00821817286933201,0.03891856327125197,0.027787995707481847,0.02393442636791371,0.015608059558187294,0.01961707791599596,0.03014848743285719,0.03349434482411097,1.0626660675846717
-0.0026608510302201438,0.024894381890025907,-0.001712965776955155,0.02810479144071283,0.020397390136582833,0.011196805957529404,-0.0146144660010778,-0.006384490066038651,0.020619136360813903,-0.002078881903082531,1.02285668561785
-0.0018645050574317493,0.027154802285319826,0.015316950470955805,0.019265255742222123,0.0020208499708568974,0.003592166208220465,0.015194211267351274,0.0031370819016135225,-0.016071813855068798,0.0033892056329801632,1.0135449734331632
0.017957156117084056,0.05884450292639207,0.03754424294100043,0.03084623306953677,0.012232340517525416,0.016173118630031295,0.00304847185118433,0.01287366443956004,0.027926829623149182,0.007437536843236716,1.0420485332917524
0.005166103515213556,0.015689058606086225,0.04019048270107766,0.05183331140587171,0.02674488107153006,0.029949714498899622,0.01661130652449728,0.0028930384775869393,0.02873792085204609,0.012861930237543765,1.053981987811794
0.007171824220491873,0.02716156602845639,0.03314215423883236,0.03616524430179154,0.013667797429859005,0.04141759471485723,0.005828291599801108,0.011405257414530925,0.011529094667033758,0.00790682621543864,1.046418082541883
-0.0018227989840717707,0.006917417776071915,0.028291824178119894,0.013208748585716207,-0.009766042687885943,0.00899554761447113,0.008609066364691002,0.011781715924339473,0.013702358364275522,0.009937652948562008,1.0178095114035368
-0.010811907549906435,0.023165471312220468,0.007296212526409992,0.02353078952745692,-0.013886836287065385,-0.0016881202538374298,0.010683282324032036,0.00991008241681783,0.004188257609447708,0.031036215573139535,1.0257335102583371
0.0052558388316784116,0.021413778521885068,0.013803345129338267,0.03976878263855034,0.01002541785442018,0.01688577921123454,-0.006706067822530411,0.02739682022280956,0.009771804574193,0.007437906969850578,1.044078872955883
0.015072229314595911,0.012027833321334698,0.013700237205605812,0.006061255358913012,0.009391279452929124,0.019413040364425257,0.012339243812075027,0.022542178713622192,0.018995763522125484,0.014384849186819634,1.0320987810115263
0.010155006969942457,0.02374834850603645,0.010086934385603265,0.03141154676577896,0.011613593312920794,0.009288279861547599,0.013910566305441952,-0.00043540327791206056,0.02258427959610797,0.024407509568223133,1.037762902617425
0.017607636499029876,0.06553636403011806,0.020891968980227684,0.03987535568351678,0.025318158022068146,0.027114344946898745,0.02227410561282658,0.042780296866868545,0.020432475634567283,-0.00669493987541233,1.05691509814617
0.017640961846620458,0.031087694711207887,0.025225702045984448,0.02218019075510863,0.03103754191884716,0.017808043286540863,0.0032514660481458846,0.008257929486415698,0.02642272819807086,-0.00956855973312996,1.0315519202594765
0.01494642696800802,0.03439450083875706,0.023393418628417643,0.024280061489152918,0.02464534573987681,0.03743790686998524,0.013423563997761269,0.020818104181125043,0.03882242222433253,0.024145511300874598,1.058633605117519
-0.00796432917844326,0.026635062462474938,0.025829343687749227,0.03969590318420584,0.00991273991321098,0.012605040690525825,0.003351616011867833,0.03521932796805449,0.04344587119565936,0.01094545795603198,1.0504252492377864
0.02280545169531209,0.028833082058030608,0.02183272288313981,0.0033762190773846575,0.028621078127968373,0.010019869263405569,0.02144570917003544,0.009793560044994652,0.012106103127881752,0.007032986441374253,1.0268563895994134
0.01365157964900216,0.03292873820992363,0.011805898691023015,0.013263759423585372,-0.0030090081157314666,-0.0014962816144414408,0.005029052013711432,-0.0004215429925629264,0.013975269784588268,0.009798393816723847,1.0152774770617583
0.023125301266204098,0.03795805170092263,0.006649762915454221,0.02333302175754329,0.005358808646563713,-0.007861715419690673,0.020490072278176924,0.008033884590993433,0.00424998397355031,0.03324709667584917,1.0347770646205396
-0.0011659982609353615,0.028853124626946884,0.026402493563347285,0.033460281660864254,0.0038958935945786087,-0.008648736077581543,0.022750551234736942,0.0030824906138223534,0.004141496160428509,0.017248061416572424,1.0262273381940337
0.008555656728323344,0.014746283553691605,0.039715173578399904,0.029487701216472553,0.021868587051911408,0.011588261394831677,0.0337565775795991,0.0005046446425160736,0.033147591211266134,0.01182937355796357,1.0360546802325272
0.019446619827499796,0.03919536941005632,0.05260203298252249,0.044878242197374844,0.007107650310159898,0.02438277615487923,0.03604528207422625,0.03755738170101326,0.01987334524788738,0.02342535661475162,1.0642772356867385
0.011330652537383822,0.01614039785322985,0.04017026360774854,0.04608913275094366,0.004858814492726338,0.035417246433730405,0.004723774805341129,0.014767405547099169,0.022580075653722192,0.000994885470022154,1.045687436231304
0.027910670791797265,0.011292648274043318,0.013879719847743466,0.018329567288299025,0.016730063113866912,0.006665245314089441,0.009390801911004311,0.04199297202028409,0.0167946719596049,-0.0026175048612439057,1.0365590932963704
0.024616731992735376,0.023417518131266885,-0.0025453084579489284,0.01609479978495846,0.011467805973707532,-0.001677134450173777,0.01676654664585355,0.009678751091452317,0.018249969829180753,-0.0050778432189638,1.0180453863482113
0.0020846284769271816,0.001599399577726257,0.023094352110112147,0.024088419343347378,0.020634288062311483,0.01318363467494978,0.0038740557149393676,0.007281937934834797,0.00861974534075189,0.012991863842481532,1.0320271903850604
0.02002700053019383,0.04857687342297529,0.03239693534106116,0.03941229522148542,0.019384077454060733,0.02446506805821417,0.0018720359528589681,0.013809181410373138,0.034621133404283404,0.037251702089956006,1.0651663116364538
0.007886491428148994,0.025624659579636142,0.03494160058562678,0.02976736758914401,0.02356148336185968,0.009003121794662018,0.024833881890249883,0.003528581299011459,0.019944022255453806,0.016459117396628076,1.0384083486391915
-0.00659929583639119,0.01267369893324664,0.006589910117643181,0.016967703790428692,0.009570264115550476,0.014569129067958188,0.013428821785351298,0.03337935203475346,0.022246299145573977,0.021911792185110884,1.0409896676284645
0.007746878921378267,0.012032582968080957,0.013670353702067768,0.0032869768034088018,0.01060829569108051,0.020502339587012437,0.00136613224465042,-0.008414387478073996,0.005431886812993352,0.011174239445521475,1.015821367743829
0.007639713299242075,0.023341791991976037,0.023497130323661516,0.012467720737780455,0.015493418081157926,-0.007555670978624281,-0.010461073030431589,0.001650736832552781,0.004146995517948126,0.00019285220014519325,1.0126776121153223
0.0005188101540823976,0.01733742541648526,0.007970930215778233,0.008327343045362671,0.0069089870554023955,0.012234182740247184,0.012985103572571618,0.006109905444886918,0.021310423103986356,0.003700478311102094,1.017628366623219
0.031071070691100107,0.04290519932771133,0.02468958183390165,0.020638682569296834,0.011119023116556145,0.026929042355656598,0.017823838234076652,0.03852371053331266,0.019035535517676182,0.003934035696948855,1.047221479963071
0.008752364314598846,0.019695265426753494,0.0177904861452138,0.03533341139867882,0.008483760758123526,0.012939179139376002,0.020235396692732287,0.02175753124330087,0.01836539239687579,0.0038914379634960063,1.0376852254945326
0.004624489992361708,-0.002756490398527796,0.006836415438004287,0.02294477117203291,0.007119006860129726,-0.006818500527090692,-0.022297692268949815,0.00273060377553855,0.003224280822166542,0.011045780413911386,1.0179001327383705
0.015429541638412845,0.0365207982274397,0.03133802387150166,0.03508252361822355,0.010340458859771244,0.022702502275129637,-0.0031035733483038824,0.004291285693730537,0.0002987869311844721,0.03150106214035892,1.048161038826605
0.013897120505637055,0.001712476335032834,0.012268469956401675,0.029094467008640247,0.01216798903927747,0.02112141581541558,-0.006378166031988196,0.0028388551168921916,0.005259871920945989,-0.0015107556541706854,1.0264232407455571
0.001909752374376638,0.02955701784972744,0.02064374566152596,0.007832142304549013,0.002163757852149154,0.017193657721731093,0.00801001930896407,0.00536581903827107,0.005684032852338119,-0.006815390062510569,1.011965405441971
-0.007727984130467365,0.010362464182346744,0.0065919214862762854,0.025252174166630677,0.003365199678805544,0.013568559531732582,0.022777536575607556,0.01836936909417909,0.032332523573732105,-0.00911189952737511,1.0229164664606336
0.00821750808700381,0.017900244034441758,0.048220244558728864,0.031085553745457233,0.011145749996447777,0.009066632998175575,0.006695459838032751,0.014131990690050951,0.005395562702163665,0.014673812223695138,1.0369448457351802
0.007557809227449728,0.04348353276590957,0.01904498609595997,0.02300403117440392,0.012879280421506073,0.04209099042195247,0.026921735919733382,0.028549712449819707,0.01054762334018635,0.019651698729276124,1.0530653960033685
0.029126645839789547,0.04168412571756268,0.032667683546204085,0.033787535886566133,0.023553881625859,0.018662360266393785,0.020967733712192824,0.02096819030915335,0.01910333827345209,0.0292144585587091,1.0595178760094859
-0.0013713156711422907,0.017343846642909076,0.021026099104434117,0.00037744192363324026,0.012788174213302656,0.014802143072195965,0.013889302164890278,0.019513334078621433,-6.584524237077116e-05,-0.0027286866039336888,1.016273668608136
-0.006074339917579342,0.009840902801022585,0.00820882903361895,0.010083232087750183,0.014877933913966863,0.003583198751926764,0.016350115056008772,0.004640847816773527,0.017887026967703223,0.0034965735279067107,1.0156901311614197
0.02025721715653913,0.013048486113576027,0.027467205808358864,0.0368583337417893,-0.0009010107018047296,0.016089138452544283,0.03686316215114787,0.008845694150713627,0.02968927049034234,0.00987617826984045,1.0367735472932458
0.011486437517698445,0.006267675191938533,0.015892948553395507,0.02239370176873547,0.008074006809897023,0.013914184557013353,0.015780306784386786,0.02351892262084053,0.007166909518283486,0.0173183904607694,1.0370006815371127
-0.0049758702992353816,0.031542287758903956,0.012491519738892589,0.006348524883751221,0.015454395387989504,-0.0034007212332749833,0.011944023900765571,0.02260417280123917,0.030229220499056204,0.012844073999933925,1.0267841512648557
-0.010349418758290558,0.022523511202664857,0.042390021045203674,0.00028786822073477436,0.01625635756955762,0.005338136423419744,-0.002987133401479533,0.011999358959421405,0.011236682093724793,0.0071610795488898,1.0177149584364424
0.027333457713579583,0.033927452449729896,0.018215745415189874,0.031787207362171534,0.006812266640323885,0.015177833731469217,0.01060026058851351,0.03376847238774097,0.017224653704434302,0.019232625686798076,1.0514222882763753
0.019259247178338882,0.007175353089684831,0.01795565241652401,0.026146726658821028,0.013361050800598297,0.02348835992799508,0.014381248996839003,0.019069813812503344,0.010723445660407777,0.021823396291416844,1.0450907692145481
0.009360492940029313,0.016473935572265452,0.018093844376915094,0.03628763269436546,0.02362772023775611,0.0371140772792108,0.010486597055205075,0.02248798079502845,0.029927341151735863,0.009125842262477547,1.0539794540702956
0.015386405892689204,0.04006597202158459,0.025021717852299157,0.044329869150035374,0.03943418636602937,0.021261194351487014,-0.00462788379049852,0.022665936129476802,0.025853737349066357,0.017059536889651887,1.063724984217988
0.017219973445407707,0.04378243133441569,0.020838816006415392,0.03565959055450669,0.010640415618353693,0.012684107738798203,0.022923353718054144,0.026088957408790497,0.01428063539464857,0.010360712671838692,1.0455611851466597
0.04126524722831944,0.012201604148519628,0.024841622695417048,0.032785460581173514,0.0334120026491867,0.03862174246791423,0.026300432671996984,0.023464125278389678,0.024731560963845833,0.017203381432134245,1.062797364063504
0.001073822754273826,0.02592362794216304,0.009469006595844582,0.004320380325130033,0.017081727404800698,0.028859630184379002,0.014367146755516869,0.02891118205583723,0.01432762931597846,0.024499809532223516,1.0423953730943063
0.023017763614924323,0.03382393873247647,0.03340077999614373,0.04794906805369132,0.0023051797982672675,0.015648231814640187,0.014451920922040814,0.013261016306114062,0.010733129130509389,0.018478574691853718,1.0485299881526546
0.029928803647689642,0.03397212783123927,0.050950558460730655,0.026205334452556135,0.0239329607912441,0.026835242332877495,-0.00483668830652716,0.013300591033910014,0.03378072436761155,0.023903701817684017,1.0552945764672628
0.007410639983774014,0.021083103848164808,0.01744507652363017,0.031650150596143206,0.0069424120499204985,0.005555722944192639,0.01081662464702508,0.00721123408193276,0.001757692184788771,0.001408341037357843,1.024663305197242
-0.014409532441160859,-0.0020081950918550417,0.027896663605074746,0.015942335589897504,0.012539469546603593,-0.0060734358229520774,0.004365136167526377,0.003714599715007926,-0.0018244990372759638,-0.0014903138527633218,1.0085475011187035
0.02387706760056588,0.01468189255129828,-0.006764730089048123,0.019012946124913572,0.02523206495763566,0.02201241643477996,-0.006096014821051944,0.016487052339490386,0.01716908692131436,-0.004427401542929584,1.0327647094984174
0.02489606440592431,0.009426118136833386,0.012615648733886028,0.015033834990491058,0.02057530392704597,0.02430071549652737,0.0052127215569912,0.0194207016760923,0.017489228177632224,0.018565505364497203,1.042563234150326
0.006432791652559685,0.004251421599073128,0.01099965797103351,0.012500233132228245,0.01846596828646064,0.016854270130997058,0.019668081126390385,0.011151391877189255,0.014451591737216309,0.003502895707642473,1.0250663717034203
0.01572435661980799,0.03882139397697769,0.02578371426495373,0.04020907408387387,0.027583692005799937,0.020032904063695955,0.01338926871683429,0.005677913084748786,0.025540947793240537,0.01868930486653952,1.0520041329067304
0.0063926296222869645,0.021648361657547938,0.022543764568343498,0.0155344016731856,0.014658626959223018,0.019228741578712363,0.015509226465619506,0.009726954027357114,0.00483006512901543,0.012857397118089847,1.0305602687149464
0.00616317750221951,0.006973654870252811,0.020193700246006648,0.020510297129429512,0.01869559728238787,-0.0029048648677498703,0.010646329667341822,0.015856838189250353,0.006323469506726364,-0.0034686795630188075,1.0208663408010614
0.03297593130121755,0.03523705399734884,0.03892616108441179,0.03883743405349285,0.02737659902642417,0.0327464950041209,0.020698822978141674,0.020153526071451305,0.029987273964680164,0.0074717216975647115,1.0580133367282978
0.021460680163714427,0.03049422662577505,0.015526845226609125,0.012529865571416384,-0.006234005368838563,0.00022525843467270483,-0.003777751741770658,-0.0014609043874177427,-0.0015648968076622926,0.013600002001034723,1.0150546431239909
0.0007393429380884182,0.019802695550598957,0.013595340393952408,0.033761299042672235,0.000131788408192069,0.016733524204963893,0.009917188647469972,0.011232921980326771,-0.005825028157786809,0.0033668530125611626,1.0276033502336615
0.009306124349628409,0.01041420024434395,0.013104374346351711,0.026001842014847065,0.0019823565529683822,0.05291958788882749,0.01885934245794067,0.014478185916138924,0.01896159594381362,0.012430522436033192,1.0442526059593191
0.007769455326118543,0.020532133604829424,0.0008440545943711603,0.021603822484666396,-0.006351519901266664,0.02525106148636611,-0.006183236116076723,0.015332506899736937,0.001737881931232036,-0.0046355378036578845,1.0220871474161397
-0.005431939001459553,0.03492582438491567,0.02161172129250279,0.02489380471352959,0.017030105803438063,-0.0006431626976362136,0.014381928425280702,0.03316522381706634,0.006880438352881518,0.040368552865071294,1.051348468164128
0.01410599226532951,0.018605422064937163,0.02726376392569725,0.034655617323588205,0.018659716156074188,0.01279049924425389,0.010403461057889477,-0.0038915766443962142,0.024241402310123703,0.019856614882685975,1.0397294734861788
-0.0024377631902286097,0.009581447548862133,-3.674583608206071e-05,0.004356628645098094,0.0064271572770697675,0.017183448178726874,0.012818105587227978,0.01181565709520243,0.008718429247788826,0.0012863333082808147,1.0155538005690474
-0.0007497700527948348,0.022154041270734517,0.008813539287933705,0.032149208016387626,-0.008438154106305417,0.011292956363203191,0.012152871392255935,-0.011063829752410265,0.006575115453571572,0.023145896494582617,1.0248429965070818
0.003386973304279286,0.03250589604186743,0.00023838001261406935,0.007007734143462178,0.0011915557870721114,0.007198692109784766,0.018893574061104416,0.00395990869320652,0.015748405466887848,0.026046804015515602,1.0241541981396014
0.009479082206467567,0.039793976620164415,0.038123322934834065,0.02207734383836906,0.011743919999400826,0.015678625541990832,0.01726860752366837,0.021611220294939365,0.034125202032276966,0.02084596110328653,1.0456031104840875
0.024316012157189086,0.048810321066797564,0.040421627974860666,0.05253976837379249,0.0354577983254944,0.04784417947961517,0.005131606077743997,0.020082538364378982,0.03429699558406546,0.016178586442905336,1.0760547650276606
0.0058746969927959605,0.0142219578839324,0.0083740226124042,0.030483491645798978,0.0001241657925714788,0.009881592232987374,0.005791136393772348,0.015364771055938677,0.023876407385794517,0.01568014983441764,1.034997480635105
0.022582237659432673,0.0066710681865379765,0.01414460916469116,0.012925297678608545,0.008436569897460998,0.01705667547758105,-0.007656924322085042,0.001643300101371089,0.024195099241951352,0.0016775424973049999,1.021504924165533
0.029815483103479958,0.040816040435961695,0.04856941276350653,0.03845578823537037,0.024069755164332768,0.03497086231763885,-0.0026238264765375864,0.026480505660942132,0.03240293074844048,0.021466368752175374,1.0675115294874087
0.004889321407597851,-0.0032122150077910083,-0.017592672597245698,0.011300013152402496,0.026494451494220146,-0.005577645098808266,0.03235434306317752,0.00781331380154273,0.001050014194936175,0.00298485949196328,1.015169859411747
0.008367300256332665,0.016615855700689883,-0.008766316832721194,0.02068069095956424,-0.0009545372816610947,-0.0008015911226247393,-0.005522729850389443,-0.004149509621564155,0.02610842631221267,0.010610194868154307,1.0174320414464328
0.0008166482159011543,0.04632608035374139,0.04097478158639308,0.0424904079272517,0.005723877513915175,0.04297737851872191,0.007943045535728735,0.022612021922727748,0.035092281128371636,0.004962267474625751,1.0540321444828118
0.018255490641870733,0.011861022034765424,0.018252880664290764,0.011858686367599857,0.034540414906071376,0.024761671172545633,0.016426134237707203,0.013957563934734636,0.031067731265557386,0.006503329321617099,1.0385933961872176
0.005324980730984762,0.03244727614321175,0.03069660515047666,0.0160394844261529,-0.006550069224973028,0.0030849650375911666,-0.00278445365175339,0.011559185201233927,0.028453011493152207,0.00543719270839582,1.0207607969731003
0.020134252635286433,0.023008598127258043,0.030029140029860055,0.008858316987335801,0.013700942802554954,0.04029376347877706,0.007581696772015148,0.030072885812389528,0.010010037736726065,0.014327707925527518,1.044794190093722
-3.8696438667064e-05,0.036757400516287696,0.007443342920966222,0.008696867406609955,0.013991020022426436,0.026070045426523927,-0.008434271585324133,0.011065870333622663,0.022771611117073397,0.026878842278981085,1.0388078854217875
0.027378328750795974,0.04817314514573802,0.02604875722127858,0.032344077399057036,0.010976897353900077,0.031548026609471966,0.010696406407532328,0.005201355784635424,-0.005959304539134892,0.037075834618627526,1.0540462192446918
0.01719921554092764,0.0046667035390430805,0.023883868870913164,0.03087339697415125,0.0016287502842662694,-0.002704369805845531,-0.0030139653690740287,0.0115693465860548,0.0026661890151729716,0.03490390568077303,1.038164257812505
0.014747188889487717,0.04607130257343206,0.03341918072833215,0.03277432635284865,0.02452972980008523,0.04533707414641471,0.009552486566773573,0.020044619503706604,0.02998642207198352,0.03078057092379549,1.067911117271212
-0.002260311189909943,-0.00810964461337892,0.030361210459850442,0.008826137937563688,0.02179217734595741,0.0231639495497529,0.007739775954150685,0.014267114646122575,0.00529928790279576,-0.004768295994428729,1.021246012016803
0.021694227994143854,0.02623470210885753,0.0215709496547016,0.01377551735304226,0.004954608177772777,0.019230337120188824,0.01802842505585797,0.017786585885983138,0.02052154192247676,0.023480657934518513,1.038981692315171
-0.009396080061580436,0.028378205541527774,0.02300119587043455,0.030962052432110386,0.009950179261413478,0.020519146159411836,-0.004319145071961695,0.015368772057887082,0.040434704109014466,0.02488959750652883,1.0475093153990966
0.013140239379528636,0.05822920788509515,0.02400606930197482,0.03319921684713631,0.01602311400588027,0.047204865823360365,0.021027830960295243,0.012007977959376028,0.029206521581691736,0.023767439809309482,1.0600005382713864
0.022185959624830113,0.03200571123284619,0.026802090648483323,0.01856154609250374,0.011887205145564149,0.023709970119146977,0.017638976278486138,0.02382688738502151,0.00926914439348662,0.00392660471541996,1.036931783786798
0.03306837970701131,0.022947459048116292,0.045099037099091605,0.03026973069996259,0.01527689194774994,0.024075922392384524,0.016765175204749426,0.022341655081039382,0.007821910863880229,0.021032940749219152,1.0519119904930976
0.020168265138803515,0.01556238420164144,0.031195724178669667,0.008746648826848509,0.0023490274602652765,-0.007769165838068887,0.003401269794773427,0.012044592557589778,0.008227017406934475,-0.007832427270946915,1.0086756739873093
-0.003718193502113684,0.008486216905712666,0.001841110884658801,0.003919063207729664,0.014128896071090653,0.02585577817591863,0.001231873213184684,0.006634134559323494,0.005558758181922663,0.013200115763967447,1.023509795649921
0.0014142241337514235,0.03155573257528577,0.013761933121316943,0.03290624137796623,0.006271485359243725,0.012341899502805212,-0.010791496753403141,0.005653373930886237,0.005377800727556765,0.010830002219636651,1.0316237306798195
0.00693247453167131,0.020759402527852883,0.023705596895498192,0.028286484347436643,0.0008811405701044626,0.019203882295883733,-0.004377918940526908,0.010174347349391103,0.03276573204974231,0.004914465033981167,1.0322219633273493
0.006384192603145543,0.022411422491458,0.016013679278923786,0.023028472324052918,0.0015542047585861921,0.001222176891626306,-0.00785537425123408,0.01222157550582169,0.010280716041497707,0.009498582537520948,1.0247480304128431
0.012934712339285996,0.021011511853657086,0.029901011533957467,0.027779752328361024,0.017328116172658864,0.01452596298025656,0.020115310869511842,0.009657645406588559,0.03458621573535335,-0.00973058775273132,1.029114245509253
-0.01056697296410936,0.0061454771355004155,0.024844860656496735,0.020041651698201022,0.005876985505728604,0.02774656915878075,-0.0019590980638406977,0.00270436468313974,0.022104145294316126,0.01522353906131214,1.030146920749738
-0.014695974001671724,-0.004102206412268768,0.02084301454973393,0.012784505408672271,0.011011904383374217,0.01758474775371201,0.0042055722795159445,0.011970239789401383,0.007140185684340531,0.008212595731943276,1.0222619067040677
-0.009224932377443262,0.022611285811047818,0.024382442241848386,-0.002942835363666959,0.012057777626059588,0.011959534916930463,0.008071890399823011,-0.009245465069831291,-0.0035882207831887045,-0.0025723663531427715,1.0019900167437519
0.013552053416698321,0.036031758433726975,0.01849409199924111,0.028806461579784663,0.02671237484154188,0.027896857247983634,0.007275965266603548,0.014482055250577164,0.033637905022331833,0.029639579989265894,1.0578470166473084
0.017428671739485316,0.026485805794508037,0.024739854464458828,0.03294395011775849,0.013464000002324391,0.024962023759459252,-0.0001615950129535068,-0.005302427542883115,0.008901056196191717,0.019556927392817856,1.0396831602086751
0.003020164294540044,0.01651253030352294,0.025369119222678062,0.027227846791009393,-0.002127689419452102,0.03854021997721349,0.007204846655099604,0.005551422335051769,0.008204136266328507,0.003764413245323393,1.0306779022228676
0.002043375437719175,0.017056172779990195,0.02087399224307381,0.036396120491904146,0.004954438892952368,0.034357361753607485,0.021143954474541614,0.016073653382239567,0.011679829221655103,0.014997330202381835,1.045050003987146
0.00016422297442608702,0.023177978080244313,0.025388377593648988,0.0087645541000578,0.004746680841477177,0.01354983738648646,0.006938546169166421,-0.0007031866492569509,0.010122723053436351,0.0062457285321875725,1.0159027958948534
0.014175212835929818,0.029670654530453883,0.028829632773894685,0.015434335627706564,0.013618921405273375,0.019346396999956827,0.030335622841745933,0.011928186296697943,0.028414872475400324,0.02010565431016278,1.0388647946923253
-0.004064716705067695,0.01292373184644684,0.0016013061544244587,0.044951916424089314,0.014564550733514895,-0.0005487742331859551,0.013632247789317656,-0.0014402390101443752,0.01488974172562924,0.00235032666163094,1.0272508220550278
0.020482010490701613,0.02525706557350498,0.011503214578599714,0.0164435011151384,0.0006747831770123579,-0.002296889819915833,0.0059101858200737885,0.021601547782177374,0.02530901792908391,0.004196632755313934,1.0248534080533702
0.01246036497578103,0.032036761134902524,0.015235214418845571,0.01516040524119468,0.029473659920616853,0.03429585117919508,0.014858048561910822,0.004368501244772768,0.012981754139588028,0.007869062589561555,1.0371544643140858
0.006202109051620606,0.019126718600071407,0.018797088560654127,0.02953179419565728,0.017186766928897663,0.01707559360384464,0.0005167678285902585,0.010309483359891656,0.02379246646859861,0.020686561126819655,1.0429994786262118
0.0008483803410503313,0.02411998703023948,0.035881131747839315,0.04269010415097236,-0.0010895850581383662,0.015153390701734276,0.010487567617504306,0.008587541737215081,0.02283442411649264,0.020773009919457002,1.042470060861222
-0.01661248782277435,0.0264794141282043,0.011592672243422402,0.014162154963381012,0.001515926790560623,0.003934606885116279,0.014307976058496069,0.01912663137861438,0.018084913907070024,-0.001003238605990265,1.017320254379727
0.0026257757716488077,0.017435166993418835,0.003975687540307039,0.0021744086294618794,-0.003849338237976613,0.011111900235573745,0.006252840586416568,-0.007677127187197376,0.014371782160460471,0.02415507579896518,1.0151613363766265
0.0005813604571807754,0.04719094399030818,0.039539065221304175,0.04604288048476256,-0.00500235730228454,0.02430724347728199,0.020348057858769995,0.01683713146517471,0.027325705053411017,0.023750369663903592,1.0524756069670558
0.01684254476542678,0.03063108118167166,0.0284515938728079,0.024273128283423914,-0.00022895886463441574,0.014337318977851843,0.017181654451874962,0.017932273300195062,0.017640171242765044,0.020935767969348273,1.039238860612767
0.016450391104636794,0.04083125778192472,0.028237214848149682,0.05475420995800939,0.005981977791593194,0.02133007136730743,0.031786780296128386,0.01768136638441645,0.01916507228659307,0.025824011400753567,1.0600072854801
-0.003553786207906199,0.01525663180194239,0.0026843744728630384,-0.001828187864341458,-0.0006015063695166654,0.017917738224220235,0.013532854043387513,0.015656424071283974,0.01115169152464995,0.011359079947497372,1.017824864557433
0.01836910175855585,0.007921907712594427,0.0026358256369400333,0.023373050189509116,-0.003055162276531508,0.005363563227828729,0.009914402930201151,0.008255616102594765,0.016080213782156304,0.00904397053158456,1.0234393799308819
0.030205523234471496,0.032022789066174145,0.01727594846618307,0.030780515722799957,0.002514210544340671,0.018627460202825543,0.006087817956658053,-0.005182808348558811,0.020208140953123163,0.012736097064022213,1.0333222944522193
0.012295324297802075,0.005995404807608502,0.020985812348360618,0.02809641711473036,0.01972140196254987,0.011913428345334388,0.0024851433401449543,0.02793167978105561,0.013224758035960536,0.0044665798638365475,1.039080526530015
0.019682164203770773,0.039734688760005986,0.023689201115249116,0.038989447337410055,0.015778086049262945,0.016142810132908733,0.006838200536092794,0.022521414932198128,0.0254260544386389,0.023664232318894286,1.0561387335529773
0.0029956717928210502,0.0007144250324965691,0.01627738333443944,0.023781946193708253,0.01521637059025896,0.01278931440777149,0.010515881296214356,0.0030300382755011172,0.027676417229930417,0.010952422736557972,1.0295670928831087
-0.0025941030159232666,0.028476359967052327,0.00928880109278523,-0.0024848448142606207,0.02457444273517587,0.005353744514482605,0.006096951377050769,-0.0003726630167610878,0.009187631270505805,-0.01837308130468374,1.0020390557675194
0.002925073755884704,0.047217497494608976,0.03387018881121095,0.04901273659846775,0.004120748094033493,0.02604845326297668,0.014026047566770467,0.018153411821504224,0.02353529380252289,0.008012391882119357,1.0497903272136868
0.001777587344308969,0.025163415358972926,0.021528331112583333,0.010460162891373189,-0.007667104388625019,0.018236516871851682,0.00364461171560624,0.004614745519318409,-0.0009635536577278711,0.027248791589004687,1.0254192361267858
0.016686744861786968,0.04066760708982502,0.014385203021949292,0.02731314735811282,0.015238332445130044,0.015168538283553112,-0.0001504377045979527,0.027156018659476165,0.007166824396389812,0.013416328644391372,1.044651611194859
0.007963109052691868,0.030558663166372256,0.029518323117873016,0.019639333426598203,0.010775531197077082,0.0024518376243929767,0.015767610415096882,0.014123900936057285,0.025892158986455627,0.012567176084249404,1.0312839095760504
0.009093810635529404,0.030994930244360598,0.020029578842924212,0.04793202423567223,0.028664186298584853,0.024320952806828385,0.012765767734767081,0.01725386643405675,0.017257332080511303,0.0015413386631935398,1.0508893391581846
0.01806083987880189,0.015076680825221012,0.01270805294998996,0.02279910946386933,0.02374999526065033,0.017066008928481674,0.00017209101240232795,0.010149628624149747,0.0033599012226408244,0.019225657111976765,1.0396179896386106
0.002119931859494157,0.024301934570498968,0.020848294477429672,0.020016033266457792,0.01837840396543078,0.028958393091480697,0.014595919776446385,0.025199243368200338,0.014669643647530414,0.027230017237012665,1.0502032466398958
0.021180067948553774,0.015237758429489063,0.008692329896871569,0.03526803702353665,0.01605204027454257,0.031193306705931914,0.004299896198479154,0.02059950326291279,0.002486964369040374,0.002972918534905589,1.043703172314174
0.006723906571973448,0.03616524256845978,0.05840881194028699,0.04028115647070058,0.03152051214230498,0.04098777038197423,0.0021913728355735292,0.03785264006724804,0.029010152535147046,0.01898758147144506,1.0723068148833574
-0.012837784498310904,0.009444800044852774,0.009698654962164611,0.02563585277226845,0.0017732143294723985,0.0033155065583580032,0.00579154048497844,-0.01813670218830396,-0.006473437874728677,-0.0005437056732455481,1.0046648908261602
0.011726682583970686,0.021780063520661606,0.015200967938574993,0.005013522545020556,-0.0027678685689796687,0.014566493068640891,0.0028060196032614346,0.002817531541684952,0.0055831378654054645,0.00668463395008002,1.0143083341260235
0.005713720601189534,0.017437112207339,0.02722369662180876,0.008914224885868752,0.01569411608548483,0.007207234434833988,0.0041376729050413685,0.0002167181620247021,0.0055044788330742694,0.017764384825088925,1.0228399986999372
0.010016875108886278,0.02836301512958498,0.011948715335840738,0.03036695489196471,0.02333761173429654,0.011837008462780673,0.005663875020065126,0.03260874284858714,0.002798295558184491,0.02100427422403518,1.0507065484660498
0.0066370553909042155,0.019743730582140864,0.03218624822805284,0.03417893352263299,0.028675372190148814,0.021998298518834145,0.009276547664246893,0.009750642413790488,0.03034260871775025,0.023016046246925888,1.0520640338635805
0.023117223225840592,0.01848172118897905,0.04470782099534401,0.02159332104596007,0.03750206203280348,0.034207891906688985,-0.011754496148040198,0.02577896941283727,0.036065310178189564,0.01343949913633526,1.0573852117973432
0.006846693205355494,0.030947958113576163,0.01933443737606305,0.02835367651525512,0.004129627504911769,0.01429958367602683,0.012074245741928506,0.01214627289597635,0.0230757058198109,0.04050967323929244,1.0486929591910847
-0.001045905239620364,0.0014863759782240658,0.02308404585505408,0.031997951533435876,0.011759811181832537,-0.008249272969903281,0.006793534179215087,0.03396025437316243,0.027589399547946827,0.021527189721549024,1.0425707641105582
0.020578260109860073,0.02575563399144761,0.02404790646251298,0.02713149514435206,0.026996103667142356,0.03195633350629318,0.002748902313696019,0.02517402352442561,0.022628071187522726,0.0002936807951896322,1.0475324250836306
0.010530062536317528,0.02978390163036597,0.0068559887754331625,0.019307702427993012,0.017887092674643217,0.01864483698245127,0.005601245050714558,0.005269131203475089,-0.002556966178855334,0.036107737959231945,1.0422456096527906
0.007580811704118444,0.0227525298438497,0.028482905559748813,0.0164014183335309,0.023397467122882855,0.0167395071210992,0.014627414216847882,0.03419044004755029,0.021785474709001662,0.019092889743650813,1.0474963917053053
0.0020569255481549566,0.01392704529517038,0.022610826868198153,0.028984064930638955,0.013327265506036284,0.024661030263702553,0.013308070483554119,0.028733260028050062,0.03620405530268381,0.008741961688721864,1.0458459003250655
0.030354927269673128,0.04753473425965295,0.047006908067275296,0.018299347170824036,-0.0029646094949414142,0.03184923715501985,0.0173449140761462,0.024538847723937652,0.029178200183976336,-0.007263022452530311,1.0350156431040736
-0.02374809734912166,0.016824638858051497,0.0073788011882401725,-0.0010866587795775873,0.01807178814129728,0.0024716663379829723,0.0029765435464013334,0.011567371931736037,0.022956263223358916,-0.0071570140234794785,1.0079763112717393
0.006758743207734259,-0.0032437234046149774,0.010201605292297515,0.0038451428678508287,0.004418787140040544,0.016149259877190812,0.006112766044835377,0.009197113838415486,0.016601248689926067,0.014753573702643071,1.0212275315684929
0.005220632950138825,0.01976818698573395,0.03522898223909474,0.014881488121677548,-0.005172722003855362,-0.006901329706063986,0.01803312529759329,0.018419237448722516,0.005225294393119941,0.0061144622132864035,1.0167506547987653
0.016344380010051677,0.013770418096091327,0.0006703566968029925,0.023906134694445483,0.029680878143058087,0.0007804702191070642,-0.005926400167945173,0.009767623993344268,0.01898765222186021,0.009619095890427117,1.0334210641165746
-0.0009623476105445616,0.024381421746933345,0.0288884780870682,0.019395756497937323,0.020039401627649805,-0.0010960720308207366,0.02336907000845615,-0.002785897764030215,0.029197599209145393,0.00917366348306964,1.023486976877499
0.015246927270735962,0.003238263393009817,0.011168911359422481,0.0015481385362799104,-0.009012906705021202,0.006048068032938937,0.016605717109981863,-0.013861383874821567,0.024314741680087792,0.005612602101901837,1.002322382543956
0.018672002862202886,0.027564824561073627,0.0039591136649577766,0.018651863909411356,0.01255425564893256,0.012364987446921251,0.004122287716096634,0.023898730171372617,0.03251242955405407,0.009499568006411168,1.037792970578483
0.025103315352758355,0.02042466341098933,0.013954558505023897,0.025178444029192573,0.03249036089833924,-0.0020107814051017053,0.022571385833924575,0.019691158685209837,0.01658636091911426,0.026583840226423863,1.0471967723490294
-0.012607376257571192,0.013944961702533175,0.006013506660895108,0.0372005765808641,0.015950320329348976,0.006369190072072489,-0.014363487582172818,0.016728765195266976,0.007801135519136708,0.02387633286268723,1.042102970520319
-0.0025038318445158875,0.009765761639381969,0.019232939247308057,0.006934394256500248,0.011036472124755144,0.015450752962616566,0.0241903290728964,0.01361524835917977,0.02458986773154251,0.012270277532480254,1.0258022351842269
0.005832932526523522,0.01969463453908942,-0.003255085314575322,0.00619201163829484,0.015233737393498155,0.008978985021726421,0.000747011151353786,0.002433593350389642,0.01947604969178826,0.010041276252908578,1.0200950734887366
-0.01890333178373514,0.010139369904236684,0.0062927387457354204,0.01462865114043713,0.008590413574115236,0.007570707567963884,-0.007381640880191571,0.019412181556767657,0.023889707790102466,0.0011541030423626829,1.0210740685374953
0.016842108901343036,0.02093528991468938,0.024183162771481494,0.03839098995347556,0.0032091440055194882,0.03693279016980242,0.021275899718777094,0.03012974679800825,0.03371986346570997,0.015054718622600882,1.0563651823953393
0.01166616696746904,0.031016293139726262,0.03687248616972923,0.036594520897093245,0.019565957657801752,-0.008668362147384662,0.017848208097074266,0.03632371942604376,0.008188140095404183,0.018696365877208004,1.048195839852375
0.01992164967744512,0.011471980944651393,0.010062147007858388,0.041754717551463254,0.004002064731244841,-0.0025036189005280714,0.011754090677453033,0.004793432542889081,0.027250285426071892,-0.006859235190937039,1.024569805320148
0.02295202466766259,0.015441599359020406,0.01333391204086909,0.03680313464958836,0.012745944583073451,0.021260951932529616,0.0063931378554029,0.03108432199864079,0.011507273310123012,0.010548105960937198,1.049423568741896
0.0017421481759829034,0.019915260393713302,-0.00666176026717755,0.013457895101269324,0.019112768243610887,0.011883342065682702,0.018176675409585587,0.010048540756501476,0.007024773765676883,0.010280474286492846,1.0262202818663786
0.009414884729025172,0.02640406605982626,0.031094465760448536,0.012838791809267523,-0.014365202162796428,0.021281786361740423,0.0026316086144518285,0.01335442401379481,0.016716268985795618,0.006890859689268866,1.022516569340011
-0.002381937500974083,0.01240287828922049,0.01233121441932746,0.013824703889782445,0.005050222502077486,0.0037200307869941288,-0.0030873761943986996,0.01992572441849407,0.020641619675383315,0.02556888879449406,1.0321749146621928
0.02174832764644517,0.04228374670873289,0.04370912425744014,0.013811331175781448,0.009709316138432747,0.008854356878266193,0.013343257240538602,0.02923783129524617,0.011424209652757786,0.019310586888035334,1.0405641359738058
-0.002288307857748053,0.06679675862985285,0.04542198561113542,0.032804651948596074,0.028548049725849883,0.03134514659591792,0.010786138413519731,0.017940848201926263,0.024913166220512394,0.022291250086680117,1.0593672417283526
0.009910912522245977,0.03019577204818126,0.01608482429796321,0.004904462458019128,0.006416599620099949,0.016997080455441044,0.001229293808292026,0.030589208702956904,0.018781268431100034,-0.00975969644504416,1.0225413454488341
0.014244763617354713,0.04444481295411452,0.005240608005096518,0.023758398369162638,0.02373489965196609,0.015881407129442367,0.010254628493874632,0.0235322189888568,0.015258857481816386,0.014138979929295662,1.0452556743275518
0.02237414885826293,0.024144164370317404,0.028197720656250702,0.05354328926047017,0.01943257751003257,0.03571370747874473,0.03338214338210799,0.03030793041571896,0.01860942880477051,0.018950822417879418,1.068680875758548
0.01551013656722552,0.04541152171551853,0.014344494310529768,0.03903835980566571,0.017239114090817704,0.022462667020269604,0.00443042626179093,0.015541477232998552,0.021228963479061617,0.0045597119226123434,1.0459544910637073
0.012238217675218264,0.01733811169442544,0.008327587667314996,0.018053712685677237,0.022225376667867346,0.02210918696170247,0.0005851925876709883,0.0019639960167827297,0.008384333472511265,0.01771544459795513,1.034632466638917
0.024687294048808584,0.0378985147250645,0.030320908532327516,0.03952420754015742,0.02174160416318701,0.03247837136518098,0.00829304692241699,0.015711466619247737,0.04333392974089962,0.009322974196048169,1.0564252058434096
0.01980845102822881,0.02888105760646627,0.03262137128590686,0.012709882147146176,0.025354671013301994,0.007914618744804728,0.010926441388771309,0.026152010493955394,0.02021162442205715,0.028378749877731257,1.0469467022734664
0.0011666450645655265,0.036093587631277915,0.021404923144698426,0.03882024437710614,0.016282028034025314,0.02047142135703453,0.008858383566141116,0.020171061997891888,0.01894251369174269,0.026484787605701922,1.0546452915853177
0.015935133814350782,0.02805209157037989,0.0187850163269178,0.02313927041745454,0.012759693641965476,0.01859593492128054,0.0057555621499332695,0.02146117617107881,0.017244647089171217,0.028666022999102782,1.0483262354665979
0.014751970384912496,0.00813674373193279,0.011489638077058207,0.030566412981732356,0.024028187430872712,0.030509464973375276,0.014385516913654108,0.02756706273344799,0.012186760726905959,0.01881209445304411,1.0536986564032778
0.0024596572960197357,0.010997599296585062,0.01721493261267847,0.031585851591760465,0.014273472103154524,0.014392983858635008,0.012810654384659765,0.0013752151143106468,0.007656671118463276,-0.0017061502980717132,1.0250632839582359
0.0002835531944381624,0.025293006153768855,0.021845412258505656,0.028416431987287136,0.011491844853999955,0.01488128478623248,0.021692305477531572,0.02282168759606161,0.010714868924348775,0.0161594208630923,1.0408965684993143
0.012747480712632465,0.01952057661110021,0.031224996068692428,0.03253488011589576,0.01911951668207247,0.02347055836400089,0.024913291470694744,0.018061666497461038,0.011037604809411185,0.0216210838387029,1.0497149317353154
-0.0004548203580207596,0.018648775416526275,0.011915520590543401,0.023169116995197702,-0.0013749942803472515,0.006626954599235709,-0.007285735866905856,0.019691784418791936,0.005145219882247316,0.004208047330693909,1.0241072656415346
0.005158690415033324,0.04012385633008074,0.042856184158047254,0.022578790719267203,-0.0017691895541577674,0.0015794312355029705,0.01976868354818899,0.008065281776167587,0.01506126631575799,0.008884955671696098,1.0241115958172606
-8.856342877214436e-05,0.022161441509434776,0.013816969687760559,0.017801652963765267,0.010339182280919873,0.008562332147852448,-0.0014233440284187847,-0.0034318884810074606,0.008097564032912006,-0.008666071221075418,1.011391221460361
0.014783081821481064,0.02824805766924761,0.04995663695117947,0.03553819599748928,-0.0066375012829348115,0.010339259237375109,0.00470923161774311,0.02427612996378847,0.033489182038976606,0.0317252138684585,1.051051306821771
0.014136940521842526,0.025687762414699566,0.022847497278880833,0.024507586130184562,0.0012262166588211721,-0.001180638468879485,-0.006199012889032334,-0.01788321277107397,0.004784714964964385,0.006518625808102998,1.0123761731126533
0.018139277778657134,0.03755103064126099,0.02985079334337573,0.041637644167524725,0.03389814632209797,0.038869640515875825,0.012572276359005709,0.03145061740742355,0.037945569798999074,0.01605692156577914,1.0706269247236777
0.008139324865625791,0.03466884167279309,0.03348685435005787,0.008419783116929657,0.03419441348150879,0.02062724678826677,-0.004122088707406272,0.007980240952527485,0.0035902740263675827,0.01507385372867638,1.0355009826354789
0.016800608326772156,0.024942674242195498,0.02425618402638092,0.020593770917522798,0.015036105613572555,0.0264638034365675,0.012103556274575707,0.003135135864507945,0.002487753309176789,0.00039014184111636936,1.0280252437607948
0.00186461469571466,0.015763189585602407,0.0033858930185177672,0.023050167867659725,0.009464345748050974,-0.006571082491957637,-0.0021337570829912935,0.012831660781683142,-0.01051262788414007,0.009567457716930385,1.0210352956085056
0.006176843369967796,0.044569249723139345,0.012649392330886747,0.03815368306714139,0.006112650366197434,0.01056848907943471,-0.0036382703334318506,-0.012256179072969626,0.014914180113740908,0.01893847218699565,1.0329859467705267
0.01603392767376422,0.023047159015986893,0.02464195574190601,0.026560245997589795,0.0018993978007081167,0.022688313404070716,0.003680013825417004,0.006531050650256253,0.012494645864377157,0.040871235851552404,1.0472920616451542
0.018289768321929578,0.04285903367656019,0.04000715714566755,0.02766563070674435,0.03237473279965867,0.029854197331395372,0.02236360047476053,0.026352255886339902,0.03733842310705014,0.017635355739654017,1.060457457910028
0.010121086725502512,0.018619719764336486,0.021021358416804123,0.043710181964242575,0.007829586228936827,0.023738439852130918,-0.010064617728904032,0.0317461242169944,0.008524166360350563,0.02736082175865341,1.0589092337465669
0.017745094075407048,0.02471153174536949,0.04507434834773899,0.04121177702835742,0.011453933992884848,0.010616682645397602,0.005176147275365459,-0.0063198310710174226,0.016098911332002593,-0.0006677765275990254,1.0298155286943078
-0.0035813773144727674,0.010183558674557152,0.0282449630955537,0.020436730301656603,0.05453615842318088,0.03508688381360201,0.012472837960691537,0.021941126813974005,0.02248733992049636,0.01283224590990537,1.0542065943204928
0.0073692634898096755,0.019413229743623327,0.004130613386627702,0.02652336316750486,0.0005886014816757351,0.0022057996351480032,0.003907652529861486,0.012573576268670898,0.00699066908430734,0.007706216450412999,1.0246312408494358
0.009951794387088845,0.014250150455874116,0.004408742360488472,-0.009004505004952038,0.003908331391741139,0.017470226195555872,-0.0025588318014210416,0.01769259637365527,-0.00925758347507628,-0.004526262154643282,1.0083468655840984
0.028565179301809837,0.030459507056863136,0.009854261174391754,-0.001056814744280949,0.014604807562817556,0.020158494233691197,0.0013363834703218752,0.005689016217546968,0.013293363792572909,0.017239685520972534,1.0278754585401635
0.009597472054106451,0.03371535053860292,0.026621043077750556,0.029680192919543567,0.0059214415894983125,0.01997579635793967,0.007499830750127398,0.011726576232579881,0.011810650499875255,0.011261035180662706,1.0369944916072305
0.049738547318991036,0.050655537277199715,0.01857660892687805,0.0337551668400677,0.0022899886364698436,0.02533036711033868,0.0179495945380224,0.0202083520333094,0.01629568698133802,0.015225781001246611,1.0507378830021044
0.009513097757072427,0.01219577588640853,0.020130138744403652,0.0038394558365692708,0.01422908265254183,0.015107386164202416,-0.004143760056470462,0.006661737540004595,0.011483330977274985,0.012333448756966682,1.0230095117129567
0.0034384307323584024,0.028765679100822852,0.021759137353758163,0.03686190121923068,0.02545704117661246,0.033786327960180156,0.02823334632955796,0.016192873697615663,0.02292016241489979,0.010793538988685614,1.051493695155614
0.017929289803822045,0.023395690051261603,0.028102410959186107,0.017048405039026316,-0.009680948148040908,0.011374523712084845,0.003170965889199509,0.002924985091476845,0.010915058497194452,0.009682821142361986,1.0201198899926718
0.017489870143686328,0.026239447768365006,0.02407043334999612,0.013632978896947534,0.021363492962421758,0.02219893462497395,0.014271867939429392,0.009162074370344376,0.016369953551953243,0.0064745484741111445,1.0324006380103288
-0.00038866122725557395,0.028479242168043657,0.012414987986224769,0.021175896199462134,0.006474143641630305,0.011995215985191886,-0.0003334073452923945,-0.014671159001254255,0.006295690909334482,0.017116585170107425,1.0209579418976924
0.0263941187902054,0.025043367115294677,0.03218804178088104,0.020354767722979714,0.011615159959726873,0.03547754276347295,0.015157105796238085,0.021894433824436958,0.03250187350698781,0.017969096473017566,1.0500537234005762
0.017818356987726037,0.02448055896044194,0.029548044424709635,0.03582488048647855,0.02899119568694615,0.024970469591383902,0.009831954884299412,0.02031624180387658,0.03786442396515834,0.01341445949518696,1.055770040268548
0.00823229024148064,0.006374150733375281,-0.002872228905801348,-0.00201154536974635,0.008790552227174252,0.00945652034250894,0.0029060725244790912,0.02060100687093957,0.007169481333397662,-0.002907008157186128,1.0132291320150115
0.017092216241703664,0.03700933994721206,0.015660712804342367,0.011675564297115247,0.002630967009102414,0.003908416512696312,-0.0010751161838437485,0.009323582742675113,0.004096250875374576,0.0049512867879590045,1.019034984912358
0.006929376102528462,0.056104688277201296,0.056217764946329726,0.027775089665138843,0.014047823490853147,0.027079314795498244,0.015520083234848091,0.014829372473392319,0.027998422304709874,0.021976628307750972,1.0510995823491753
0.015094945608488597,0.03498617849967582,0.024706956649642293,-0.0015920287975881332,-0.0042218806601924085,0.008657629305097853,0.002442150084374993,0.020701515946094744,0.027656619266541345,0.015896441191432135,1.0246080587340536
-0.00513100077689134,0.011915814821143948,0.021226229865683045,0.021461726963029604,0.0022051516037387194,-0.0017587871330647844,0.001247345008198683,0.004848970096864044,-0.010215812210158538,0.014501488984151316,1.0183678058886232
0.00820588308446885,0.005289405367322138,0.004352352794180305,0.019099159229241526,0.028701385454271724,0.006092787341257671,0.024792863192091927,0.0002110542142784652,0.011703991811822568,0.018110023953944936,1.030249012439898
0.009838849953187359,0.025466456411949386,0.017584656047883757,-0.002105108075924466,0.013801283518454272,0.016259625672261573,-0.001228515307488247,0.01928082910729025,0.011935284348441865,0.02168955685797288,1.0308083957436203
0.011763535285695674,0.03200664912618167,0.036025936833066236,0.025198865778403124,0.01339979371072278,0.03884438594751634,0.008429230045717502,0.02596049454793169,0.028245720425863433,0.019455259111783325,1.0545678301035506
0.017254928627066787,0.0266726546266543,0.024005600675682522,0.014053065162445581,0.01238479960528184,0.03462892182295496,0.011173407735402298,0.013853214868525183,0.009046571261330233,0.0018997978312003203,1.032535835932977
0.005370924722847383,0.004255087137041903,0.006382557140873653,-0.0007303945592529379,0.019227211372955744,-0.0015178818391373625,-0.0017580295101909931,0.02528952007042718,-0.00177561091942007,0.002648788665322378,1.0167643481476127
0.013192407193072853,0.022534129656598158,0.01211714116570562,0.041458323199701344,-0.004967312021767605,0.00966131336721564,0.011756768482042566,0.009047710026524948,0.006433356276323967,0.003837403958876495,1.0298887164774728
0.013352867844466569,0.028104323619000244,0.017762938510929017,0.026000487843009446,0.0052367754847663355,0.025672435901318565,0.013438193531813768,0.013686540675477775,0.03004751299257913,0.014317674873455779,1.040861757229707
0.012459522751022587,0.018047578590310902,0.015579307554141714,0.020633481019247477,0.007999676506242538,0.008063374375953404,0.03229201309610594,-0.0021681852496350986,-0.0016485672276888227,-0.011566606461547137,1.0106501853545664
0.018660326431552052,0.012741105774278998,-0.005083959929528779,0.013070011056489125,-0.0005343264966375036,0.0217851973813544,-0.01003205219628964,0.011661624825383615,-0.0042048856998785755,0.013070213758793706,1.025715348761026
0.011153956829600103,0.020134718343207247,0.03290742984576655,0.017787985245107336,0.013436683657447032,0.023838987249659195,0.00504863753039047,-0.006208390641019079,0.015223369681669817,0.014430543184062852,1.0293797580202801
0.0067025590975465146,0.010976160509416289,0.012961785159099504,0.016432123327635467,0.01033243836046688,0.02146949854668579,0.0005276117796705251,0.01013246739996479,0.0038106594763150144,0.006001364680991821,1.0262377610412812
0.016577270131151414,0.02250014515439015,0.0232005583638652,0.02003023124800052,0.030326028300147304,0.02111434194861973,0.003339299209724901,0.04205948465516733,0.030373376477751776,0.021402349762361036,1.0586264376273393
0.030630055315433696,0.01745555336182761,0.005995260561996096,0.02252937125827318,0.017928014087431006,0.023031077203397303,0.01095387149646327,0.005255475773146904,0.04004924792219597,0.012096040716590586,1.0399792798198886
-0.004028746137479356,0.010453139006616997,-0.0013555884807285173,0.011165913202971282,-0.006384888996215474,-0.000515738625016934,-0.003002886402774751,0.011610358328288991,0.0032694152191950817,0.009704291727244317,1.012793105214843
0.03501450639842202,0.01661952298120748,-0.006689004961368258,-0.0007482217690507158,0.010645300200964677,0.019852168798158387,0.009677366288576657,0.013683571969194945,0.01726627490405058,0.0049295728318309315,1.0235234389614047
0.018333747447604628,0.037684233585821174,0.02204097109392645,0.0358835378912471,0.024331447743399924,0.0212486816022458,-0.0023897036712721247,0.01589250184643399,0.0260032785347535,0.008757577174863402,1.0489784633827486
0.007923320726644893,0.01724357132982876,0.009022679049863761,0.020437617531971677,0.008558449339137141,0.010821305716371766,0.028562607197345585,0.010725570213692324,0.018024766838377636,0.015941945205340317,1.0311053661625276
